#Number of options
30

#Assortments data
1 8 23 20 21
0.18 0.05 0.31 0.43 0.04
23 27 20 16 24
0.2 0.11 0.28 0.18 0.23
14 13 7 29 16
0.27 0.15 0.11 0.26 0.22
16 12 2 21 24
0.11 0.59 0.14 0.02 0.14
24 23 2 8 18
0.33 0.29 0.32 0.05 0.01
5 16 26 8 21
0.17 0.45 0.23 0.08 0.07
22 15 5 2 25
0.16 0.48 0.06 0.19 0.12
11 12 19 20 10
0.12 0.6 0.08 0.18 0.03
12 25 13 0 28
0.43 0.06 0.06 0.17 0.28
11 3 4 6 8
0.35 0.24 0.27 0.07 0.06
2 27 7 10 21
0.46 0.22 0.19 0.08 0.05
23 13 10 29 28
0.17 0.1 0.03 0.18 0.51
12 4 27 5 3
0.67 0.11 0.08 0.05 0.09
23 20 1 10 13
0.26 0.37 0.15 0.05 0.16
29 12 22 21 11
0.14 0.6 0.12 0.02 0.12
10 11 23 5 21
0.07 0.37 0.38 0.13 0.05
19 4 2 28 26
0.1 0.13 0.19 0.51 0.08
4 9 24 15 11
0.12 0.1 0.18 0.44 0.16
8 24 4 28 20
0.03 0.18 0.12 0.46 0.22
25 24 2 7 9
0.17 0.29 0.28 0.11 0.15
