#Number of options
30

#Assortments data
0 11 9 15 14
0.16 0.18 0.38 0.15 0.13
8 5 14 28 26
0.12 0.1 0.18 0.23 0.37
6 26 7 22 23
0.1 0.25 0.2 0.37 0.08
2 24 14 28 11
0.24 0.28 0.13 0.17 0.18
21 27 18 24 0
0.13 0.17 0.06 0.42 0.23
6 3 18 17 13
0.13 0.21 0.05 0.23 0.38
27 12 2 26 22
0.09 0.18 0.2 0.21 0.31
11 14 16 10 7
0.23 0.17 0.18 0.14 0.28
14 2 26 17 4
0.09 0.16 0.18 0.13 0.44
13 17 19 11 9
0.25 0.15 0.18 0.14 0.28
2 26 15 14 4
0.17 0.19 0.1 0.09 0.45
21 14 9 29 20
0.07 0.1 0.29 0.48 0.06
2 0 21 14 13
0.26 0.17 0.09 0.14 0.34
6 23 18 26 10
0.18 0.14 0.07 0.43 0.18
23 2 27 9 22
0.07 0.2 0.1 0.31 0.32
13 6 20 27 15
0.42 0.14 0.1 0.15 0.19
9 7 12 2 14
0.31 0.18 0.19 0.21 0.11
5 17 15 7 18
0.11 0.29 0.22 0.32 0.06
27 2 17 1 11
0.14 0.29 0.23 0.13 0.22
26 25 20 28 9
0.23 0.24 0.07 0.15 0.32
14 5 19 2 4
0.1 0.05 0.18 0.18 0.49
15 8 3 9 19
0.14 0.08 0.18 0.36 0.23
17 6 16 3 7
0.23 0.13 0.17 0.21 0.26
1 4 2 7 29
0.06 0.36 0.13 0.12 0.33
24 23 3 19 12
0.28 0.08 0.18 0.23 0.23
12 27 15 28 6
0.3 0.15 0.19 0.22 0.14
4 27 1 22 18
0.5 0.09 0.08 0.3 0.03
14 3 17 16 19
0.15 0.2 0.22 0.16 0.27
17 19 25 0 15
0.19 0.24 0.27 0.16 0.14
20 0 5 2 25
0.09 0.19 0.09 0.3 0.33
10 7 28 3 25
0.12 0.23 0.18 0.19 0.29
16 6 26 4 13
0.09 0.07 0.18 0.44 0.22
1 25 24 17 15
0.11 0.27 0.28 0.19 0.14
28 9 10 13 14
0.15 0.33 0.1 0.29 0.12
16 17 10 2 20
0.18 0.25 0.15 0.32 0.1
12 6 28 24 16
0.25 0.12 0.18 0.31 0.15
1 19 9 23 20
0.12 0.27 0.42 0.1 0.09
5 19 29 2 22
0.05 0.15 0.39 0.16 0.25
18 29 20 5 2
0.04 0.58 0.07 0.07 0.24
5 12 0 18 13
0.09 0.28 0.19 0.05 0.39
12 2 9 22 4
0.12 0.13 0.2 0.21 0.35
8 23 29 4 7
0.05 0.05 0.37 0.4 0.13
26 9 10 2 0
0.23 0.32 0.1 0.21 0.14
12 8 16 9 3
0.23 0.08 0.14 0.37 0.18
15 3 27 21 6
0.23 0.28 0.18 0.14 0.17
13 17 3 12 0
0.3 0.18 0.17 0.21 0.14
13 0 20 19 14
0.35 0.17 0.08 0.26 0.14
16 15 2 17 11
0.16 0.16 0.27 0.21 0.2
29 26 10 11 25
0.42 0.18 0.08 0.13 0.19
8 28 24 10 18
0.12 0.24 0.41 0.16 0.06
