#Number of options
30

#Assortments data
28 14 1 12 20
0.2 0.15 0.11 0.2 0.34
9 16 12 8 15
0.15 0.17 0.12 0.16 0.4
13 18 21 7 12
0.55 0.06 0.11 0.1 0.18
21 9 12 4 25
0.08 0.16 0.13 0.45 0.18
26 25 21 28 22
0.56 0.15 0.07 0.12 0.1
14 13 12 0 2
0.08 0.35 0.11 0.31 0.15
11 17 26 14 5
0.05 0.34 0.49 0.07 0.05
27 11 15 14 10
0.61 0.03 0.21 0.05 0.1
28 3 6 14 0
0.13 0.13 0.27 0.1 0.37
23 22 8 19 27
0.1 0.06 0.09 0.08 0.67
22 4 14 7 15
0.1 0.39 0.08 0.07 0.36
16 11 21 8 4
0.19 0.07 0.09 0.18 0.48
5 14 25 13 16
0.07 0.1 0.19 0.45 0.19
20 11 9 24 4
0.17 0.05 0.12 0.3 0.35
0 16 22 7 29
0.36 0.17 0.12 0.08 0.28
20 15 9 26 12
0.14 0.27 0.1 0.4 0.08
10 1 5 24 26
0.15 0.05 0.05 0.29 0.47
26 16 25 9 18
0.53 0.15 0.15 0.13 0.04
24 15 10 14 2
0.3 0.33 0.16 0.07 0.14
29 23 0 11 27
0.13 0.09 0.17 0.03 0.58
