#Number of options
30

#Assortments data
8 29 9 24 13
0.3 0.14 0.16 0.1 0.3
21 2 1 13 6
0.04 0.26 0.07 0.31 0.32
16 15 13 5 28
0.16 0.27 0.46 0.05 0.07
5 3 1 15 29
0.06 0.2 0.13 0.34 0.27
20 11 26 19 27
0.09 0.1 0.46 0.16 0.19
10 12 2 18 13
0.19 0.08 0.32 0.04 0.37
17 28 15 21 4
0.45 0.05 0.2 0.05 0.25
9 25 5 10 15
0.24 0.22 0.05 0.23 0.25
12 17 18 16 11
0.1 0.56 0.05 0.15 0.14
17 5 3 19 12
0.52 0.04 0.13 0.21 0.09
23 3 28 0 1
0.16 0.22 0.09 0.37 0.15
12 21 28 3 6
0.12 0.08 0.07 0.18 0.55
9 12 14 24 8
0.24 0.1 0.06 0.16 0.44
19 17 5 7 20
0.22 0.55 0.04 0.06 0.13
17 8 19 20 2
0.32 0.25 0.13 0.08 0.22
1 18 5 9 22
0.18 0.09 0.09 0.43 0.22
26 15 12 13 25
0.4 0.15 0.06 0.26 0.13
25 7 23 8 14
0.25 0.07 0.12 0.5 0.07
9 19 22 14 15
0.26 0.26 0.13 0.07 0.28
8 22 9 27 10
0.34 0.09 0.18 0.22 0.18
