#Number of options
30

#Assortments data
23 24 20 17 1
0.09 0.2 0.07 0.37 0.27
19 29 24 17 0
0.21 0.38 0.11 0.21 0.08
17 14 21 5 22
0.37 0.14 0.1 0.08 0.31
3 4 29 17 27
0.12 0.33 0.33 0.18 0.04
1 8 0 19 28
0.26 0.14 0.15 0.37 0.08
28 3 18 8 17
0.09 0.28 0.07 0.16 0.4
21 18 15 23 11
0.15 0.09 0.17 0.14 0.45
26 3 27 20 13
0.31 0.25 0.09 0.07 0.28
5 27 26 2 25
0.04 0.04 0.14 0.47 0.32
24 25 14 19 17
0.11 0.4 0.08 0.21 0.2
25 13 18 10 0
0.47 0.18 0.04 0.21 0.1
19 18 9 1 22
0.23 0.04 0.39 0.16 0.19
14 8 13 6 27
0.19 0.19 0.36 0.14 0.12
26 10 17 9 24
0.17 0.18 0.2 0.35 0.11
20 2 19 10 6
0.03 0.55 0.19 0.17 0.06
20 25 21 12 29
0.04 0.4 0.05 0.14 0.37
25 14 15 18 2
0.35 0.07 0.05 0.03 0.51
20 11 21 24 13
0.07 0.31 0.1 0.22 0.3
3 18 17 25 22
0.15 0.03 0.21 0.43 0.18
21 5 10 28 9
0.08 0.07 0.26 0.07 0.52
6 12 17 22 16
0.09 0.21 0.31 0.27 0.12
18 25 9 0 17
0.03 0.38 0.33 0.08 0.19
6 13 15 19 27
0.11 0.29 0.11 0.39 0.1
3 28 16 19 26
0.22 0.07 0.12 0.32 0.27
21 22 15 11 3
0.09 0.29 0.1 0.27 0.24
8 5 10 29 7
0.1 0.06 0.23 0.48 0.12
8 27 21 2 20
0.1 0.06 0.07 0.73 0.04
16 3 15 24 19
0.13 0.23 0.1 0.19 0.35
2 5 26 19 21
0.55 0.04 0.16 0.19 0.05
12 21 22 9 27
0.18 0.07 0.22 0.46 0.07
7 3 22 5 20
0.2 0.28 0.35 0.09 0.07
14 21 2 4 13
0.06 0.04 0.47 0.3 0.12
18 10 25 0 17
0.04 0.2 0.45 0.09 0.22
19 27 28 4 5
0.29 0.07 0.06 0.52 0.06
5 15 26 25 28
0.06 0.08 0.24 0.56 0.06
14 21 26 9 19
0.09 0.06 0.2 0.41 0.24
3 20 24 16 19
0.24 0.06 0.2 0.13 0.36
4 12 9 26 0
0.33 0.12 0.32 0.15 0.07
19 22 25 11 15
0.21 0.17 0.4 0.16 0.06
4 7 8 9 26
0.35 0.09 0.08 0.33 0.16
13 22 15 27 12
0.27 0.3 0.1 0.09 0.24
13 5 1 8 7
0.3 0.09 0.28 0.15 0.18
1 29 6 10 19
0.15 0.38 0.06 0.19 0.21
16 7 13 11 17
0.11 0.14 0.23 0.23 0.29
21 22 14 16 25
0.07 0.22 0.1 0.1 0.51
18 4 6 25 15
0.04 0.4 0.07 0.43 0.06
29 25 12 7 0
0.34 0.37 0.13 0.09 0.07
23 18 5 1 7
0.13 0.09 0.12 0.39 0.26
17 27 12 29 4
0.18 0.04 0.12 0.33 0.33
10 9 25 6 24
0.16 0.32 0.36 0.05 0.1
