#Number of options
30

#Assortments data
8 17 5 29 1
0.3 0.17 0.16 0.27 0.11
23 5 10 13 16
0.03 0.14 0.6 0.18 0.05
27 18 22 24 2
0.08 0.34 0.21 0.05 0.32
29 9 0 12 18
0.2 0.35 0.04 0.1 0.31
20 0 16 14 29
0.06 0.1 0.13 0.13 0.57
21 14 20 23 7
0.47 0.11 0.06 0.06 0.3
26 29 4 16 24
0.32 0.28 0.27 0.07 0.07
2 29 25 10 7
0.21 0.15 0.18 0.37 0.09
10 0 11 24 20
0.7 0.05 0.15 0.06 0.03
7 24 21 29 8
0.16 0.06 0.24 0.26 0.28
20 19 21 7 11
0.03 0.33 0.29 0.18 0.16
26 20 14 10 22
0.23 0.02 0.04 0.51 0.19
10 5 13 28 15
0.57 0.13 0.17 0.05 0.07
25 14 4 28 29
0.34 0.06 0.26 0.06 0.28
5 24 0 20 18
0.22 0.09 0.07 0.04 0.58
28 29 25 27 11
0.07 0.3 0.37 0.1 0.16
22 13 1 2 10
0.15 0.12 0.07 0.24 0.42
6 27 15 11 14
0.61 0.1 0.09 0.15 0.06
2 4 17 6 14
0.27 0.17 0.12 0.4 0.04
24 11 13 6 16
0.06 0.14 0.19 0.56 0.06
