#Number of options
30

#Assortments data
1 27 12 21 8
0.51 0.05 0.17 0.21 0.05
26 5 8 10 24
0.07 0.66 0.05 0.14 0.08
12 14 21 17 22
0.16 0.09 0.21 0.07 0.47
7 1 10 17 16
0.57 0.27 0.08 0.04 0.04
7 12 10 6 18
0.71 0.11 0.09 0.03 0.06
16 1 7 26 19
0.04 0.22 0.46 0.03 0.25
6 29 17 7 0
0.03 0.22 0.04 0.67 0.04
24 28 18 5 23
0.08 0.12 0.08 0.63 0.1
28 27 8 24 1
0.15 0.06 0.06 0.1 0.62
24 26 25 15 28
0.09 0.08 0.54 0.15 0.14
19 5 20 14 12
0.37 0.42 0.04 0.06 0.11
14 17 4 27 7
0.06 0.05 0.12 0.04 0.74
15 22 25 7 5
0.05 0.17 0.18 0.37 0.24
17 22 21 10 15
0.06 0.46 0.2 0.14 0.13
3 10 0 9 27
0.6 0.09 0.04 0.23 0.04
20 16 2 12 9
0.07 0.09 0.28 0.18 0.37
10 12 7 13 5
0.06 0.07 0.48 0.09 0.3
1 9 23 14 28
0.43 0.29 0.09 0.08 0.11
19 2 3 12 28
0.29 0.13 0.44 0.08 0.06
29 20 21 17 14
0.44 0.09 0.27 0.09 0.12
15 25 29 3 14
0.07 0.25 0.17 0.46 0.05
22 5 14 4 21
0.3 0.41 0.06 0.1 0.13
1 19 26 24 6
0.39 0.45 0.06 0.06 0.04
27 21 9 5 17
0.04 0.16 0.25 0.5 0.05
5 22 13 24 7
0.27 0.19 0.08 0.03 0.43
21 28 15 11 19
0.11 0.06 0.07 0.46 0.3
27 12 11 29 26
0.03 0.11 0.59 0.22 0.05
26 3 5 27 21
0.04 0.47 0.35 0.03 0.11
19 27 3 10 17
0.33 0.03 0.52 0.08 0.04
4 2 18 0 9
0.18 0.28 0.09 0.07 0.37
17 28 27 14 25
0.08 0.15 0.06 0.11 0.6
10 29 6 3 4
0.09 0.21 0.03 0.56 0.1
5 29 8 15 24
0.52 0.27 0.04 0.11 0.06
21 18 2 8 5
0.17 0.07 0.2 0.04 0.53
23 9 10 0 21
0.12 0.4 0.17 0.07 0.25
29 5 26 4 28
0.25 0.49 0.05 0.12 0.09
18 1 22 29 13
0.05 0.32 0.3 0.21 0.12
26 28 5 7 10
0.04 0.06 0.32 0.51 0.07
21 26 28 18 0
0.38 0.13 0.23 0.15 0.11
21 0 1 13 6
0.21 0.06 0.49 0.19 0.05
17 23 21 14 20
0.12 0.19 0.39 0.17 0.13
23 14 19 2 16
0.09 0.08 0.52 0.23 0.07
26 15 7 28 19
0.04 0.07 0.53 0.06 0.3
0 23 16 13 24
0.12 0.2 0.16 0.37 0.16
13 12 17 1 8
0.2 0.17 0.07 0.52 0.05
0 20 2 19 10
0.06 0.06 0.23 0.52 0.13
1 9 26 15 27
0.46 0.31 0.07 0.12 0.05
10 15 19 26 24
0.14 0.13 0.57 0.07 0.08
3 27 15 1 16
0.54 0.03 0.08 0.3 0.05
3 22 10 11 20
0.36 0.19 0.06 0.36 0.03
