#Number of options
30

#Assortments data
9 26 25 16 8
0.06 0.1 0.12 0.7 0.03
20 19 16 3 15
0.45 0.04 0.23 0.06 0.21
1 19 21 15 7
0.09 0.12 0.04 0.66 0.09
25 16 21 14 24
0.07 0.39 0.02 0.24 0.28
3 17 7 23 15
0.1 0.06 0.05 0.46 0.34
4 22 9 25 18
0.41 0.24 0.11 0.22 0.02
11 16 27 9 7
0.08 0.69 0.09 0.06 0.09
13 20 8 2 29
0.14 0.68 0.01 0.09 0.08
13 10 22 15 14
0.18 0.04 0.08 0.41 0.28
29 18 5 20 12
0.07 0.0 0.03 0.58 0.32
2 0 23 15 21
0.08 0.19 0.41 0.3 0.02
25 12 6 27 14
0.08 0.52 0.03 0.06 0.31
5 9 25 28 0
0.05 0.04 0.09 0.52 0.3
25 20 12 29 16
0.04 0.44 0.24 0.05 0.23
27 10 26 14 20
0.04 0.03 0.05 0.21 0.66
22 25 18 2 11
0.25 0.23 0.02 0.34 0.17
1 11 3 29 6
0.15 0.15 0.34 0.28 0.07
9 16 17 29 7
0.05 0.63 0.1 0.14 0.08
14 26 25 0 15
0.25 0.06 0.07 0.24 0.38
4 11 9 6 28
0.19 0.08 0.05 0.04 0.64
