#Number of options
30

#Assortments data
20 23 13 21 4
0.12 0.2 0.16 0.18 0.34
7 13 3 17 19
0.3 0.05 0.34 0.09 0.21
24 25 0 4 7
0.13 0.19 0.09 0.16 0.43
3 0 5 12 23
0.34 0.06 0.36 0.18 0.07
3 24 27 2 19
0.39 0.1 0.05 0.22 0.24
23 5 8 17 0
0.11 0.6 0.05 0.15 0.1
8 3 13 21 22
0.04 0.45 0.07 0.08 0.37
17 24 1 22 4
0.11 0.1 0.32 0.34 0.13
13 15 29 17 3
0.07 0.12 0.25 0.12 0.45
5 11 3 9 8
0.27 0.29 0.26 0.15 0.02
2 11 12 13 20
0.23 0.45 0.21 0.06 0.05
9 23 18 12 2
0.3 0.1 0.04 0.27 0.29
24 0 25 2 29
0.13 0.09 0.2 0.29 0.29
2 0 17 25 22
0.25 0.08 0.12 0.17 0.37
27 21 25 11 2
0.06 0.07 0.16 0.47 0.24
3 9 25 12 7
0.3 0.18 0.12 0.16 0.26
27 29 16 20 4
0.11 0.43 0.11 0.09 0.26
16 15 2 14 21
0.1 0.18 0.39 0.21 0.12
1 7 23 9 8
0.31 0.34 0.08 0.24 0.03
7 20 5 3 26
0.27 0.04 0.33 0.31 0.05
