#Number of options
30

#Assortments data
23 0 7 8 10
0.03 0.05 0.31 0.21 0.4
24 23 13 11 4
0.11 0.03 0.18 0.41 0.27
21 26 12 8 15
0.81 0.07 0.02 0.08 0.02
6 9 4 3 18
0.1 0.32 0.15 0.09 0.34
11 19 7 4 26
0.22 0.32 0.19 0.15 0.11
13 9 19 8 28
0.11 0.34 0.35 0.14 0.06
25 4 10 11 28
0.31 0.15 0.26 0.23 0.05
10 2 19 1 15
0.28 0.16 0.36 0.15 0.04
24 22 9 1 4
0.07 0.22 0.37 0.16 0.17
20 13 11 15 3
0.04 0.21 0.48 0.09 0.19
23 26 6 9 11
0.02 0.15 0.13 0.41 0.29
28 6 11 19 27
0.07 0.13 0.29 0.42 0.09
12 18 19 23 2
0.05 0.39 0.37 0.02 0.17
23 5 15 20 19
0.03 0.31 0.07 0.03 0.56
1 7 5 17 16
0.22 0.31 0.29 0.15 0.03
17 11 29 24 20
0.18 0.41 0.27 0.12 0.03
19 11 17 28 23
0.45 0.31 0.13 0.07 0.02
29 3 12 22 9
0.19 0.11 0.06 0.24 0.41
17 16 20 25 4
0.16 0.04 0.03 0.52 0.25
16 15 22 19 27
0.03 0.06 0.29 0.51 0.11
