#Number of options
30

#Assortments data
29 0 12 1 10
0.17 0.07 0.11 0.57 0.08
23 28 3 16 21
0.13 0.16 0.44 0.09 0.18
14 29 6 12 0
0.16 0.38 0.06 0.24 0.17
27 15 14 12 21
0.08 0.25 0.16 0.23 0.28
27 29 3 19 23
0.05 0.23 0.42 0.18 0.13
18 10 24 17 4
0.06 0.22 0.14 0.27 0.31
8 17 1 24 14
0.05 0.12 0.68 0.06 0.09
15 0 13 18 29
0.26 0.17 0.12 0.05 0.39
9 7 2 19 18
0.09 0.55 0.19 0.14 0.02
22 21 4 29 6
0.45 0.16 0.14 0.21 0.03
15 9 24 3 29
0.15 0.12 0.07 0.42 0.23
26 14 18 21 2
0.09 0.16 0.05 0.28 0.41
26 21 29 2 6
0.07 0.23 0.31 0.34 0.04
15 29 2 27 7
0.11 0.16 0.18 0.04 0.51
24 29 26 1 10
0.06 0.18 0.04 0.62 0.09
24 21 12 11 16
0.06 0.14 0.11 0.62 0.07
1 4 5 18 27
0.54 0.11 0.3 0.02 0.03
7 16 10 20 1
0.41 0.05 0.06 0.05 0.43
4 28 23 2 22
0.13 0.13 0.11 0.22 0.41
16 27 10 3 20
0.11 0.07 0.15 0.56 0.12
7 26 15 9 23
0.61 0.05 0.13 0.1 0.11
9 26 11 1 4
0.06 0.03 0.41 0.41 0.08
5 8 15 24 20
0.53 0.07 0.19 0.09 0.11
0 6 8 2 28
0.17 0.06 0.1 0.42 0.26
4 16 1 9 3
0.1 0.05 0.5 0.08 0.27
4 26 6 7 23
0.14 0.05 0.03 0.66 0.12
27 9 3 18 4
0.06 0.16 0.54 0.04 0.2
6 27 11 5 3
0.02 0.03 0.45 0.25 0.25
10 16 4 7 21
0.09 0.07 0.12 0.58 0.14
10 19 14 18 22
0.12 0.2 0.11 0.04 0.53
18 17 7 26 12
0.03 0.12 0.67 0.05 0.13
10 21 28 18 5
0.12 0.19 0.17 0.03 0.48
6 1 2 25 11
0.02 0.37 0.12 0.12 0.37
25 18 4 1 15
0.19 0.02 0.11 0.57 0.11
4 5 27 6 2
0.17 0.47 0.05 0.04 0.27
10 5 23 16 0
0.13 0.51 0.15 0.1 0.12
6 1 16 0 11
0.02 0.44 0.05 0.06 0.44
5 23 21 18 2
0.42 0.12 0.17 0.03 0.25
15 13 2 25 12
0.17 0.08 0.29 0.29 0.16
17 2 19 11 8
0.09 0.18 0.13 0.56 0.04
12 15 26 2 27
0.22 0.23 0.08 0.39 0.08
22 19 4 7 25
0.27 0.1 0.09 0.4 0.14
16 29 0 2 13
0.11 0.31 0.14 0.34 0.1
16 18 15 27 19
0.17 0.06 0.31 0.1 0.36
3 2 7 15 17
0.25 0.15 0.43 0.09 0.08
21 6 15 16 26
0.35 0.07 0.31 0.16 0.11
23 19 11 9 10
0.1 0.14 0.59 0.09 0.08
27 20 0 25 29
0.07 0.12 0.14 0.35 0.31
13 20 19 18 10
0.15 0.19 0.37 0.07 0.23
17 3 2 14 4
0.13 0.4 0.24 0.09 0.14
