#Number of options
30

#Assortments data
0 17 8 27 11
0.17 0.25 0.18 0.18 0.21
3 11 18 20 28
0.29 0.29 0.14 0.07 0.2
18 29 21 14 0
0.1 0.26 0.38 0.09 0.17
27 0 17 8 29
0.18 0.16 0.24 0.18 0.24
3 1 27 8 11
0.22 0.17 0.19 0.19 0.22
25 10 23 28 13
0.48 0.23 0.03 0.07 0.2
16 18 4 10 12
0.06 0.09 0.27 0.41 0.17
14 19 3 13 27
0.05 0.44 0.14 0.26 0.12
6 13 10 0 29
0.22 0.24 0.28 0.1 0.15
1 24 18 7 11
0.17 0.23 0.11 0.27 0.22
23 22 3 12 5
0.05 0.31 0.21 0.18 0.25
4 24 0 1 9
0.18 0.14 0.1 0.1 0.48
26 19 17 28 22
0.14 0.42 0.16 0.09 0.2
2 25 3 14 20
0.3 0.51 0.11 0.04 0.03
14 23 18 29 7
0.11 0.07 0.14 0.33 0.34
17 23 22 26 15
0.23 0.05 0.29 0.21 0.22
16 23 21 15 4
0.06 0.05 0.36 0.23 0.29
7 14 2 9 28
0.14 0.05 0.31 0.42 0.08
19 15 6 29 13
0.35 0.12 0.18 0.13 0.21
14 29 26 13 6
0.06 0.19 0.17 0.3 0.27
