#Number of options
30

#Assortments data
6 23 2 5 7
0.07 0.7 0.14 0.04 0.06
1 12 5 19 6
0.07 0.71 0.05 0.09 0.08
25 1 4 28 0
0.05 0.04 0.09 0.37 0.44
23 19 29 9 17
0.63 0.07 0.1 0.08 0.12
15 16 14 27 25
0.31 0.36 0.22 0.08 0.03
14 24 27 5 28
0.29 0.3 0.11 0.02 0.27
1 21 13 23 2
0.05 0.01 0.17 0.64 0.13
4 13 23 12 1
0.07 0.11 0.42 0.35 0.03
1 25 8 16 20
0.02 0.03 0.01 0.34 0.6
21 16 22 2 0
0.01 0.49 0.08 0.08 0.34
9 16 22 12 4
0.05 0.47 0.08 0.33 0.07
26 5 6 20 15
0.04 0.02 0.03 0.61 0.31
15 4 14 26 6
0.48 0.08 0.34 0.06 0.04
8 24 19 3 28
0.03 0.42 0.06 0.12 0.38
6 28 16 1 20
0.02 0.17 0.29 0.02 0.51
1 29 12 5 28
0.04 0.09 0.46 0.03 0.38
26 0 16 25 22
0.05 0.34 0.49 0.04 0.08
6 26 11 4 5
0.15 0.19 0.28 0.28 0.09
21 26 12 6 24
0.01 0.07 0.46 0.05 0.41
29 9 4 20 18
0.06 0.05 0.07 0.81 0.01
