#Number of options
30

#Assortments data
18 27 11 25 4
0.04 0.16 0.19 0.29 0.31
1 16 26 11 9
0.3 0.32 0.11 0.17 0.1
14 11 3 9 6
0.46 0.11 0.32 0.06 0.05
28 1 0 26 8
0.56 0.16 0.21 0.06 0.02
25 19 22 13 26
0.22 0.1 0.32 0.27 0.09
25 24 0 2 11
0.16 0.38 0.25 0.1 0.11
7 24 17 6 21
0.24 0.55 0.08 0.07 0.06
27 18 23 25 8
0.13 0.03 0.58 0.23 0.03
22 11 20 28 19
0.17 0.08 0.22 0.48 0.05
21 22 26 14 3
0.04 0.21 0.06 0.41 0.28
11 7 19 23 2
0.13 0.19 0.08 0.48 0.12
29 24 2 6 0
0.17 0.4 0.11 0.05 0.27
28 26 14 17 23
0.41 0.04 0.27 0.03 0.25
17 14 26 29 18
0.07 0.6 0.09 0.21 0.03
12 29 13 28 22
0.36 0.08 0.1 0.34 0.12
24 13 17 3 14
0.27 0.14 0.04 0.22 0.32
6 10 12 5 15
0.04 0.04 0.55 0.11 0.25
14 15 12 29 2
0.26 0.19 0.41 0.09 0.06
4 25 10 1 18
0.29 0.27 0.09 0.31 0.04
20 4 16 7 3
0.26 0.15 0.17 0.15 0.27
