#Number of options
30

#Assortments data
19 12 14 25 13
0.3 0.11 0.09 0.19 0.32
22 8 16 21 28
0.07 0.76 0.03 0.09 0.04
26 10 16 12 11
0.35 0.39 0.06 0.12 0.08
21 16 9 20 15
0.19 0.06 0.58 0.06 0.1
26 14 5 28 10
0.37 0.09 0.05 0.08 0.41
16 8 7 28 4
0.03 0.8 0.04 0.04 0.09
25 15 6 22 2
0.08 0.04 0.74 0.06 0.08
18 8 17 28 12
0.08 0.53 0.32 0.03 0.04
16 9 14 28 21
0.06 0.57 0.1 0.08 0.19
14 29 3 15 22
0.15 0.28 0.17 0.16 0.24
16 22 12 8 20
0.03 0.08 0.06 0.79 0.03
18 17 19 6 14
0.07 0.27 0.1 0.54 0.03
2 20 14 1 25
0.32 0.1 0.16 0.09 0.34
14 19 3 0 12
0.11 0.4 0.13 0.21 0.15
21 18 29 10 0
0.16 0.19 0.15 0.35 0.15
29 18 21 20 28
0.24 0.3 0.26 0.09 0.11
29 14 24 25 28
0.27 0.14 0.16 0.31 0.12
20 9 25 7 23
0.07 0.6 0.22 0.07 0.04
18 10 12 0 21
0.2 0.37 0.11 0.16 0.17
5 10 13 2 6
0.02 0.15 0.13 0.07 0.64
