#Number of options
30

#Assortments data
0 6 27 17 23
0.29 0.19 0.12 0.22 0.19
2 22 24 16 8
0.33 0.4 0.1 0.07 0.1
11 1 18 28 26
0.4 0.43 0.04 0.07 0.06
26 5 8 11 22
0.05 0.39 0.05 0.32 0.19
3 14 8 15 21
0.66 0.08 0.07 0.06 0.12
18 4 28 16 5
0.06 0.13 0.09 0.05 0.66
0 2 5 29 28
0.05 0.18 0.47 0.23 0.06
23 14 10 21 18
0.11 0.21 0.25 0.3 0.14
15 14 16 18 22
0.12 0.15 0.09 0.1 0.53
19 20 23 1 14
0.41 0.04 0.04 0.45 0.07
6 5 14 1 22
0.03 0.39 0.05 0.34 0.19
27 5 24 29 4
0.03 0.54 0.06 0.26 0.11
28 1 19 7 6
0.05 0.3 0.27 0.35 0.02
27 26 23 21 7
0.03 0.09 0.05 0.14 0.7
3 4 8 12 15
0.65 0.12 0.07 0.1 0.06
13 21 29 28 12
0.08 0.19 0.45 0.13 0.15
25 13 5 17 18
0.21 0.06 0.62 0.05 0.06
25 4 26 23 22
0.28 0.16 0.11 0.06 0.39
15 21 11 16 8
0.08 0.15 0.61 0.06 0.09
26 21 5 12 16
0.08 0.13 0.64 0.1 0.05
0 11 21 4 23
0.08 0.58 0.14 0.14 0.05
29 26 25 12 20
0.41 0.11 0.29 0.13 0.06
19 22 14 26 10
0.46 0.28 0.08 0.08 0.1
1 6 14 0 20
0.69 0.06 0.11 0.09 0.06
11 24 3 23 15
0.37 0.05 0.5 0.03 0.05
1 21 4 28 11
0.39 0.09 0.09 0.06 0.37
27 21 14 8 23
0.08 0.35 0.24 0.21 0.12
26 5 9 1 23
0.05 0.4 0.18 0.35 0.03
5 1 17 16 15
0.47 0.41 0.04 0.04 0.05
19 14 18 25 4
0.5 0.09 0.06 0.22 0.13
12 6 26 20 3
0.1 0.05 0.08 0.05 0.72
13 25 14 17 24
0.12 0.45 0.18 0.11 0.15
3 25 29 2 22
0.39 0.12 0.17 0.14 0.17
12 21 8 2 18
0.17 0.21 0.12 0.41 0.09
2 7 26 19 0
0.16 0.42 0.05 0.32 0.04
10 3 7 4 0
0.06 0.43 0.39 0.08 0.04
18 24 19 25 12
0.06 0.08 0.52 0.23 0.11
9 19 29 20 13
0.23 0.42 0.26 0.04 0.05
11 12 0 29 9
0.4 0.08 0.05 0.24 0.22
13 12 0 17 19
0.07 0.13 0.09 0.07 0.64
11 27 0 1 29
0.35 0.02 0.05 0.37 0.21
3 10 14 6 29
0.56 0.08 0.07 0.04 0.25
28 12 26 22 20
0.14 0.16 0.13 0.49 0.08
2 27 23 29 14
0.35 0.04 0.06 0.43 0.12
17 18 5 0 2
0.05 0.05 0.6 0.06 0.23
6 16 25 17 22
0.07 0.08 0.33 0.08 0.45
13 18 15 5 6
0.07 0.07 0.08 0.74 0.05
26 29 13 17 2
0.11 0.41 0.08 0.07 0.33
16 5 11 21 25
0.03 0.41 0.33 0.08 0.14
9 28 8 22 4
0.32 0.1 0.09 0.35 0.14
