#Number of options
30

#Assortments data
0 22 20 25 17
0.4 0.09 0.38 0.05 0.09
23 29 4 24 7
0.27 0.12 0.22 0.34 0.05
27 15 19 22 9
0.26 0.36 0.11 0.16 0.1
14 3 5 13 1
0.5 0.13 0.05 0.2 0.13
10 17 16 26 5
0.03 0.13 0.63 0.17 0.03
11 18 17 8 0
0.11 0.01 0.15 0.06 0.68
13 28 27 21 4
0.13 0.31 0.24 0.02 0.3
22 27 24 29 7
0.14 0.23 0.42 0.14 0.07
27 24 23 25 0
0.14 0.25 0.2 0.05 0.37
6 0 24 22 10
0.04 0.49 0.34 0.11 0.02
9 12 15 6 24
0.08 0.2 0.28 0.05 0.39
22 10 24 2 18
0.19 0.04 0.58 0.17 0.01
10 24 12 4 26
0.03 0.38 0.19 0.25 0.15
17 15 9 22 18
0.2 0.45 0.13 0.21 0.01
2 1 15 4 6
0.15 0.09 0.37 0.34 0.06
12 19 10 6 27
0.34 0.16 0.05 0.08 0.37
16 28 11 13 10
0.54 0.25 0.08 0.1 0.03
12 1 19 24 11
0.23 0.08 0.11 0.47 0.11
22 16 11 25 26
0.13 0.56 0.09 0.07 0.16
17 9 25 12 6
0.24 0.16 0.14 0.38 0.09
25 10 26 3 8
0.18 0.08 0.42 0.19 0.13
24 28 18 26 14
0.35 0.24 0.01 0.15 0.25
28 24 12 26 14
0.21 0.3 0.15 0.12 0.22
12 25 17 2 1
0.34 0.12 0.21 0.2 0.12
21 2 6 15 3
0.03 0.21 0.09 0.53 0.14
26 18 28 24 17
0.17 0.01 0.28 0.41 0.13
28 17 3 27 29
0.33 0.15 0.09 0.26 0.17
3 19 13 16 10
0.08 0.1 0.12 0.66 0.03
8 16 23 24 13
0.03 0.4 0.21 0.27 0.08
3 9 15 6 8
0.14 0.15 0.53 0.09 0.09
17 19 29 4 10
0.19 0.14 0.21 0.41 0.05
24 8 26 23 9
0.4 0.05 0.16 0.31 0.08
3 9 21 2 16
0.09 0.09 0.02 0.13 0.67
0 22 23 1 19
0.49 0.11 0.26 0.06 0.08
3 8 19 7 11
0.2 0.13 0.25 0.17 0.24
25 15 18 22 8
0.13 0.53 0.01 0.24 0.09
27 4 1 28 23
0.19 0.23 0.06 0.24 0.28
2 9 1 7 15
0.18 0.13 0.12 0.1 0.47
22 8 3 5 14
0.23 0.09 0.13 0.05 0.5
9 29 16 8 6
0.09 0.15 0.65 0.05 0.05
16 28 6 15 24
0.37 0.17 0.03 0.18 0.25
24 0 23 4 15
0.22 0.31 0.17 0.14 0.16
7 23 9 12 8
0.09 0.44 0.12 0.28 0.07
8 24 13 18 14
0.06 0.47 0.13 0.01 0.33
5 12 11 0 20
0.02 0.14 0.06 0.4 0.38
24 25 22 1 4
0.42 0.08 0.14 0.08 0.28
29 23 15 18 25
0.17 0.38 0.35 0.01 0.09
11 1 20 0 17
0.06 0.05 0.39 0.41 0.09
11 22 17 8 1
0.19 0.28 0.27 0.1 0.15
1 19 27 7 8
0.15 0.19 0.44 0.13 0.1
