#Number of options
30

#Assortments data
6 22 9 13 21
0.32 0.13 0.15 0.36 0.04
17 14 16 8 0
0.5 0.05 0.05 0.26 0.14
20 26 24 17 6
0.05 0.25 0.06 0.39 0.24
19 11 7 21 10
0.33 0.17 0.09 0.11 0.3
24 12 3 26 10
0.13 0.11 0.07 0.52 0.17
17 6 19 21 13
0.39 0.24 0.09 0.03 0.26
21 8 28 7 11
0.09 0.61 0.09 0.07 0.14
25 24 18 19 27
0.17 0.15 0.06 0.2 0.41
27 6 26 16 1
0.24 0.32 0.33 0.05 0.05
27 26 24 11 13
0.22 0.31 0.08 0.06 0.33
26 24 18 20 12
0.56 0.14 0.06 0.12 0.12
11 15 0 8 1
0.1 0.14 0.24 0.44 0.08
21 13 28 14 10
0.06 0.6 0.07 0.09 0.18
27 1 12 24 6
0.31 0.07 0.09 0.11 0.42
8 27 25 24 28
0.37 0.32 0.14 0.12 0.06
8 26 10 29 4
0.24 0.3 0.1 0.09 0.27
9 18 19 17 6
0.13 0.03 0.1 0.46 0.28
2 9 8 0 1
0.19 0.19 0.35 0.19 0.07
15 23 26 2 21
0.14 0.05 0.52 0.23 0.06
20 9 19 10 3
0.15 0.3 0.24 0.22 0.09
