#Number of options
30

#Assortments data
6 16 14 15 7
0.03 0.18 0.24 0.49 0.05
23 0 14 11 26
0.15 0.47 0.2 0.07 0.12
2 0 18 15 1
0.08 0.47 0.01 0.41 0.03
25 4 11 15 27
0.12 0.18 0.08 0.51 0.11
2 21 22 29 17
0.19 0.04 0.2 0.43 0.15
3 20 14 12 23
0.09 0.22 0.26 0.23 0.2
6 12 11 28 16
0.04 0.27 0.11 0.34 0.24
13 27 26 10 14
0.29 0.15 0.18 0.07 0.31
9 29 10 0 21
0.1 0.23 0.06 0.6 0.02
1 24 4 28 22
0.04 0.42 0.17 0.27 0.1
12 22 29 28 1
0.25 0.12 0.26 0.33 0.04
9 11 10 14 17
0.17 0.15 0.1 0.45 0.13
17 9 16 24 18
0.09 0.12 0.24 0.54 0.02
2 19 22 14 15
0.1 0.04 0.1 0.25 0.52
18 4 24 21 7
0.02 0.26 0.62 0.03 0.08
0 18 3 15 22
0.45 0.01 0.07 0.4 0.08
0 25 5 4 18
0.62 0.13 0.04 0.19 0.02
13 16 15 24 6
0.16 0.14 0.37 0.31 0.03
5 27 10 11 1
0.13 0.34 0.16 0.25 0.11
5 13 29 10 26
0.06 0.33 0.32 0.08 0.21
