#Number of options
30

#Assortments data
19 9 10 27 29
0.34 0.25 0.14 0.07 0.2
16 21 19 10 4
0.07 0.22 0.39 0.15 0.17
13 7 26 10 1
0.05 0.37 0.02 0.05 0.51
14 25 17 5 6
0.05 0.17 0.04 0.71 0.03
4 10 23 16 5
0.08 0.07 0.04 0.03 0.78
2 13 24 1 0
0.17 0.06 0.05 0.69 0.03
13 24 16 7 20
0.09 0.07 0.04 0.73 0.07
28 22 6 9 8
0.16 0.45 0.07 0.25 0.06
24 17 22 18 10
0.12 0.09 0.55 0.07 0.16
26 2 23 18 20
0.1 0.53 0.13 0.09 0.15
15 17 8 24 12
0.21 0.13 0.1 0.17 0.38
25 23 9 18 0
0.43 0.11 0.31 0.07 0.08
15 23 11 6 4
0.08 0.06 0.73 0.05 0.09
7 21 24 11 4
0.4 0.07 0.04 0.43 0.06
22 8 9 20 28
0.44 0.06 0.24 0.1 0.16
12 14 29 19 17
0.23 0.11 0.22 0.36 0.08
7 25 16 29 18
0.61 0.2 0.03 0.12 0.03
7 3 5 25 6
0.26 0.26 0.37 0.09 0.02
1 3 13 24 27
0.52 0.37 0.05 0.03 0.02
24 13 26 11 22
0.05 0.07 0.04 0.6 0.24
