#Number of options
30

#Assortments data
9 24 12 4 27
0.6 0.08 0.04 0.13 0.15
21 19 14 10 3
0.22 0.21 0.02 0.5 0.05
12 19 11 3 15
0.05 0.58 0.12 0.14 0.11
12 23 4 10 2
0.03 0.03 0.08 0.68 0.19
28 25 7 29 10
0.01 0.17 0.11 0.1 0.61
0 11 16 13 10
0.03 0.07 0.02 0.11 0.77
5 23 3 7 28
0.29 0.09 0.21 0.37 0.05
28 10 11 20 27
0.02 0.79 0.07 0.01 0.1
2 5 6 1 24
0.26 0.13 0.5 0.05 0.06
26 28 21 20 13
0.23 0.03 0.54 0.02 0.18
0 23 6 8 11
0.03 0.03 0.4 0.48 0.06
11 20 1 16 19
0.14 0.03 0.1 0.05 0.68
9 3 20 16 27
0.65 0.12 0.02 0.04 0.16
29 26 9 15 11
0.15 0.18 0.51 0.08 0.08
18 9 15 26 7
0.71 0.16 0.02 0.06 0.05
10 7 6 22 16
0.53 0.09 0.28 0.08 0.02
8 14 9 1 24
0.48 0.04 0.39 0.04 0.05
26 13 14 22 8
0.16 0.12 0.04 0.13 0.55
6 20 24 13 12
0.67 0.02 0.09 0.18 0.05
19 10 7 14 20
0.25 0.6 0.11 0.03 0.01
17 1 0 27 19
0.19 0.07 0.05 0.16 0.52
15 0 13 9 14
0.09 0.05 0.17 0.63 0.06
26 9 22 1 2
0.16 0.43 0.13 0.05 0.23
0 9 6 19 10
0.02 0.21 0.21 0.17 0.4
4 13 25 0 5
0.16 0.2 0.39 0.05 0.2
14 24 29 16 8
0.05 0.07 0.16 0.03 0.68
19 14 12 18 11
0.14 0.02 0.01 0.8 0.03
29 21 2 19 9
0.09 0.24 0.16 0.23 0.29
26 10 24 14 25
0.12 0.63 0.04 0.03 0.18
20 21 8 9 17
0.01 0.24 0.37 0.29 0.09
4 21 11 28 8
0.09 0.33 0.07 0.02 0.5
26 27 10 17 1
0.12 0.09 0.65 0.1 0.04
5 25 27 11 15
0.19 0.39 0.18 0.12 0.11
27 9 18 13 14
0.04 0.16 0.74 0.04 0.02
3 10 28 9 8
0.04 0.44 0.01 0.23 0.28
25 21 19 9 11
0.16 0.25 0.24 0.3 0.05
21 19 28 24 29
0.39 0.38 0.02 0.06 0.14
13 23 7 22 19
0.15 0.05 0.19 0.17 0.44
20 6 15 12 21
0.02 0.49 0.07 0.03 0.39
23 6 5 27 22
0.04 0.53 0.14 0.13 0.16
13 3 0 12 22
0.3 0.21 0.08 0.08 0.33
29 24 8 4 22
0.14 0.06 0.57 0.1 0.14
1 25 9 12 16
0.06 0.3 0.56 0.04 0.03
6 24 1 23 10
0.32 0.04 0.03 0.03 0.58
11 3 17 28 1
0.2 0.23 0.37 0.05 0.14
21 24 26 27 20
0.51 0.08 0.22 0.16 0.02
23 3 22 12 15
0.1 0.24 0.38 0.09 0.19
4 6 28 19 17
0.09 0.43 0.02 0.33 0.12
22 6 27 5 13
0.14 0.48 0.12 0.12 0.13
11 17 16 3 13
0.17 0.3 0.06 0.19 0.28
