#Number of options
30

#Assortments data
15 22 14 23 20
0.11 0.11 0.44 0.16 0.19
23 26 20 21 29
0.36 0.07 0.42 0.02 0.14
7 28 23 9 11
0.07 0.53 0.22 0.05 0.13
27 19 1 9 15
0.15 0.15 0.29 0.1 0.31
2 23 8 12 16
0.15 0.3 0.03 0.32 0.2
16 18 4 21 10
0.5 0.02 0.33 0.04 0.1
9 15 24 19 16
0.06 0.2 0.46 0.09 0.19
18 23 2 7 8
0.02 0.51 0.26 0.16 0.05
19 10 21 8 14
0.1 0.04 0.02 0.03 0.81
14 28 25 0 20
0.34 0.3 0.04 0.18 0.14
25 18 5 17 7
0.24 0.02 0.28 0.25 0.21
21 8 22 7 24
0.02 0.04 0.24 0.11 0.59
27 13 25 8 26
0.25 0.3 0.24 0.07 0.13
11 2 14 4 16
0.12 0.1 0.55 0.09 0.14
14 18 12 0 23
0.44 0.0 0.17 0.23 0.16
2 21 16 28 27
0.13 0.01 0.17 0.61 0.08
28 9 3 5 27
0.66 0.06 0.08 0.11 0.09
18 6 13 25 3
0.02 0.16 0.33 0.26 0.23
4 10 7 8 18
0.44 0.14 0.3 0.1 0.03
17 19 2 1 4
0.15 0.15 0.22 0.28 0.19
