#Number of options
30

#Assortments data
23 1 17 8 2
0.06 0.15 0.24 0.09 0.45
21 8 25 12 28
0.16 0.07 0.59 0.11 0.06
19 4 18 6 0
0.4 0.25 0.1 0.17 0.08
23 17 24 20 8
0.11 0.43 0.16 0.13 0.16
22 2 13 20 9
0.11 0.27 0.16 0.04 0.42
18 13 1 29 8
0.11 0.29 0.16 0.35 0.1
4 3 15 6 16
0.36 0.2 0.12 0.24 0.08
1 26 6 22 20
0.21 0.19 0.24 0.26 0.1
21 8 18 6 26
0.29 0.13 0.15 0.24 0.19
18 24 23 26 29
0.15 0.12 0.09 0.19 0.46
2 12 19 29 8
0.31 0.1 0.29 0.23 0.06
2 12 8 17 10
0.39 0.13 0.08 0.21 0.19
9 17 14 16 23
0.6 0.21 0.09 0.05 0.05
2 17 20 28 18
0.47 0.26 0.08 0.08 0.11
9 2 29 7 17
0.34 0.22 0.16 0.16 0.12
20 10 6 7 5
0.09 0.24 0.2 0.37 0.11
5 8 29 21 4
0.1 0.09 0.34 0.21 0.26
24 3 27 0 8
0.16 0.27 0.25 0.16 0.17
14 22 6 0 11
0.15 0.25 0.23 0.12 0.25
14 18 8 16 21
0.19 0.18 0.16 0.11 0.36
