#Number of options
30

#Assortments data
12 24 21 5 3
0.25 0.59 0.03 0.04 0.1
15 2 26 18 21
0.7 0.1 0.15 0.02 0.04
6 22 15 5 7
0.07 0.16 0.64 0.04 0.08
26 14 12 1 21
0.19 0.29 0.36 0.11 0.05
17 4 3 26 10
0.24 0.35 0.16 0.21 0.04
4 5 14 9 12
0.27 0.04 0.24 0.14 0.3
14 13 1 29 18
0.32 0.37 0.12 0.16 0.03
10 14 12 5 0
0.02 0.17 0.22 0.03 0.55
0 4 26 28 12
0.4 0.15 0.09 0.19 0.16
16 11 20 18 5
0.48 0.07 0.36 0.03 0.06
9 12 8 0 29
0.11 0.23 0.02 0.55 0.09
4 12 8 1 18
0.38 0.42 0.04 0.13 0.03
8 21 24 2 16
0.02 0.03 0.58 0.09 0.28
20 17 21 29 15
0.2 0.14 0.03 0.09 0.55
5 0 10 26 27
0.04 0.66 0.03 0.14 0.13
8 28 16 1 29
0.03 0.37 0.37 0.1 0.13
13 12 21 8 22
0.33 0.36 0.05 0.04 0.23
5 7 6 28 16
0.05 0.11 0.09 0.38 0.38
21 13 19 27 9
0.05 0.39 0.15 0.21 0.2
7 19 21 9 13
0.15 0.17 0.06 0.21 0.42
