#Number of options
30

#Assortments data
11 5 12 28 23
0.36 0.32 0.2 0.07 0.05
7 11 18 9 10
0.23 0.22 0.09 0.22 0.24
19 26 13 22 20
0.5 0.18 0.1 0.18 0.04
25 26 17 23 27
0.6 0.19 0.12 0.04 0.05
15 3 1 26 12
0.11 0.37 0.13 0.21 0.18
5 8 29 12 9
0.25 0.11 0.2 0.16 0.28
16 20 25 29 18
0.03 0.04 0.6 0.21 0.12
19 24 1 11 22
0.43 0.08 0.1 0.23 0.16
0 8 12 7 4
0.06 0.14 0.2 0.38 0.22
10 23 27 5 15
0.41 0.05 0.06 0.34 0.13
11 27 2 17 21
0.3 0.05 0.21 0.13 0.31
17 8 15 7 18
0.16 0.15 0.13 0.4 0.16
6 25 9 16 15
0.09 0.54 0.26 0.03 0.09
10 20 19 11 12
0.23 0.03 0.4 0.22 0.12
15 22 25 0 5
0.08 0.16 0.5 0.04 0.21
13 28 24 9 26
0.14 0.07 0.13 0.39 0.26
22 21 0 13 4
0.24 0.36 0.06 0.12 0.22
15 16 18 25 8
0.1 0.03 0.13 0.62 0.12
15 10 23 17 14
0.15 0.49 0.06 0.19 0.11
0 7 24 8 11
0.06 0.36 0.11 0.13 0.33
