#Number of options
30

#Assortments data
1 22 17 14 20
0.04 0.1 0.74 0.04 0.07
23 27 5 18 28
0.09 0.34 0.07 0.42 0.08
10 9 21 24 15
0.28 0.41 0.11 0.13 0.07
4 10 16 6 20
0.09 0.14 0.03 0.71 0.03
18 22 8 1 11
0.11 0.06 0.77 0.02 0.03
6 15 25 28 7
0.76 0.04 0.15 0.02 0.04
7 1 5 20 21
0.24 0.11 0.1 0.19 0.36
28 16 17 5 9
0.03 0.05 0.53 0.03 0.37
20 16 1 8 0
0.04 0.04 0.02 0.83 0.06
11 26 1 18 14
0.08 0.53 0.05 0.28 0.06
13 9 18 22 1
0.37 0.37 0.15 0.08 0.03
28 8 22 0 26
0.02 0.69 0.05 0.05 0.19
16 27 13 0 9
0.05 0.13 0.38 0.07 0.38
11 22 13 19 27
0.06 0.1 0.47 0.22 0.16
2 14 29 21 1
0.43 0.07 0.22 0.22 0.06
26 20 27 1 5
0.55 0.1 0.24 0.06 0.05
18 20 28 27 29
0.33 0.12 0.06 0.27 0.22
21 22 12 13 6
0.05 0.04 0.04 0.19 0.67
16 0 15 22 19
0.11 0.17 0.15 0.18 0.4
12 10 21 2 0
0.11 0.36 0.14 0.28 0.1
1 25 29 18 2
0.04 0.34 0.14 0.21 0.27
7 24 23 4 22
0.14 0.25 0.07 0.37 0.17
18 19 2 27 20
0.22 0.25 0.28 0.18 0.08
0 26 20 17 27
0.07 0.27 0.05 0.5 0.11
26 0 11 27 29
0.46 0.11 0.07 0.2 0.16
24 9 20 26 12
0.12 0.41 0.06 0.32 0.09
21 7 6 17 1
0.05 0.03 0.64 0.27 0.01
0 24 10 13 18
0.07 0.12 0.26 0.39 0.16
16 18 9 3 14
0.07 0.21 0.53 0.15 0.04
19 21 26 22 2
0.21 0.12 0.35 0.09 0.23
25 21 29 2 16
0.36 0.14 0.15 0.28 0.07
13 16 20 14 10
0.49 0.06 0.07 0.04 0.34
13 18 19 12 6
0.18 0.07 0.08 0.04 0.62
11 12 13 1 23
0.08 0.14 0.67 0.05 0.06
11 0 2 28 29
0.1 0.16 0.44 0.07 0.23
11 13 7 2 23
0.06 0.53 0.09 0.27 0.05
22 23 14 13 0
0.13 0.06 0.05 0.64 0.12
24 25 0 17 10
0.09 0.2 0.06 0.44 0.21
2 24 9 14 19
0.22 0.13 0.42 0.03 0.19
7 21 2 9 3
0.08 0.12 0.23 0.45 0.13
2 11 18 23 13
0.24 0.06 0.19 0.04 0.47
3 17 4 11 26
0.09 0.47 0.15 0.04 0.25
26 3 5 19 0
0.43 0.16 0.04 0.26 0.11
24 23 26 1 10
0.16 0.05 0.4 0.04 0.35
23 15 22 29 7
0.1 0.19 0.22 0.3 0.19
24 1 23 7 4
0.28 0.07 0.08 0.16 0.41
27 14 7 15 11
0.38 0.09 0.2 0.2 0.13
19 9 26 3 18
0.16 0.34 0.26 0.1 0.14
6 17 23 22 15
0.64 0.27 0.02 0.04 0.03
9 22 7 18 24
0.48 0.1 0.08 0.19 0.15
