#Number of options
30

#Assortments data
19 5 15 1 25
0.22 0.09 0.35 0.1 0.23
24 25 5 17 0
0.24 0.17 0.07 0.24 0.28
3 24 11 7 29
0.14 0.35 0.14 0.15 0.21
0 20 28 11 27
0.29 0.09 0.15 0.1 0.38
13 22 10 29 4
0.39 0.1 0.17 0.14 0.2
13 4 0 26 27
0.25 0.12 0.17 0.23 0.22
25 15 11 8 23
0.24 0.36 0.13 0.11 0.16
0 17 18 23 19
0.34 0.28 0.05 0.14 0.2
28 13 9 6 20
0.13 0.36 0.27 0.16 0.08
16 25 11 7 22
0.28 0.26 0.15 0.16 0.16
1 20 5 9 4
0.1 0.12 0.09 0.41 0.28
26 13 19 20 2
0.32 0.34 0.14 0.07 0.12
28 6 22 18 14
0.25 0.3 0.17 0.07 0.21
7 19 22 9 17
0.11 0.18 0.11 0.34 0.26
18 1 6 12 14
0.06 0.12 0.27 0.38 0.18
2 0 25 28 20
0.17 0.34 0.21 0.18 0.11
2 23 28 17 0
0.16 0.12 0.16 0.25 0.31
13 28 9 21 12
0.34 0.13 0.26 0.06 0.21
7 27 1 2 4
0.11 0.41 0.09 0.16 0.23
28 20 2 23 12
0.2 0.12 0.19 0.15 0.34
18 29 7 1 25
0.07 0.27 0.19 0.14 0.32
8 22 6 21 13
0.1 0.12 0.21 0.08 0.49
13 29 19 24 0
0.33 0.12 0.14 0.19 0.23
23 26 13 9 17
0.08 0.27 0.28 0.21 0.16
13 0 17 15 22
0.32 0.22 0.18 0.2 0.08
7 11 26 14 20
0.13 0.12 0.49 0.15 0.11
11 22 26 19 20
0.11 0.12 0.46 0.2 0.11
18 5 6 9 21
0.06 0.1 0.27 0.47 0.11
1 10 6 24 19
0.09 0.21 0.21 0.28 0.2
23 4 18 19 16
0.16 0.29 0.06 0.24 0.26
9 14 22 10 20
0.39 0.15 0.13 0.22 0.11
27 19 25 3 8
0.42 0.19 0.19 0.11 0.09
16 0 28 21 4
0.2 0.32 0.17 0.08 0.23
22 26 21 25 2
0.12 0.44 0.08 0.2 0.16
27 9 6 18 25
0.35 0.29 0.17 0.04 0.16
12 17 19 8 2
0.28 0.27 0.19 0.09 0.16
19 11 13 26 14
0.14 0.08 0.35 0.33 0.1
15 11 18 12 7
0.35 0.13 0.05 0.33 0.14
17 12 25 28 1
0.26 0.28 0.2 0.17 0.09
9 21 19 13 1
0.3 0.07 0.16 0.4 0.07
15 5 18 20 3
0.47 0.12 0.07 0.16 0.18
4 5 12 6 22
0.26 0.08 0.31 0.22 0.13
11 1 19 24 10
0.13 0.1 0.22 0.31 0.23
23 9 26 10 0
0.09 0.24 0.31 0.14 0.22
20 10 18 25 19
0.14 0.27 0.06 0.27 0.26
4 13 6 19 17
0.17 0.34 0.15 0.14 0.2
11 6 29 28 22
0.14 0.26 0.22 0.22 0.15
23 27 8 10 16
0.12 0.4 0.09 0.19 0.2
25 12 13 29 7
0.16 0.23 0.38 0.13 0.1
23 16 5 13 28
0.12 0.2 0.07 0.45 0.16
