#Number of options
30

#Assortments data
5 26 1 16 14
0.11 0.22 0.34 0.16 0.17
12 16 20 6 29
0.19 0.13 0.16 0.11 0.41
14 11 6 26 20
0.19 0.22 0.14 0.24 0.21
12 20 9 18 5
0.26 0.21 0.34 0.07 0.12
5 22 13 7 26
0.08 0.41 0.24 0.12 0.16
26 17 0 16 18
0.29 0.19 0.22 0.22 0.08
4 0 28 13 26
0.4 0.12 0.1 0.23 0.15
22 28 5 24 1
0.37 0.1 0.07 0.23 0.22
7 4 28 19 22
0.1 0.33 0.09 0.15 0.33
18 8 19 26 11
0.07 0.16 0.29 0.25 0.23
25 4 17 16 8
0.22 0.44 0.11 0.12 0.11
19 25 16 20 5
0.25 0.28 0.16 0.2 0.11
9 5 23 28 3
0.29 0.1 0.2 0.14 0.27
6 20 29 14 13
0.1 0.15 0.38 0.13 0.25
6 10 21 17 12
0.19 0.15 0.11 0.2 0.35
18 1 2 0 23
0.05 0.27 0.38 0.13 0.17
9 5 26 4 28
0.23 0.08 0.16 0.42 0.11
25 1 12 5 26
0.24 0.29 0.2 0.09 0.18
12 25 9 14 15
0.18 0.21 0.23 0.13 0.25
22 6 12 8 10
0.48 0.11 0.2 0.12 0.09
14 17 0 24 22
0.12 0.1 0.12 0.25 0.4
10 16 19 14 20
0.12 0.18 0.28 0.2 0.22
23 25 3 10 2
0.16 0.21 0.21 0.08 0.35
12 5 17 9 23
0.23 0.11 0.14 0.31 0.21
10 28 22 26 4
0.07 0.09 0.35 0.14 0.35
7 25 11 26 0
0.16 0.27 0.19 0.21 0.16
27 8 22 5 4
0.06 0.1 0.39 0.08 0.39
7 14 11 6 19
0.18 0.19 0.22 0.14 0.27
8 18 29 20 26
0.13 0.06 0.45 0.18 0.19
0 25 18 29 4
0.11 0.18 0.04 0.32 0.36
5 6 1 2 11
0.09 0.1 0.27 0.38 0.16
25 28 13 14 7
0.26 0.13 0.3 0.16 0.16
10 14 2 9 26
0.08 0.13 0.37 0.24 0.17
24 1 25 9 0
0.24 0.23 0.2 0.22 0.11
5 1 4 23 16
0.08 0.24 0.41 0.16 0.12
4 15 14 28 13
0.37 0.21 0.11 0.09 0.21
21 15 3 28 18
0.08 0.37 0.32 0.16 0.07
19 29 26 23 9
0.17 0.33 0.14 0.15 0.21
19 12 8 22 21
0.2 0.19 0.11 0.44 0.06
12 11 3 21 14
0.25 0.21 0.29 0.07 0.18
23 10 7 8 26
0.26 0.12 0.2 0.17 0.25
5 10 29 28 4
0.08 0.07 0.35 0.1 0.4
26 5 14 21 16
0.29 0.15 0.24 0.1 0.22
16 24 7 17 23
0.15 0.34 0.16 0.14 0.21
6 10 13 14 26
0.14 0.11 0.34 0.18 0.23
14 8 28 18 12
0.23 0.19 0.19 0.08 0.31
15 7 12 28 29
0.24 0.12 0.17 0.11 0.36
1 9 8 15 29
0.21 0.19 0.09 0.2 0.31
24 17 12 26 23
0.3 0.12 0.2 0.19 0.19
21 28 22 3 7
0.06 0.12 0.46 0.23 0.14
