#Number of options
30

#Assortments data
14 13 16 6 24
0.24 0.16 0.25 0.13 0.22
26 15 19 11 27
0.23 0.12 0.32 0.25 0.09
25 0 22 28 4
0.25 0.09 0.28 0.15 0.23
5 2 0 26 7
0.21 0.28 0.12 0.17 0.21
6 16 23 15 29
0.09 0.17 0.14 0.12 0.49
15 10 23 17 26
0.14 0.15 0.17 0.26 0.28
12 4 2 6 9
0.21 0.31 0.27 0.06 0.14
15 9 11 1 29
0.09 0.15 0.19 0.18 0.38
27 7 2 23 16
0.09 0.26 0.36 0.13 0.16
16 24 26 22 20
0.15 0.13 0.19 0.43 0.1
23 25 24 8 11
0.12 0.42 0.14 0.09 0.23
7 28 2 22 12
0.16 0.16 0.22 0.3 0.16
8 0 22 25 12
0.07 0.11 0.34 0.3 0.19
10 7 9 3 4
0.09 0.2 0.14 0.26 0.31
2 28 21 9 3
0.29 0.22 0.06 0.15 0.28
24 20 23 18 1
0.23 0.17 0.2 0.06 0.34
9 3 8 12 29
0.14 0.25 0.07 0.2 0.34
2 18 14 16 19
0.35 0.04 0.15 0.16 0.3
0 27 9 26 19
0.16 0.09 0.2 0.23 0.32
3 28 15 21 16
0.36 0.28 0.12 0.08 0.17
