(NUMBER_COMPETITOR,I,J,K)	(5,20,20,30)
COMPETITORS	5	15	4	19	13
k=0:	5	1	13	12	8	18	19	7	2	3	9	17	14	10	0	11	15	4	6	16
k=1:	2	19	11	10	7	1	0	4	8	9	17	12	16	13	6	14	3	15	18	5
k=2:	0	12	17	9	15	7	2	3	6	16	13	11	8	10	14	18	5	1	4	19
k=3:	4	12	18	17	19	10	13	1	6	8	7	15	14	0	2	9	3	5	16	11
k=4:	17	12	10	4	8	1	11	7	2	6	3	19	0	5	14	15	18	16	13	9
k=5:	2	19	18	12	9	17	6	11	8	5	14	3	0	1	13	16	10	7	15	4
k=6:	17	11	9	6	18	16	1	13	7	8	4	14	10	3	19	15	12	0	2	5
k=7:	5	18	15	19	6	16	2	1	7	12	17	9	0	14	13	8	11	4	10	3
k=8:	7	8	12	11	2	6	3	4	14	10	0	9	18	5	15	17	16	19	1	13
k=9:	1	11	7	3	17	5	16	9	18	14	12	19	0	4	2	13	15	6	8	10
k=10:	4	0	10	11	9	14	3	8	2	17	13	19	7	16	15	1	5	12	18	6
k=11:	17	6	4	14	2	13	15	8	7	16	12	5	3	10	18	11	19	1	9	0
k=12:	13	17	3	6	18	9	1	14	8	7	4	2	10	19	12	16	5	15	0	11
k=13:	5	9	7	16	8	14	4	3	10	17	15	13	19	6	0	12	1	2	11	18
k=14:	5	7	12	11	16	4	10	14	2	1	8	13	19	9	15	17	6	18	3	0
k=15:	11	18	3	4	5	9	7	1	0	15	10	2	14	17	19	13	6	16	8	12
k=16:	14	8	12	0	6	15	7	16	17	11	5	19	18	3	4	13	1	10	2	9
k=17:	6	2	1	10	15	19	0	11	17	13	14	4	7	9	16	12	5	8	3	18
k=18:	13	4	8	3	18	11	9	1	19	12	10	14	0	17	2	6	5	16	7	15
k=19:	11	16	13	4	14	2	0	5	1	19	17	15	6	9	3	18	7	12	10	8
k=20:	18	5	3	16	2	15	7	17	13	6	12	10	9	11	1	14	19	4	8	0
k=21:	14	7	4	11	13	18	6	10	5	0	8	9	17	16	12	1	2	3	15	19
k=22:	12	18	17	10	5	15	0	2	7	11	13	9	3	6	8	16	1	4	19	14
k=23:	1	19	15	7	6	11	0	12	4	14	9	5	10	3	16	18	13	8	2	17
k=24:	3	12	18	15	2	6	17	4	19	5	14	7	0	11	13	8	1	10	9	16
k=25:	13	12	0	9	3	14	1	16	18	7	15	5	19	17	11	4	8	10	2	6
k=26:	9	2	15	18	16	11	4	5	1	12	13	19	6	8	0	3	14	10	7	17
k=27:	10	6	0	8	9	4	1	13	2	16	18	14	15	7	3	12	11	17	19	5
k=28:	9	18	17	0	13	3	8	1	16	6	4	12	5	11	7	15	14	10	2	19
k=29:	5	14	12	13	0	19	18	7	10	8	9	4	6	3	17	2	16	15	11	1
Lambda_0:	0.026143790849673203	0.0457516339869281	0.032679738562091505	0.0392156862745098	0.0196078431372549	0.0392156862745098	0.0457516339869281	0.0457516339869281	0.0457516339869281	0.0457516339869281	0.0196078431372549	0.032679738562091505	0.0196078431372549	0.026143790849673203	0.026143790849673203	0.0392156862745098	0.013071895424836602	0.026143790849673203	0.013071895424836602	0.0392156862745098	0.05228758169934641	0.0457516339869281	0.032679738562091505	0.013071895424836602	0.05228758169934641	0.0457516339869281	0.05228758169934641	0.0392156862745098	0.013071895424836602	0.013071895424836602
Lambda_1:	0.04697986577181208	0.03355704697986577	0.04697986577181208	0.020134228187919462	0.03355704697986577	0.020134228187919462	0.026845637583892617	0.03355704697986577	0.013422818791946308	0.04697986577181208	0.04697986577181208	0.020134228187919462	0.03355704697986577	0.053691275167785234	0.053691275167785234	0.013422818791946308	0.013422818791946308	0.013422818791946308	0.020134228187919462	0.03355704697986577	0.053691275167785234	0.04697986577181208	0.026845637583892617	0.026845637583892617	0.053691275167785234	0.04697986577181208	0.026845637583892617	0.013422818791946308	0.026845637583892617	0.053691275167785234
Lambda_2:	0.026845637583892617	0.026845637583892617	0.026845637583892617	0.04697986577181208	0.03355704697986577	0.020134228187919462	0.013422818791946308	0.013422818791946308	0.020134228187919462	0.040268456375838924	0.053691275167785234	0.053691275167785234	0.053691275167785234	0.04697986577181208	0.040268456375838924	0.040268456375838924	0.013422818791946308	0.020134228187919462	0.026845637583892617	0.03355704697986577	0.026845637583892617	0.040268456375838924	0.020134228187919462	0.026845637583892617	0.04697986577181208	0.026845637583892617	0.020134228187919462	0.040268456375838924	0.053691275167785234	0.04697986577181208
Lambda_3:	0.02158273381294964	0.03597122302158273	0.02158273381294964	0.02877697841726619	0.04316546762589928	0.014388489208633094	0.02158273381294964	0.05755395683453238	0.04316546762589928	0.04316546762589928	0.05755395683453238	0.014388489208633094	0.04316546762589928	0.03597122302158273	0.02877697841726619	0.02877697841726619	0.02877697841726619	0.014388489208633094	0.050359712230215826	0.05755395683453238	0.02158273381294964	0.050359712230215826	0.02877697841726619	0.03597122302158273	0.02877697841726619	0.04316546762589928	0.02158273381294964	0.014388489208633094	0.04316546762589928	0.02158273381294964
Lambda_4:	0.038461538461538464	0.019230769230769232	0.04487179487179487	0.02564102564102564	0.038461538461538464	0.03205128205128205	0.04487179487179487	0.019230769230769232	0.038461538461538464	0.01282051282051282	0.01282051282051282	0.02564102564102564	0.04487179487179487	0.05128205128205128	0.05128205128205128	0.03205128205128205	0.02564102564102564	0.03205128205128205	0.03205128205128205	0.038461538461538464	0.02564102564102564	0.03205128205128205	0.05128205128205128	0.038461538461538464	0.04487179487179487	0.019230769230769232	0.019230769230769232	0.02564102564102564	0.05128205128205128	0.03205128205128205
Lambda_5:	0.025974025974025976	0.01948051948051948	0.012987012987012988	0.012987012987012988	0.01948051948051948	0.05194805194805195	0.05194805194805195	0.012987012987012988	0.025974025974025976	0.045454545454545456	0.05194805194805195	0.045454545454545456	0.032467532467532464	0.012987012987012988	0.01948051948051948	0.03896103896103896	0.025974025974025976	0.05194805194805195	0.03896103896103896	0.03896103896103896	0.032467532467532464	0.032467532467532464	0.05194805194805195	0.03896103896103896	0.032467532467532464	0.025974025974025976	0.05194805194805195	0.012987012987012988	0.05194805194805195	0.032467532467532464
Lambda_6:	0.04216867469879518	0.018072289156626505	0.012048192771084338	0.024096385542168676	0.04216867469879518	0.04216867469879518	0.04216867469879518	0.04216867469879518	0.04819277108433735	0.04216867469879518	0.04819277108433735	0.012048192771084338	0.04819277108433735	0.018072289156626505	0.04216867469879518	0.018072289156626505	0.04216867469879518	0.03614457831325301	0.04819277108433735	0.04216867469879518	0.018072289156626505	0.024096385542168676	0.03614457831325301	0.04216867469879518	0.018072289156626505	0.012048192771084338	0.024096385542168676	0.018072289156626505	0.04819277108433735	0.04819277108433735
Lambda_7:	0.04216867469879518	0.030120481927710843	0.024096385542168676	0.03614457831325301	0.04216867469879518	0.024096385542168676	0.04819277108433735	0.04819277108433735	0.012048192771084338	0.012048192771084338	0.04819277108433735	0.03614457831325301	0.030120481927710843	0.03614457831325301	0.03614457831325301	0.03614457831325301	0.04216867469879518	0.04819277108433735	0.03614457831325301	0.04216867469879518	0.012048192771084338	0.018072289156626505	0.04819277108433735	0.018072289156626505	0.012048192771084338	0.04819277108433735	0.03614457831325301	0.04819277108433735	0.018072289156626505	0.030120481927710843
Lambda_8:	0.030864197530864196	0.043209876543209874	0.012345679012345678	0.04938271604938271	0.024691358024691357	0.024691358024691357	0.04938271604938271	0.024691358024691357	0.037037037037037035	0.037037037037037035	0.018518518518518517	0.012345679012345678	0.030864197530864196	0.037037037037037035	0.04938271604938271	0.012345679012345678	0.04938271604938271	0.018518518518518517	0.043209876543209874	0.043209876543209874	0.043209876543209874	0.037037037037037035	0.043209876543209874	0.024691358024691357	0.043209876543209874	0.012345679012345678	0.04938271604938271	0.043209876543209874	0.018518518518518517	0.037037037037037035
Lambda_9:	0.05405405405405406	0.04054054054054054	0.04054054054054054	0.02702702702702703	0.033783783783783786	0.013513513513513514	0.013513513513513514	0.013513513513513514	0.05405405405405406	0.05405405405405406	0.033783783783783786	0.013513513513513514	0.05405405405405406	0.013513513513513514	0.04054054054054054	0.0472972972972973	0.0472972972972973	0.05405405405405406	0.013513513513513514	0.0472972972972973	0.02027027027027027	0.013513513513513514	0.033783783783783786	0.05405405405405406	0.013513513513513514	0.033783783783783786	0.013513513513513514	0.04054054054054054	0.05405405405405406	0.013513513513513514
Lambda_10:	0.058823529411764705	0.022058823529411766	0.014705882352941176	0.04411764705882353	0.04411764705882353	0.014705882352941176	0.022058823529411766	0.014705882352941176	0.029411764705882353	0.014705882352941176	0.051470588235294115	0.022058823529411766	0.014705882352941176	0.058823529411764705	0.029411764705882353	0.022058823529411766	0.051470588235294115	0.014705882352941176	0.014705882352941176	0.051470588235294115	0.051470588235294115	0.04411764705882353	0.022058823529411766	0.03676470588235294	0.051470588235294115	0.058823529411764705	0.058823529411764705	0.022058823529411766	0.029411764705882353	0.014705882352941176
Lambda_11:	0.05194805194805195	0.025974025974025976	0.045454545454545456	0.012987012987012988	0.03896103896103896	0.01948051948051948	0.01948051948051948	0.025974025974025976	0.03896103896103896	0.03896103896103896	0.03896103896103896	0.025974025974025976	0.045454545454545456	0.025974025974025976	0.045454545454545456	0.05194805194805195	0.025974025974025976	0.032467532467532464	0.012987012987012988	0.045454545454545456	0.03896103896103896	0.012987012987012988	0.032467532467532464	0.032467532467532464	0.012987012987012988	0.032467532467532464	0.05194805194805195	0.032467532467532464	0.05194805194805195	0.032467532467532464
Lambda_12:	0.05263157894736842	0.039473684210526314	0.046052631578947366	0.039473684210526314	0.03289473684210526	0.046052631578947366	0.03289473684210526	0.013157894736842105	0.019736842105263157	0.03289473684210526	0.02631578947368421	0.019736842105263157	0.039473684210526314	0.039473684210526314	0.05263157894736842	0.02631578947368421	0.013157894736842105	0.03289473684210526	0.02631578947368421	0.02631578947368421	0.046052631578947366	0.05263157894736842	0.039473684210526314	0.03289473684210526	0.046052631578947366	0.03289473684210526	0.013157894736842105	0.02631578947368421	0.02631578947368421	0.02631578947368421
Lambda_13:	0.06299212598425197	0.015748031496062992	0.023622047244094488	0.015748031496062992	0.031496062992125984	0.015748031496062992	0.03937007874015748	0.023622047244094488	0.023622047244094488	0.015748031496062992	0.03937007874015748	0.015748031496062992	0.05511811023622047	0.031496062992125984	0.015748031496062992	0.047244094488188976	0.03937007874015748	0.06299212598425197	0.06299212598425197	0.031496062992125984	0.047244094488188976	0.015748031496062992	0.023622047244094488	0.05511811023622047	0.031496062992125984	0.015748031496062992	0.05511811023622047	0.023622047244094488	0.023622047244094488	0.03937007874015748
Lambda_14:	0.03571428571428571	0.02142857142857143	0.014285714285714285	0.02142857142857143	0.02857142857142857	0.02142857142857143	0.02857142857142857	0.03571428571428571	0.04285714285714286	0.014285714285714285	0.05	0.02857142857142857	0.03571428571428571	0.014285714285714285	0.05714285714285714	0.05714285714285714	0.05	0.05714285714285714	0.02142857142857143	0.05	0.014285714285714285	0.05	0.014285714285714285	0.014285714285714285	0.02142857142857143	0.04285714285714286	0.05	0.04285714285714286	0.014285714285714285	0.05
Lambda_15:	0.05	0.0375	0.0125	0.025	0.04375	0.04375	0.03125	0.05	0.05	0.05	0.01875	0.05	0.025	0.01875	0.025	0.01875	0.0125	0.0375	0.025	0.025	0.025	0.0375	0.0125	0.025	0.05	0.05	0.03125	0.05	0.04375	0.025
Lambda_16:	0.03773584905660377	0.025157232704402517	0.03773584905660377	0.050314465408805034	0.031446540880503145	0.025157232704402517	0.025157232704402517	0.018867924528301886	0.025157232704402517	0.031446540880503145	0.03773584905660377	0.050314465408805034	0.018867924528301886	0.012578616352201259	0.0440251572327044	0.050314465408805034	0.031446540880503145	0.0440251572327044	0.050314465408805034	0.03773584905660377	0.025157232704402517	0.0440251572327044	0.018867924528301886	0.050314465408805034	0.018867924528301886	0.0440251572327044	0.031446540880503145	0.018867924528301886	0.018867924528301886	0.0440251572327044
Lambda_17:	0.0410958904109589	0.0410958904109589	0.0547945205479452	0.03424657534246575	0.0410958904109589	0.0136986301369863	0.03424657534246575	0.0410958904109589	0.04794520547945205	0.0410958904109589	0.03424657534246575	0.0273972602739726	0.0410958904109589	0.0273972602739726	0.0136986301369863	0.0273972602739726	0.0410958904109589	0.0136986301369863	0.02054794520547945	0.0273972602739726	0.02054794520547945	0.04794520547945205	0.04794520547945205	0.0547945205479452	0.02054794520547945	0.0136986301369863	0.0136986301369863	0.0547945205479452	0.0273972602739726	0.03424657534246575
Lambda_18:	0.05442176870748299	0.034013605442176874	0.013605442176870748	0.04081632653061224	0.047619047619047616	0.013605442176870748	0.047619047619047616	0.04081632653061224	0.027210884353741496	0.027210884353741496	0.02040816326530612	0.047619047619047616	0.05442176870748299	0.034013605442176874	0.013605442176870748	0.027210884353741496	0.013605442176870748	0.05442176870748299	0.034013605442176874	0.02040816326530612	0.034013605442176874	0.02040816326530612	0.027210884353741496	0.027210884353741496	0.027210884353741496	0.05442176870748299	0.047619047619047616	0.027210884353741496	0.02040816326530612	0.047619047619047616
Lambda_19:	0.039735099337748346	0.039735099337748346	0.019867549668874173	0.013245033112582781	0.039735099337748346	0.039735099337748346	0.019867549668874173	0.039735099337748346	0.013245033112582781	0.046357615894039736	0.052980132450331126	0.019867549668874173	0.039735099337748346	0.033112582781456956	0.026490066225165563	0.019867549668874173	0.046357615894039736	0.039735099337748346	0.013245033112582781	0.039735099337748346	0.033112582781456956	0.026490066225165563	0.052980132450331126	0.033112582781456956	0.039735099337748346	0.033112582781456956	0.026490066225165563	0.046357615894039736	0.039735099337748346	0.026490066225165563
q:	5000	7000	1000	2000	2000	5000	6000	3000	3000	6000	9000	1000	1000	2000	6000	9000	5000	2000	4000	3000
