(NUMBER_COMPETITOR,I,J,K)	(5,10,10,200)
COMPETITORS	1	5	6	4	3
k=0:	9	1	2	0	4	6	7	5	8	3
k=1:	8	1	9	4	3	0	2	5	6	7
k=2:	8	3	7	9	0	6	4	1	5	2
k=3:	8	3	7	2	1	0	9	6	4	5
k=4:	1	2	6	0	5	4	7	8	3	9
k=5:	1	4	0	7	6	9	3	5	8	2
k=6:	0	2	3	8	5	1	6	4	7	9
k=7:	0	7	2	4	3	9	5	1	6	8
k=8:	3	2	7	9	1	8	4	0	5	6
k=9:	9	1	3	4	7	8	2	5	6	0
k=10:	2	5	0	1	7	8	3	4	6	9
k=11:	7	3	5	9	8	4	0	6	2	1
k=12:	2	3	1	9	6	8	5	4	0	7
k=13:	3	5	9	6	1	7	0	4	2	8
k=14:	4	1	9	6	3	2	7	5	8	0
k=15:	2	7	9	1	3	8	0	5	4	6
k=16:	8	6	1	5	9	0	2	7	4	3
k=17:	2	5	6	9	8	7	0	3	1	4
k=18:	8	9	5	6	0	4	7	1	2	3
k=19:	4	6	0	7	3	2	8	1	5	9
k=20:	1	7	9	0	5	2	3	8	6	4
k=21:	0	6	9	8	7	5	4	2	1	3
k=22:	7	0	1	5	6	4	9	3	8	2
k=23:	6	2	9	0	1	8	4	3	5	7
k=24:	1	8	7	0	5	4	3	6	9	2
k=25:	3	7	1	2	6	4	9	0	8	5
k=26:	8	0	3	1	9	6	7	5	2	4
k=27:	6	0	3	1	5	9	7	8	2	4
k=28:	8	4	2	0	9	1	3	6	7	5
k=29:	7	6	2	8	4	5	1	3	9	0
k=30:	2	3	5	1	6	7	9	4	0	8
k=31:	0	4	2	9	5	6	1	8	3	7
k=32:	1	9	5	0	4	7	3	8	2	6
k=33:	6	4	3	2	8	9	7	5	1	0
k=34:	7	5	4	6	3	9	1	2	8	0
k=35:	7	9	3	2	8	6	5	4	1	0
k=36:	5	2	3	8	1	4	0	9	6	7
k=37:	2	1	7	8	4	0	6	3	9	5
k=38:	0	1	4	3	5	7	8	6	2	9
k=39:	3	1	6	7	4	5	0	2	8	9
k=40:	5	7	1	2	9	3	8	6	4	0
k=41:	9	0	1	2	5	8	6	4	7	3
k=42:	9	7	3	0	5	1	8	4	6	2
k=43:	4	9	3	2	6	0	1	8	7	5
k=44:	6	9	0	2	1	4	8	3	5	7
k=45:	4	6	8	5	9	3	1	7	0	2
k=46:	4	0	3	5	6	9	2	8	1	7
k=47:	6	8	7	9	5	2	1	0	3	4
k=48:	5	6	4	9	1	2	0	7	8	3
k=49:	2	3	5	7	6	8	4	9	0	1
k=50:	9	1	0	6	7	3	2	4	5	8
k=51:	9	6	3	1	8	7	5	2	4	0
k=52:	1	9	2	8	5	7	3	6	4	0
k=53:	8	5	2	0	1	3	9	6	7	4
k=54:	1	6	3	8	5	9	2	0	7	4
k=55:	4	5	2	6	9	7	3	8	0	1
k=56:	2	4	6	1	3	7	0	9	8	5
k=57:	8	9	0	6	4	1	2	3	7	5
k=58:	7	4	3	9	1	8	6	2	0	5
k=59:	4	2	9	7	8	6	1	5	3	0
k=60:	8	2	3	9	4	0	1	5	7	6
k=61:	4	5	6	3	9	1	7	8	2	0
k=62:	9	8	3	1	4	7	5	6	0	2
k=63:	4	9	7	8	3	0	5	2	6	1
k=64:	7	8	2	5	4	3	0	6	9	1
k=65:	6	7	4	1	8	0	2	5	3	9
k=66:	6	4	5	0	1	2	9	7	3	8
k=67:	3	2	7	0	9	4	6	1	5	8
k=68:	9	5	4	1	3	0	2	8	6	7
k=69:	4	2	9	5	0	6	3	8	7	1
k=70:	6	9	7	8	5	4	3	2	1	0
k=71:	4	0	2	3	1	6	5	9	8	7
k=72:	3	5	1	8	2	4	0	6	9	7
k=73:	3	7	5	8	9	1	6	0	2	4
k=74:	0	3	5	8	1	6	9	2	4	7
k=75:	6	4	3	1	7	9	2	0	8	5
k=76:	6	4	7	3	5	9	0	1	8	2
k=77:	1	9	3	7	2	4	6	8	5	0
k=78:	6	7	1	3	0	8	4	9	5	2
k=79:	6	2	5	3	7	4	8	1	9	0
k=80:	8	9	7	6	2	5	3	4	1	0
k=81:	3	9	0	1	7	2	5	4	8	6
k=82:	6	9	0	4	8	7	1	2	3	5
k=83:	4	9	2	5	3	6	7	8	1	0
k=84:	7	2	3	4	1	8	5	9	0	6
k=85:	1	0	3	5	4	6	8	9	7	2
k=86:	8	2	9	7	6	0	5	1	3	4
k=87:	4	8	0	3	2	7	1	9	5	6
k=88:	5	2	0	3	8	4	6	7	1	9
k=89:	8	0	7	9	2	4	3	5	1	6
k=90:	9	3	7	5	0	1	4	6	8	2
k=91:	2	1	3	8	9	6	7	0	5	4
k=92:	2	7	5	9	0	6	3	8	4	1
k=93:	4	0	2	6	3	8	5	9	7	1
k=94:	1	5	4	3	8	0	7	2	9	6
k=95:	7	5	3	4	9	8	2	6	1	0
k=96:	0	7	4	3	8	9	1	2	6	5
k=97:	6	2	8	0	4	3	7	1	5	9
k=98:	0	7	6	8	2	1	5	3	9	4
k=99:	1	9	5	3	7	8	6	4	0	2
k=100:	0	7	1	8	4	5	3	6	2	9
k=101:	9	3	7	0	6	8	1	4	5	2
k=102:	2	5	6	3	9	1	4	7	8	0
k=103:	3	5	7	8	1	2	9	4	0	6
k=104:	8	5	9	7	1	0	2	3	4	6
k=105:	9	6	2	3	7	0	4	1	8	5
k=106:	6	8	2	9	7	5	1	4	0	3
k=107:	3	1	4	0	7	2	9	8	6	5
k=108:	1	8	7	2	3	5	6	4	0	9
k=109:	6	4	1	0	8	2	7	3	5	9
k=110:	5	9	3	1	7	2	0	4	6	8
k=111:	2	9	1	7	8	4	3	6	5	0
k=112:	6	5	8	1	2	7	3	9	0	4
k=113:	2	5	8	7	3	1	0	6	9	4
k=114:	4	2	6	7	1	5	3	9	8	0
k=115:	1	3	2	4	0	8	6	5	9	7
k=116:	0	2	1	5	8	7	9	4	3	6
k=117:	7	5	6	9	4	2	0	3	8	1
k=118:	5	6	0	2	1	8	7	9	3	4
k=119:	1	5	2	8	9	4	0	6	3	7
k=120:	7	6	5	3	2	4	8	0	1	9
k=121:	2	1	5	8	4	6	9	0	7	3
k=122:	4	8	5	9	6	2	0	3	7	1
k=123:	4	8	6	5	9	3	0	2	7	1
k=124:	2	1	3	4	6	8	5	9	7	0
k=125:	5	0	4	2	3	8	1	7	9	6
k=126:	4	0	8	5	1	6	3	7	2	9
k=127:	4	6	0	5	1	2	3	7	8	9
k=128:	6	3	0	9	2	7	5	4	1	8
k=129:	5	4	1	9	6	3	0	8	2	7
k=130:	4	9	7	0	2	3	8	1	6	5
k=131:	3	6	2	1	8	9	7	4	5	0
k=132:	1	6	7	0	8	3	5	2	9	4
k=133:	2	5	6	7	8	3	4	9	1	0
k=134:	1	3	7	9	8	6	2	5	0	4
k=135:	6	9	8	1	2	4	0	3	5	7
k=136:	1	9	5	7	3	4	2	0	6	8
k=137:	6	8	7	0	5	1	9	3	4	2
k=138:	7	3	1	5	8	6	0	9	2	4
k=139:	5	4	8	1	7	2	6	9	0	3
k=140:	5	3	9	8	0	1	2	7	6	4
k=141:	9	4	2	1	3	5	7	0	6	8
k=142:	4	5	6	7	9	0	1	8	2	3
k=143:	6	5	9	2	0	8	7	3	1	4
k=144:	5	1	7	3	6	0	9	8	2	4
k=145:	8	4	2	6	3	1	0	7	9	5
k=146:	2	0	9	7	4	3	5	6	8	1
k=147:	3	9	0	7	2	8	5	4	1	6
k=148:	9	5	3	8	6	1	0	4	2	7
k=149:	8	9	6	3	7	4	1	5	2	0
k=150:	1	9	2	0	7	3	8	6	5	4
k=151:	1	5	3	0	6	4	7	9	2	8
k=152:	6	8	2	9	4	1	3	5	7	0
k=153:	7	9	6	4	0	8	1	3	5	2
k=154:	8	6	0	9	2	1	4	3	7	5
k=155:	8	9	7	2	1	6	5	3	0	4
k=156:	3	5	1	7	6	9	0	4	8	2
k=157:	5	3	6	9	2	1	0	8	7	4
k=158:	3	8	0	6	9	5	4	1	7	2
k=159:	8	1	2	9	4	0	6	3	7	5
k=160:	5	7	3	4	2	6	1	0	8	9
k=161:	0	9	4	3	2	1	7	5	6	8
k=162:	5	1	2	7	0	3	6	8	4	9
k=163:	3	6	8	7	2	1	0	4	5	9
k=164:	8	9	5	6	7	4	0	2	3	1
k=165:	9	4	3	7	5	6	1	2	8	0
k=166:	7	5	0	4	1	8	2	3	6	9
k=167:	3	5	7	1	0	2	4	8	9	6
k=168:	2	1	5	3	8	9	4	6	7	0
k=169:	3	2	7	5	0	9	8	4	1	6
k=170:	8	0	3	2	6	7	5	9	4	1
k=171:	8	7	6	0	9	5	3	1	2	4
k=172:	6	3	1	7	0	9	5	8	2	4
k=173:	6	1	2	3	4	9	5	0	8	7
k=174:	0	3	2	5	4	7	1	6	9	8
k=175:	1	6	9	7	0	5	3	4	2	8
k=176:	8	7	6	1	3	2	5	4	0	9
k=177:	6	9	0	3	2	4	1	7	5	8
k=178:	2	6	4	8	5	9	0	7	3	1
k=179:	3	8	2	4	1	6	5	9	7	0
k=180:	9	4	7	5	0	1	6	3	2	8
k=181:	1	7	9	6	3	5	4	8	0	2
k=182:	6	7	1	0	8	2	4	3	9	5
k=183:	6	1	4	9	0	7	8	2	5	3
k=184:	3	8	1	2	9	5	6	4	0	7
k=185:	9	2	1	5	4	6	8	7	3	0
k=186:	9	1	5	2	4	3	7	6	8	0
k=187:	4	3	6	7	8	2	9	1	0	5
k=188:	2	5	8	1	3	6	4	7	0	9
k=189:	6	2	4	7	9	8	1	3	0	5
k=190:	0	9	4	3	6	1	5	8	2	7
k=191:	0	5	4	6	3	1	2	7	9	8
k=192:	3	9	2	4	5	1	0	7	6	8
k=193:	6	2	0	9	4	5	3	8	7	1
k=194:	6	4	8	0	2	9	7	3	1	5
k=195:	9	0	7	6	4	3	1	8	2	5
k=196:	8	3	6	7	1	0	5	4	9	2
k=197:	1	4	2	7	8	0	9	3	5	6
k=198:	1	7	0	4	8	3	9	2	5	6
k=199:	1	6	7	5	8	0	4	9	2	3
Lambda_0:	0.007858546168958742	0.0029469548133595285	0.004911591355599214	0.007858546168958742	0.007858546168958742	0.0019646365422396855	0.0029469548133595285	0.0019646365422396855	0.004911591355599214	0.003929273084479371	0.004911591355599214	0.004911591355599214	0.004911591355599214	0.0019646365422396855	0.004911591355599214	0.007858546168958742	0.0068762278978389	0.0029469548133595285	0.004911591355599214	0.0029469548133595285	0.0029469548133595285	0.0019646365422396855	0.007858546168958742	0.0029469548133595285	0.0068762278978389	0.005893909626719057	0.0068762278978389	0.0029469548133595285	0.005893909626719057	0.0068762278978389	0.005893909626719057	0.003929273084479371	0.005893909626719057	0.004911591355599214	0.0068762278978389	0.004911591355599214	0.0019646365422396855	0.007858546168958742	0.0068762278978389	0.004911591355599214	0.005893909626719057	0.0019646365422396855	0.0019646365422396855	0.0029469548133595285	0.007858546168958742	0.003929273084479371	0.0019646365422396855	0.005893909626719057	0.0029469548133595285	0.007858546168958742	0.0029469548133595285	0.0068762278978389	0.007858546168958742	0.004911591355599214	0.003929273084479371	0.003929273084479371	0.004911591355599214	0.0029469548133595285	0.004911591355599214	0.0068762278978389	0.005893909626719057	0.004911591355599214	0.003929273084479371	0.005893909626719057	0.0019646365422396855	0.007858546168958742	0.005893909626719057	0.0019646365422396855	0.007858546168958742	0.007858546168958742	0.003929273084479371	0.003929273084479371	0.004911591355599214	0.0068762278978389	0.0029469548133595285	0.004911591355599214	0.0029469548133595285	0.004911591355599214	0.005893909626719057	0.005893909626719057	0.007858546168958742	0.0019646365422396855	0.004911591355599214	0.003929273084479371	0.003929273084479371	0.003929273084479371	0.005893909626719057	0.0029469548133595285	0.004911591355599214	0.005893909626719057	0.003929273084479371	0.003929273084479371	0.004911591355599214	0.0068762278978389	0.005893909626719057	0.007858546168958742	0.004911591355599214	0.007858546168958742	0.0029469548133595285	0.0019646365422396855	0.005893909626719057	0.005893909626719057	0.004911591355599214	0.007858546168958742	0.0029469548133595285	0.004911591355599214	0.0068762278978389	0.005893909626719057	0.005893909626719057	0.007858546168958742	0.0019646365422396855	0.004911591355599214	0.004911591355599214	0.004911591355599214	0.003929273084479371	0.0068762278978389	0.003929273084479371	0.005893909626719057	0.005893909626719057	0.005893909626719057	0.003929273084479371	0.0029469548133595285	0.0068762278978389	0.004911591355599214	0.0029469548133595285	0.007858546168958742	0.003929273084479371	0.007858546168958742	0.004911591355599214	0.0029469548133595285	0.0068762278978389	0.0068762278978389	0.007858546168958742	0.0068762278978389	0.004911591355599214	0.005893909626719057	0.0029469548133595285	0.004911591355599214	0.0029469548133595285	0.007858546168958742	0.0019646365422396855	0.0029469548133595285	0.005893909626719057	0.007858546168958742	0.005893909626719057	0.004911591355599214	0.003929273084479371	0.004911591355599214	0.0029469548133595285	0.004911591355599214	0.004911591355599214	0.0029469548133595285	0.0068762278978389	0.005893909626719057	0.007858546168958742	0.004911591355599214	0.0068762278978389	0.0068762278978389	0.0029469548133595285	0.0019646365422396855	0.005893909626719057	0.0029469548133595285	0.005893909626719057	0.005893909626719057	0.0029469548133595285	0.0029469548133595285	0.004911591355599214	0.0029469548133595285	0.0068762278978389	0.007858546168958742	0.0068762278978389	0.005893909626719057	0.004911591355599214	0.007858546168958742	0.004911591355599214	0.003929273084479371	0.0029469548133595285	0.005893909626719057	0.0068762278978389	0.0019646365422396855	0.005893909626719057	0.004911591355599214	0.0019646365422396855	0.0029469548133595285	0.003929273084479371	0.0019646365422396855	0.004911591355599214	0.004911591355599214	0.005893909626719057	0.005893909626719057	0.004911591355599214	0.003929273084479371	0.005893909626719057	0.003929273084479371	0.005893909626719057	0.007858546168958742	0.0029469548133595285	0.0068762278978389	0.005893909626719057	0.0029469548133595285
Lambda_1:	0.003992015968063872	0.006986027944111776	0.0029940119760479044	0.007984031936127744	0.006986027944111776	0.001996007984031936	0.0029940119760479044	0.001996007984031936	0.007984031936127744	0.006986027944111776	0.0029940119760479044	0.007984031936127744	0.007984031936127744	0.005988023952095809	0.005988023952095809	0.001996007984031936	0.003992015968063872	0.003992015968063872	0.006986027944111776	0.001996007984031936	0.005988023952095809	0.006986027944111776	0.003992015968063872	0.006986027944111776	0.005988023952095809	0.007984031936127744	0.00499001996007984	0.005988023952095809	0.001996007984031936	0.003992015968063872	0.001996007984031936	0.005988023952095809	0.001996007984031936	0.001996007984031936	0.007984031936127744	0.00499001996007984	0.007984031936127744	0.005988023952095809	0.007984031936127744	0.006986027944111776	0.0029940119760479044	0.00499001996007984	0.003992015968063872	0.001996007984031936	0.006986027944111776	0.005988023952095809	0.007984031936127744	0.001996007984031936	0.0029940119760479044	0.0029940119760479044	0.007984031936127744	0.003992015968063872	0.006986027944111776	0.006986027944111776	0.001996007984031936	0.003992015968063872	0.00499001996007984	0.001996007984031936	0.007984031936127744	0.006986027944111776	0.00499001996007984	0.0029940119760479044	0.00499001996007984	0.0029940119760479044	0.001996007984031936	0.007984031936127744	0.0029940119760479044	0.007984031936127744	0.005988023952095809	0.0029940119760479044	0.007984031936127744	0.005988023952095809	0.001996007984031936	0.005988023952095809	0.00499001996007984	0.006986027944111776	0.001996007984031936	0.0029940119760479044	0.001996007984031936	0.007984031936127744	0.0029940119760479044	0.00499001996007984	0.001996007984031936	0.007984031936127744	0.003992015968063872	0.005988023952095809	0.001996007984031936	0.00499001996007984	0.003992015968063872	0.001996007984031936	0.007984031936127744	0.006986027944111776	0.006986027944111776	0.001996007984031936	0.005988023952095809	0.001996007984031936	0.003992015968063872	0.005988023952095809	0.00499001996007984	0.0029940119760479044	0.007984031936127744	0.0029940119760479044	0.005988023952095809	0.001996007984031936	0.003992015968063872	0.007984031936127744	0.006986027944111776	0.003992015968063872	0.003992015968063872	0.005988023952095809	0.005988023952095809	0.0029940119760479044	0.005988023952095809	0.003992015968063872	0.006986027944111776	0.007984031936127744	0.0029940119760479044	0.0029940119760479044	0.0029940119760479044	0.007984031936127744	0.003992015968063872	0.005988023952095809	0.005988023952095809	0.006986027944111776	0.007984031936127744	0.001996007984031936	0.006986027944111776	0.0029940119760479044	0.007984031936127744	0.00499001996007984	0.007984031936127744	0.001996007984031936	0.003992015968063872	0.007984031936127744	0.005988023952095809	0.003992015968063872	0.005988023952095809	0.001996007984031936	0.001996007984031936	0.00499001996007984	0.0029940119760479044	0.006986027944111776	0.00499001996007984	0.003992015968063872	0.00499001996007984	0.00499001996007984	0.001996007984031936	0.006986027944111776	0.00499001996007984	0.001996007984031936	0.007984031936127744	0.006986027944111776	0.003992015968063872	0.001996007984031936	0.005988023952095809	0.003992015968063872	0.005988023952095809	0.003992015968063872	0.0029940119760479044	0.003992015968063872	0.00499001996007984	0.0029940119760479044	0.0029940119760479044	0.003992015968063872	0.007984031936127744	0.006986027944111776	0.001996007984031936	0.005988023952095809	0.00499001996007984	0.001996007984031936	0.005988023952095809	0.007984031936127744	0.005988023952095809	0.001996007984031936	0.006986027944111776	0.007984031936127744	0.0029940119760479044	0.001996007984031936	0.006986027944111776	0.007984031936127744	0.003992015968063872	0.007984031936127744	0.00499001996007984	0.003992015968063872	0.0029940119760479044	0.007984031936127744	0.0029940119760479044	0.00499001996007984	0.00499001996007984	0.005988023952095809	0.007984031936127744	0.0029940119760479044	0.007984031936127744	0.007984031936127744	0.007984031936127744	0.006986027944111776	0.001996007984031936	0.003992015968063872	0.00499001996007984	0.003992015968063872
Lambda_2:	0.003913894324853229	0.0029354207436399216	0.003913894324853229	0.003913894324853229	0.00684931506849315	0.0019569471624266144	0.0019569471624266144	0.003913894324853229	0.00684931506849315	0.007827788649706457	0.007827788649706457	0.004892367906066536	0.005870841487279843	0.003913894324853229	0.00684931506849315	0.0019569471624266144	0.00684931506849315	0.0019569471624266144	0.004892367906066536	0.007827788649706457	0.00684931506849315	0.0019569471624266144	0.007827788649706457	0.003913894324853229	0.0029354207436399216	0.007827788649706457	0.0029354207436399216	0.0019569471624266144	0.0029354207436399216	0.007827788649706457	0.0019569471624266144	0.00684931506849315	0.00684931506849315	0.0029354207436399216	0.007827788649706457	0.004892367906066536	0.003913894324853229	0.007827788649706457	0.007827788649706457	0.007827788649706457	0.0029354207436399216	0.004892367906066536	0.0029354207436399216	0.004892367906066536	0.00684931506849315	0.0029354207436399216	0.007827788649706457	0.00684931506849315	0.003913894324853229	0.00684931506849315	0.00684931506849315	0.004892367906066536	0.0019569471624266144	0.0029354207436399216	0.007827788649706457	0.0019569471624266144	0.00684931506849315	0.0019569471624266144	0.005870841487279843	0.005870841487279843	0.00684931506849315	0.003913894324853229	0.0019569471624266144	0.004892367906066536	0.004892367906066536	0.004892367906066536	0.005870841487279843	0.00684931506849315	0.003913894324853229	0.00684931506849315	0.007827788649706457	0.005870841487279843	0.00684931506849315	0.005870841487279843	0.005870841487279843	0.00684931506849315	0.00684931506849315	0.004892367906066536	0.00684931506849315	0.0019569471624266144	0.00684931506849315	0.0029354207436399216	0.003913894324853229	0.007827788649706457	0.00684931506849315	0.00684931506849315	0.005870841487279843	0.00684931506849315	0.005870841487279843	0.00684931506849315	0.0019569471624266144	0.003913894324853229	0.007827788649706457	0.004892367906066536	0.007827788649706457	0.0029354207436399216	0.003913894324853229	0.003913894324853229	0.0029354207436399216	0.005870841487279843	0.00684931506849315	0.00684931506849315	0.003913894324853229	0.0029354207436399216	0.0029354207436399216	0.0029354207436399216	0.00684931506849315	0.0029354207436399216	0.007827788649706457	0.005870841487279843	0.004892367906066536	0.004892367906066536	0.005870841487279843	0.00684931506849315	0.00684931506849315	0.0019569471624266144	0.005870841487279843	0.0019569471624266144	0.0019569471624266144	0.0029354207436399216	0.005870841487279843	0.0019569471624266144	0.004892367906066536	0.007827788649706457	0.00684931506849315	0.007827788649706457	0.0029354207436399216	0.005870841487279843	0.003913894324853229	0.0019569471624266144	0.004892367906066536	0.003913894324853229	0.0019569471624266144	0.007827788649706457	0.003913894324853229	0.0029354207436399216	0.007827788649706457	0.003913894324853229	0.003913894324853229	0.0019569471624266144	0.00684931506849315	0.007827788649706457	0.007827788649706457	0.004892367906066536	0.003913894324853229	0.0029354207436399216	0.005870841487279843	0.00684931506849315	0.007827788649706457	0.0019569471624266144	0.0019569471624266144	0.007827788649706457	0.004892367906066536	0.003913894324853229	0.0019569471624266144	0.0019569471624266144	0.00684931506849315	0.0029354207436399216	0.0019569471624266144	0.004892367906066536	0.0019569471624266144	0.0019569471624266144	0.0029354207436399216	0.003913894324853229	0.0029354207436399216	0.00684931506849315	0.005870841487279843	0.0029354207436399216	0.004892367906066536	0.00684931506849315	0.007827788649706457	0.007827788649706457	0.00684931506849315	0.005870841487279843	0.003913894324853229	0.0019569471624266144	0.004892367906066536	0.00684931506849315	0.007827788649706457	0.007827788649706457	0.0019569471624266144	0.003913894324853229	0.0029354207436399216	0.005870841487279843	0.007827788649706457	0.005870841487279843	0.00684931506849315	0.005870841487279843	0.0029354207436399216	0.005870841487279843	0.004892367906066536	0.00684931506849315	0.005870841487279843	0.0029354207436399216	0.0029354207436399216	0.0019569471624266144	0.003913894324853229	0.00684931506849315	0.0029354207436399216	0.007827788649706457
Lambda_3:	0.006756756756756757	0.0019305019305019305	0.004826254826254826	0.007722007722007722	0.0028957528957528956	0.003861003861003861	0.003861003861003861	0.005791505791505791	0.007722007722007722	0.006756756756756757	0.007722007722007722	0.0028957528957528956	0.007722007722007722	0.005791505791505791	0.004826254826254826	0.004826254826254826	0.0019305019305019305	0.003861003861003861	0.004826254826254826	0.0028957528957528956	0.0019305019305019305	0.006756756756756757	0.003861003861003861	0.006756756756756757	0.007722007722007722	0.0028957528957528956	0.005791505791505791	0.007722007722007722	0.003861003861003861	0.003861003861003861	0.0028957528957528956	0.007722007722007722	0.007722007722007722	0.003861003861003861	0.004826254826254826	0.004826254826254826	0.003861003861003861	0.004826254826254826	0.005791505791505791	0.0019305019305019305	0.004826254826254826	0.004826254826254826	0.003861003861003861	0.005791505791505791	0.006756756756756757	0.005791505791505791	0.007722007722007722	0.006756756756756757	0.003861003861003861	0.005791505791505791	0.004826254826254826	0.004826254826254826	0.0028957528957528956	0.003861003861003861	0.007722007722007722	0.0019305019305019305	0.005791505791505791	0.0019305019305019305	0.004826254826254826	0.003861003861003861	0.007722007722007722	0.007722007722007722	0.004826254826254826	0.005791505791505791	0.0028957528957528956	0.006756756756756757	0.0028957528957528956	0.0019305019305019305	0.0028957528957528956	0.004826254826254826	0.003861003861003861	0.007722007722007722	0.0028957528957528956	0.004826254826254826	0.0019305019305019305	0.006756756756756757	0.005791505791505791	0.005791505791505791	0.007722007722007722	0.004826254826254826	0.0019305019305019305	0.007722007722007722	0.006756756756756757	0.0019305019305019305	0.0019305019305019305	0.007722007722007722	0.006756756756756757	0.007722007722007722	0.007722007722007722	0.003861003861003861	0.003861003861003861	0.006756756756756757	0.0028957528957528956	0.0019305019305019305	0.004826254826254826	0.003861003861003861	0.006756756756756757	0.003861003861003861	0.007722007722007722	0.005791505791505791	0.0019305019305019305	0.0028957528957528956	0.004826254826254826	0.006756756756756757	0.007722007722007722	0.005791505791505791	0.0019305019305019305	0.0028957528957528956	0.004826254826254826	0.005791505791505791	0.0028957528957528956	0.003861003861003861	0.007722007722007722	0.006756756756756757	0.006756756756756757	0.003861003861003861	0.004826254826254826	0.0028957528957528956	0.006756756756756757	0.005791505791505791	0.0019305019305019305	0.0019305019305019305	0.007722007722007722	0.003861003861003861	0.007722007722007722	0.003861003861003861	0.0028957528957528956	0.007722007722007722	0.003861003861003861	0.004826254826254826	0.006756756756756757	0.007722007722007722	0.003861003861003861	0.0028957528957528956	0.0028957528957528956	0.003861003861003861	0.006756756756756757	0.005791505791505791	0.0028957528957528956	0.006756756756756757	0.0028957528957528956	0.007722007722007722	0.005791505791505791	0.005791505791505791	0.004826254826254826	0.004826254826254826	0.0028957528957528956	0.005791505791505791	0.004826254826254826	0.004826254826254826	0.003861003861003861	0.005791505791505791	0.0019305019305019305	0.003861003861003861	0.003861003861003861	0.007722007722007722	0.006756756756756757	0.0028957528957528956	0.004826254826254826	0.007722007722007722	0.005791505791505791	0.005791505791505791	0.005791505791505791	0.003861003861003861	0.006756756756756757	0.003861003861003861	0.003861003861003861	0.003861003861003861	0.004826254826254826	0.007722007722007722	0.006756756756756757	0.003861003861003861	0.003861003861003861	0.005791505791505791	0.007722007722007722	0.003861003861003861	0.005791505791505791	0.007722007722007722	0.0019305019305019305	0.0019305019305019305	0.005791505791505791	0.004826254826254826	0.003861003861003861	0.007722007722007722	0.007722007722007722	0.0019305019305019305	0.005791505791505791	0.006756756756756757	0.0028957528957528956	0.005791505791505791	0.003861003861003861	0.0028957528957528956	0.003861003861003861	0.005791505791505791	0.006756756756756757	0.004826254826254826	0.0028957528957528956	0.007722007722007722	0.007722007722007722	0.005791505791505791
Lambda_4:	0.0062959076600209865	0.007345225603357817	0.0062959076600209865	0.007345225603357817	0.0062959076600209865	0.004197271773347324	0.008394543546694649	0.002098635886673662	0.005246589716684155	0.007345225603357817	0.008394543546694649	0.0031479538300104933	0.008394543546694649	0.005246589716684155	0.007345225603357817	0.007345225603357817	0.002098635886673662	0.0062959076600209865	0.004197271773347324	0.005246589716684155	0.0062959076600209865	0.0062959076600209865	0.0031479538300104933	0.004197271773347324	0.004197271773347324	0.0062959076600209865	0.008394543546694649	0.0031479538300104933	0.0031479538300104933	0.005246589716684155	0.002098635886673662	0.0031479538300104933	0.008394543546694649	0.002098635886673662	0.0062959076600209865	0.004197271773347324	0.002098635886673662	0.0062959076600209865	0.002098635886673662	0.0062959076600209865	0.0062959076600209865	0.008394543546694649	0.008394543546694649	0.002098635886673662	0.002098635886673662	0.007345225603357817	0.0031479538300104933	0.007345225603357817	0.0062959076600209865	0.0031479538300104933	0.0031479538300104933	0.005246589716684155	0.0062959076600209865	0.002098635886673662	0.004197271773347324	0.0062959076600209865	0.008394543546694649	0.004197271773347324	0.0031479538300104933	0.004197271773347324	0.008394543546694649	0.0062959076600209865	0.0031479538300104933	0.008394543546694649	0.002098635886673662	0.0031479538300104933	0.0062959076600209865	0.008394543546694649	0.005246589716684155	0.002098635886673662	0.007345225603357817	0.0031479538300104933	0.008394543546694649	0.004197271773347324	0.007345225603357817	0.0062959076600209865	0.0031479538300104933	0.008394543546694649	0.004197271773347324	0.002098635886673662	0.004197271773347324	0.007345225603357817	0.002098635886673662	0.008394543546694649	0.005246589716684155	0.0062959076600209865	0.002098635886673662	0.0062959076600209865	0.0062959076600209865	0.008394543546694649	0.008394543546694649	0.005246589716684155	0.004197271773347324	0.007345225603357817	0.004197271773347324	0.0031479538300104933	0.005246589716684155	0.007345225603357817	0.004197271773347324	0.0031479538300104933	0.004197271773347324	0.004197271773347324	0.0062959076600209865	0.0031479538300104933	0.0062959076600209865	0.005246589716684155	0.0062959076600209865	0.008394543546694649	0.004197271773347324	0.008394543546694649	0.002098635886673662	0.008394543546694649	0.004197271773347324	0.0031479538300104933	0.004197271773347324	0.002098635886673662	0.0031479538300104933	0.004197271773347324	0.0062959076600209865	0.008394543546694649	0.007345225603357817	0.0062959076600209865	0.0062959076600209865	0.008394543546694649	0.0031479538300104933	0.0031479538300104933	0.005246589716684155	0.005246589716684155	0.002098635886673662	0.002098635886673662	0.0062959076600209865	0.002098635886673662	0.002098635886673662	0.002098635886673662	0.002098635886673662	0.002098635886673662	0.0031479538300104933	0.0062959076600209865	0.007345225603357817	0.002098635886673662	0.007345225603357817	0.005246589716684155	0.0062959076600209865	0.004197271773347324	0.007345225603357817	0.0062959076600209865	0.002098635886673662	0.005246589716684155	0.002098635886673662	0.008394543546694649	0.005246589716684155	0.0031479538300104933	0.0031479538300104933	0.004197271773347324	0.0062959076600209865	0.005246589716684155	0.004197271773347324	0.007345225603357817	0.002098635886673662	0.005246589716684155	0.0031479538300104933	0.004197271773347324	0.004197271773347324	0.002098635886673662	0.0031479538300104933	0.008394543546694649	0.002098635886673662	0.004197271773347324	0.004197271773347324	0.002098635886673662	0.007345225603357817	0.002098635886673662	0.005246589716684155	0.005246589716684155	0.0031479538300104933	0.005246589716684155	0.002098635886673662	0.008394543546694649	0.005246589716684155	0.004197271773347324	0.007345225603357817	0.008394543546694649	0.004197271773347324	0.005246589716684155	0.007345225603357817	0.008394543546694649	0.0031479538300104933	0.0031479538300104933	0.004197271773347324	0.0031479538300104933	0.002098635886673662	0.0031479538300104933	0.002098635886673662	0.0031479538300104933	0.005246589716684155	0.005246589716684155	0.008394543546694649	0.002098635886673662	0.002098635886673662	0.0062959076600209865
Lambda_5:	0.0021390374331550803	0.0032085561497326204	0.0074866310160427805	0.006417112299465241	0.008556149732620321	0.008556149732620321	0.0074866310160427805	0.008556149732620321	0.006417112299465241	0.0021390374331550803	0.0053475935828877	0.0053475935828877	0.0042780748663101605	0.0021390374331550803	0.006417112299465241	0.0053475935828877	0.0053475935828877	0.0053475935828877	0.0021390374331550803	0.0074866310160427805	0.0032085561497326204	0.0053475935828877	0.0032085561497326204	0.006417112299465241	0.0042780748663101605	0.006417112299465241	0.0074866310160427805	0.0053475935828877	0.0053475935828877	0.0074866310160427805	0.006417112299465241	0.0042780748663101605	0.0021390374331550803	0.0032085561497326204	0.0042780748663101605	0.0053475935828877	0.0032085561497326204	0.0074866310160427805	0.0021390374331550803	0.008556149732620321	0.0032085561497326204	0.0021390374331550803	0.0032085561497326204	0.006417112299465241	0.0074866310160427805	0.006417112299465241	0.0074866310160427805	0.0042780748663101605	0.0032085561497326204	0.0053475935828877	0.0021390374331550803	0.0032085561497326204	0.0032085561497326204	0.0042780748663101605	0.0053475935828877	0.0021390374331550803	0.0042780748663101605	0.0053475935828877	0.0021390374331550803	0.006417112299465241	0.008556149732620321	0.0032085561497326204	0.0032085561497326204	0.0074866310160427805	0.0021390374331550803	0.0021390374331550803	0.0053475935828877	0.0053475935828877	0.0032085561497326204	0.0074866310160427805	0.0032085561497326204	0.006417112299465241	0.0021390374331550803	0.0021390374331550803	0.0021390374331550803	0.0021390374331550803	0.0042780748663101605	0.0074866310160427805	0.0021390374331550803	0.008556149732620321	0.0053475935828877	0.0053475935828877	0.0021390374331550803	0.0042780748663101605	0.0074866310160427805	0.0032085561497326204	0.0021390374331550803	0.008556149732620321	0.0021390374331550803	0.006417112299465241	0.0021390374331550803	0.006417112299465241	0.0042780748663101605	0.0074866310160427805	0.0074866310160427805	0.0074866310160427805	0.0053475935828877	0.0053475935828877	0.0021390374331550803	0.0021390374331550803	0.006417112299465241	0.0021390374331550803	0.0032085561497326204	0.0021390374331550803	0.0074866310160427805	0.0074866310160427805	0.0074866310160427805	0.006417112299465241	0.006417112299465241	0.0074866310160427805	0.006417112299465241	0.008556149732620321	0.0074866310160427805	0.0053475935828877	0.0042780748663101605	0.0053475935828877	0.0074866310160427805	0.0074866310160427805	0.0042780748663101605	0.0074866310160427805	0.006417112299465241	0.008556149732620321	0.008556149732620321	0.006417112299465241	0.0074866310160427805	0.0032085561497326204	0.0042780748663101605	0.0021390374331550803	0.0021390374331550803	0.008556149732620321	0.008556149732620321	0.0053475935828877	0.0032085561497326204	0.0042780748663101605	0.006417112299465241	0.0032085561497326204	0.0021390374331550803	0.0042780748663101605	0.0053475935828877	0.0021390374331550803	0.0053475935828877	0.008556149732620321	0.0053475935828877	0.0053475935828877	0.006417112299465241	0.0074866310160427805	0.0032085561497326204	0.0042780748663101605	0.0074866310160427805	0.0032085561497326204	0.0053475935828877	0.0032085561497326204	0.0042780748663101605	0.0053475935828877	0.0042780748663101605	0.0021390374331550803	0.006417112299465241	0.0021390374331550803	0.0074866310160427805	0.0053475935828877	0.0021390374331550803	0.006417112299465241	0.0021390374331550803	0.0053475935828877	0.0032085561497326204	0.0053475935828877	0.0021390374331550803	0.008556149732620321	0.0032085561497326204	0.0074866310160427805	0.006417112299465241	0.0053475935828877	0.0053475935828877	0.0021390374331550803	0.006417112299465241	0.0032085561497326204	0.0032085561497326204	0.006417112299465241	0.0032085561497326204	0.0074866310160427805	0.0021390374331550803	0.006417112299465241	0.0032085561497326204	0.0074866310160427805	0.0042780748663101605	0.0053475935828877	0.0042780748663101605	0.006417112299465241	0.0021390374331550803	0.0021390374331550803	0.006417112299465241	0.0021390374331550803	0.0074866310160427805	0.0053475935828877	0.0074866310160427805	0.0021390374331550803	0.0042780748663101605	0.008556149732620321	0.0032085561497326204	0.0021390374331550803
Lambda_6:	0.006704980842911878	0.007662835249042145	0.005747126436781609	0.004789272030651341	0.005747126436781609	0.007662835249042145	0.0028735632183908046	0.0028735632183908046	0.0038314176245210726	0.0028735632183908046	0.005747126436781609	0.0019157088122605363	0.004789272030651341	0.007662835249042145	0.005747126436781609	0.0028735632183908046	0.006704980842911878	0.0019157088122605363	0.007662835249042145	0.004789272030651341	0.004789272030651341	0.006704980842911878	0.007662835249042145	0.006704980842911878	0.006704980842911878	0.0028735632183908046	0.0038314176245210726	0.0038314176245210726	0.0019157088122605363	0.004789272030651341	0.004789272030651341	0.0019157088122605363	0.005747126436781609	0.0028735632183908046	0.0019157088122605363	0.0019157088122605363	0.0038314176245210726	0.007662835249042145	0.004789272030651341	0.005747126436781609	0.0028735632183908046	0.006704980842911878	0.007662835249042145	0.007662835249042145	0.006704980842911878	0.007662835249042145	0.0038314176245210726	0.0038314176245210726	0.0028735632183908046	0.007662835249042145	0.006704980842911878	0.005747126436781609	0.004789272030651341	0.006704980842911878	0.007662835249042145	0.0038314176245210726	0.0019157088122605363	0.006704980842911878	0.004789272030651341	0.007662835249042145	0.007662835249042145	0.007662835249042145	0.004789272030651341	0.006704980842911878	0.0019157088122605363	0.005747126436781609	0.006704980842911878	0.007662835249042145	0.005747126436781609	0.004789272030651341	0.007662835249042145	0.004789272030651341	0.007662835249042145	0.0028735632183908046	0.006704980842911878	0.005747126436781609	0.0028735632183908046	0.004789272030651341	0.005747126436781609	0.004789272030651341	0.004789272030651341	0.0028735632183908046	0.0019157088122605363	0.0038314176245210726	0.0028735632183908046	0.0019157088122605363	0.004789272030651341	0.0019157088122605363	0.004789272030651341	0.005747126436781609	0.0038314176245210726	0.006704980842911878	0.005747126436781609	0.006704980842911878	0.0019157088122605363	0.004789272030651341	0.004789272030651341	0.0019157088122605363	0.0028735632183908046	0.005747126436781609	0.0028735632183908046	0.0019157088122605363	0.0019157088122605363	0.007662835249042145	0.004789272030651341	0.0019157088122605363	0.006704980842911878	0.004789272030651341	0.0028735632183908046	0.0038314176245210726	0.0038314176245210726	0.006704980842911878	0.0019157088122605363	0.006704980842911878	0.006704980842911878	0.0019157088122605363	0.004789272030651341	0.006704980842911878	0.006704980842911878	0.005747126436781609	0.0028735632183908046	0.004789272030651341	0.0019157088122605363	0.0028735632183908046	0.004789272030651341	0.007662835249042145	0.007662835249042145	0.007662835249042145	0.005747126436781609	0.005747126436781609	0.005747126436781609	0.004789272030651341	0.004789272030651341	0.0019157088122605363	0.004789272030651341	0.004789272030651341	0.007662835249042145	0.005747126436781609	0.005747126436781609	0.007662835249042145	0.006704980842911878	0.0019157088122605363	0.006704980842911878	0.006704980842911878	0.006704980842911878	0.005747126436781609	0.004789272030651341	0.006704980842911878	0.006704980842911878	0.006704980842911878	0.007662835249042145	0.0038314176245210726	0.0038314176245210726	0.0019157088122605363	0.007662835249042145	0.006704980842911878	0.004789272030651341	0.004789272030651341	0.0019157088122605363	0.0028735632183908046	0.004789272030651341	0.005747126436781609	0.004789272030651341	0.0028735632183908046	0.004789272030651341	0.0019157088122605363	0.006704980842911878	0.006704980842911878	0.006704980842911878	0.0038314176245210726	0.0028735632183908046	0.0019157088122605363	0.0028735632183908046	0.006704980842911878	0.005747126436781609	0.005747126436781609	0.006704980842911878	0.0038314176245210726	0.007662835249042145	0.007662835249042145	0.005747126436781609	0.004789272030651341	0.006704980842911878	0.005747126436781609	0.004789272030651341	0.0028735632183908046	0.0038314176245210726	0.0028735632183908046	0.0038314176245210726	0.007662835249042145	0.006704980842911878	0.004789272030651341	0.0038314176245210726	0.005747126436781609	0.006704980842911878	0.0028735632183908046	0.004789272030651341	0.0019157088122605363	0.006704980842911878	0.005747126436781609
Lambda_7:	0.008088978766430738	0.006066734074823054	0.0020222446916076846	0.007077856420626896	0.004044489383215369	0.007077856420626896	0.008088978766430738	0.007077856420626896	0.005055611729019211	0.004044489383215369	0.004044489383215369	0.005055611729019211	0.006066734074823054	0.004044489383215369	0.006066734074823054	0.006066734074823054	0.005055611729019211	0.006066734074823054	0.007077856420626896	0.008088978766430738	0.006066734074823054	0.0020222446916076846	0.004044489383215369	0.006066734074823054	0.0020222446916076846	0.005055611729019211	0.008088978766430738	0.008088978766430738	0.0020222446916076846	0.0020222446916076846	0.004044489383215369	0.0020222446916076846	0.007077856420626896	0.004044489383215369	0.004044489383215369	0.008088978766430738	0.006066734074823054	0.007077856420626896	0.004044489383215369	0.008088978766430738	0.006066734074823054	0.007077856420626896	0.003033367037411527	0.003033367037411527	0.004044489383215369	0.008088978766430738	0.006066734074823054	0.008088978766430738	0.005055611729019211	0.0020222446916076846	0.004044489383215369	0.004044489383215369	0.005055611729019211	0.004044489383215369	0.008088978766430738	0.003033367037411527	0.005055611729019211	0.004044489383215369	0.007077856420626896	0.0020222446916076846	0.003033367037411527	0.004044489383215369	0.003033367037411527	0.0020222446916076846	0.006066734074823054	0.006066734074823054	0.004044489383215369	0.005055611729019211	0.003033367037411527	0.004044489383215369	0.006066734074823054	0.008088978766430738	0.007077856420626896	0.0020222446916076846	0.005055611729019211	0.004044489383215369	0.008088978766430738	0.003033367037411527	0.005055611729019211	0.0020222446916076846	0.007077856420626896	0.006066734074823054	0.0020222446916076846	0.005055611729019211	0.005055611729019211	0.004044489383215369	0.004044489383215369	0.008088978766430738	0.004044489383215369	0.0020222446916076846	0.007077856420626896	0.008088978766430738	0.004044489383215369	0.0020222446916076846	0.007077856420626896	0.005055611729019211	0.006066734074823054	0.0020222446916076846	0.005055611729019211	0.004044489383215369	0.0020222446916076846	0.005055611729019211	0.0020222446916076846	0.005055611729019211	0.006066734074823054	0.004044489383215369	0.004044489383215369	0.006066734074823054	0.003033367037411527	0.005055611729019211	0.006066734074823054	0.005055611729019211	0.008088978766430738	0.006066734074823054	0.003033367037411527	0.005055611729019211	0.008088978766430738	0.006066734074823054	0.0020222446916076846	0.0020222446916076846	0.007077856420626896	0.0020222446916076846	0.003033367037411527	0.006066734074823054	0.008088978766430738	0.0020222446916076846	0.005055611729019211	0.007077856420626896	0.006066734074823054	0.0020222446916076846	0.005055611729019211	0.006066734074823054	0.008088978766430738	0.003033367037411527	0.004044489383215369	0.0020222446916076846	0.006066734074823054	0.003033367037411527	0.007077856420626896	0.008088978766430738	0.008088978766430738	0.006066734074823054	0.007077856420626896	0.005055611729019211	0.005055611729019211	0.007077856420626896	0.005055611729019211	0.008088978766430738	0.0020222446916076846	0.006066734074823054	0.0020222446916076846	0.006066734074823054	0.004044489383215369	0.0020222446916076846	0.004044489383215369	0.005055611729019211	0.003033367037411527	0.005055611729019211	0.006066734074823054	0.006066734074823054	0.004044489383215369	0.006066734074823054	0.006066734074823054	0.0020222446916076846	0.004044489383215369	0.006066734074823054	0.005055611729019211	0.008088978766430738	0.006066734074823054	0.004044489383215369	0.006066734074823054	0.005055611729019211	0.003033367037411527	0.007077856420626896	0.004044489383215369	0.0020222446916076846	0.006066734074823054	0.003033367037411527	0.005055611729019211	0.0020222446916076846	0.003033367037411527	0.007077856420626896	0.0020222446916076846	0.0020222446916076846	0.004044489383215369	0.006066734074823054	0.008088978766430738	0.0020222446916076846	0.006066734074823054	0.007077856420626896	0.0020222446916076846	0.008088978766430738	0.0020222446916076846	0.004044489383215369	0.008088978766430738	0.0020222446916076846	0.006066734074823054	0.008088978766430738	0.006066734074823054	0.008088978766430738
Lambda_8:	0.007759456838021339	0.006789524733268671	0.002909796314258002	0.0038797284190106693	0.006789524733268671	0.006789524733268671	0.0019398642095053346	0.0019398642095053346	0.006789524733268671	0.0038797284190106693	0.007759456838021339	0.005819592628516004	0.0019398642095053346	0.005819592628516004	0.005819592628516004	0.004849660523763337	0.002909796314258002	0.005819592628516004	0.0019398642095053346	0.0019398642095053346	0.002909796314258002	0.006789524733268671	0.0038797284190106693	0.005819592628516004	0.005819592628516004	0.0038797284190106693	0.0038797284190106693	0.0019398642095053346	0.007759456838021339	0.005819592628516004	0.006789524733268671	0.0019398642095053346	0.0038797284190106693	0.007759456838021339	0.004849660523763337	0.005819592628516004	0.004849660523763337	0.002909796314258002	0.007759456838021339	0.006789524733268671	0.006789524733268671	0.006789524733268671	0.005819592628516004	0.006789524733268671	0.0038797284190106693	0.0019398642095053346	0.005819592628516004	0.002909796314258002	0.006789524733268671	0.0019398642095053346	0.005819592628516004	0.007759456838021339	0.0038797284190106693	0.005819592628516004	0.002909796314258002	0.007759456838021339	0.004849660523763337	0.007759456838021339	0.007759456838021339	0.0038797284190106693	0.005819592628516004	0.005819592628516004	0.007759456838021339	0.006789524733268671	0.007759456838021339	0.006789524733268671	0.006789524733268671	0.005819592628516004	0.0019398642095053346	0.006789524733268671	0.004849660523763337	0.002909796314258002	0.005819592628516004	0.0038797284190106693	0.007759456838021339	0.005819592628516004	0.002909796314258002	0.002909796314258002	0.007759456838021339	0.0038797284190106693	0.0038797284190106693	0.007759456838021339	0.007759456838021339	0.007759456838021339	0.0019398642095053346	0.007759456838021339	0.005819592628516004	0.0038797284190106693	0.007759456838021339	0.005819592628516004	0.007759456838021339	0.0038797284190106693	0.0019398642095053346	0.004849660523763337	0.0038797284190106693	0.0019398642095053346	0.002909796314258002	0.0019398642095053346	0.005819592628516004	0.0038797284190106693	0.0038797284190106693	0.004849660523763337	0.007759456838021339	0.004849660523763337	0.0019398642095053346	0.006789524733268671	0.0019398642095053346	0.006789524733268671	0.0038797284190106693	0.006789524733268671	0.0038797284190106693	0.007759456838021339	0.005819592628516004	0.0038797284190106693	0.0038797284190106693	0.0038797284190106693	0.005819592628516004	0.002909796314258002	0.004849660523763337	0.0038797284190106693	0.002909796314258002	0.007759456838021339	0.0038797284190106693	0.007759456838021339	0.007759456838021339	0.0019398642095053346	0.0038797284190106693	0.004849660523763337	0.0038797284190106693	0.007759456838021339	0.004849660523763337	0.002909796314258002	0.0019398642095053346	0.004849660523763337	0.005819592628516004	0.005819592628516004	0.0038797284190106693	0.007759456838021339	0.0038797284190106693	0.002909796314258002	0.006789524733268671	0.004849660523763337	0.002909796314258002	0.0019398642095053346	0.004849660523763337	0.004849660523763337	0.0019398642095053346	0.007759456838021339	0.005819592628516004	0.0019398642095053346	0.005819592628516004	0.0038797284190106693	0.0038797284190106693	0.0038797284190106693	0.005819592628516004	0.006789524733268671	0.006789524733268671	0.007759456838021339	0.007759456838021339	0.0038797284190106693	0.004849660523763337	0.005819592628516004	0.0019398642095053346	0.0038797284190106693	0.005819592628516004	0.007759456838021339	0.007759456838021339	0.006789524733268671	0.002909796314258002	0.004849660523763337	0.007759456838021339	0.002909796314258002	0.006789524733268671	0.005819592628516004	0.0038797284190106693	0.002909796314258002	0.0019398642095053346	0.0019398642095053346	0.005819592628516004	0.007759456838021339	0.0019398642095053346	0.002909796314258002	0.0019398642095053346	0.002909796314258002	0.0038797284190106693	0.006789524733268671	0.006789524733268671	0.004849660523763337	0.002909796314258002	0.0038797284190106693	0.007759456838021339	0.0038797284190106693	0.0019398642095053346	0.005819592628516004	0.004849660523763337	0.006789524733268671	0.006789524733268671	0.005819592628516004	0.007759456838021339	0.0038797284190106693
Lambda_9:	0.006993006993006993	0.004995004995004995	0.005994005994005994	0.003996003996003996	0.001998001998001998	0.006993006993006993	0.003996003996003996	0.006993006993006993	0.003996003996003996	0.005994005994005994	0.001998001998001998	0.004995004995004995	0.003996003996003996	0.003996003996003996	0.001998001998001998	0.007992007992007992	0.005994005994005994	0.005994005994005994	0.004995004995004995	0.001998001998001998	0.002997002997002997	0.007992007992007992	0.007992007992007992	0.006993006993006993	0.003996003996003996	0.004995004995004995	0.004995004995004995	0.005994005994005994	0.006993006993006993	0.006993006993006993	0.003996003996003996	0.003996003996003996	0.005994005994005994	0.007992007992007992	0.002997002997002997	0.005994005994005994	0.007992007992007992	0.003996003996003996	0.002997002997002997	0.001998001998001998	0.006993006993006993	0.005994005994005994	0.007992007992007992	0.006993006993006993	0.002997002997002997	0.003996003996003996	0.007992007992007992	0.005994005994005994	0.003996003996003996	0.005994005994005994	0.001998001998001998	0.006993006993006993	0.007992007992007992	0.002997002997002997	0.005994005994005994	0.002997002997002997	0.006993006993006993	0.002997002997002997	0.002997002997002997	0.004995004995004995	0.001998001998001998	0.006993006993006993	0.002997002997002997	0.005994005994005994	0.002997002997002997	0.006993006993006993	0.003996003996003996	0.003996003996003996	0.006993006993006993	0.005994005994005994	0.004995004995004995	0.005994005994005994	0.002997002997002997	0.006993006993006993	0.005994005994005994	0.001998001998001998	0.005994005994005994	0.005994005994005994	0.004995004995004995	0.002997002997002997	0.006993006993006993	0.005994005994005994	0.005994005994005994	0.007992007992007992	0.003996003996003996	0.001998001998001998	0.006993006993006993	0.007992007992007992	0.001998001998001998	0.003996003996003996	0.007992007992007992	0.003996003996003996	0.004995004995004995	0.002997002997002997	0.002997002997002997	0.004995004995004995	0.003996003996003996	0.001998001998001998	0.007992007992007992	0.003996003996003996	0.004995004995004995	0.002997002997002997	0.006993006993006993	0.004995004995004995	0.001998001998001998	0.003996003996003996	0.006993006993006993	0.004995004995004995	0.006993006993006993	0.005994005994005994	0.005994005994005994	0.003996003996003996	0.002997002997002997	0.003996003996003996	0.002997002997002997	0.006993006993006993	0.005994005994005994	0.005994005994005994	0.004995004995004995	0.003996003996003996	0.005994005994005994	0.007992007992007992	0.001998001998001998	0.007992007992007992	0.001998001998001998	0.001998001998001998	0.001998001998001998	0.005994005994005994	0.004995004995004995	0.003996003996003996	0.001998001998001998	0.007992007992007992	0.004995004995004995	0.003996003996003996	0.003996003996003996	0.006993006993006993	0.006993006993006993	0.003996003996003996	0.007992007992007992	0.005994005994005994	0.006993006993006993	0.001998001998001998	0.003996003996003996	0.004995004995004995	0.005994005994005994	0.001998001998001998	0.006993006993006993	0.005994005994005994	0.003996003996003996	0.002997002997002997	0.007992007992007992	0.005994005994005994	0.003996003996003996	0.004995004995004995	0.002997002997002997	0.007992007992007992	0.002997002997002997	0.004995004995004995	0.001998001998001998	0.007992007992007992	0.006993006993006993	0.005994005994005994	0.007992007992007992	0.005994005994005994	0.003996003996003996	0.002997002997002997	0.001998001998001998	0.005994005994005994	0.002997002997002997	0.002997002997002997	0.005994005994005994	0.002997002997002997	0.006993006993006993	0.002997002997002997	0.004995004995004995	0.006993006993006993	0.003996003996003996	0.004995004995004995	0.003996003996003996	0.002997002997002997	0.005994005994005994	0.007992007992007992	0.001998001998001998	0.006993006993006993	0.003996003996003996	0.001998001998001998	0.006993006993006993	0.001998001998001998	0.004995004995004995	0.001998001998001998	0.007992007992007992	0.005994005994005994	0.006993006993006993	0.004995004995004995	0.002997002997002997	0.002997002997002997	0.006993006993006993	0.004995004995004995	0.005994005994005994	0.005994005994005994
q:	6000	6000	4000	1000	8000	7000	3000	4000	2000	1000
