(NUMBER_COMPETITOR,I,J,K)	(5,30,30,50)
COMPETITORS	10	13	3	11	25
k=0:	10	2	17	7	16	24	9	4	15	28	0	8	18	25	1	23	3	26	5	14	13	29	21	19	22	12	20	6	11	27
k=1:	16	22	28	1	10	7	24	19	15	2	12	25	20	13	23	6	8	27	18	29	9	21	4	11	0	3	26	14	17	5
k=2:	12	29	16	7	22	23	17	6	26	11	20	19	10	1	28	24	5	13	15	27	0	14	8	25	4	21	3	9	2	18
k=3:	2	3	0	10	22	26	28	14	18	17	29	19	9	23	25	16	5	1	15	4	6	24	7	12	20	27	11	8	21	13
k=4:	4	26	15	22	12	24	28	19	1	7	9	18	2	16	27	5	13	20	0	11	10	21	25	29	6	14	8	3	23	17
k=5:	23	26	1	27	17	8	14	21	3	16	0	24	6	5	9	20	12	28	13	19	22	7	2	29	10	15	11	4	18	25
k=6:	5	10	27	19	22	23	13	25	29	11	20	8	6	14	28	9	21	1	18	24	3	15	4	17	26	16	2	7	12	0
k=7:	18	5	21	24	3	9	25	22	0	4	15	2	13	19	28	1	12	29	8	14	20	17	11	6	26	16	27	10	23	7
k=8:	25	24	22	18	8	17	5	21	3	12	14	16	7	1	6	19	20	26	2	4	27	29	0	10	13	9	15	23	28	11
k=9:	16	14	12	10	5	29	6	4	26	20	15	3	11	7	28	2	24	25	27	0	19	23	17	8	9	21	22	18	13	1
k=10:	25	18	12	16	29	26	28	8	10	11	15	1	4	14	22	23	2	6	24	5	27	21	20	13	7	3	17	0	19	9
k=11:	4	2	6	3	5	9	21	16	27	29	8	19	13	18	10	23	17	20	11	15	7	28	1	22	14	12	24	0	26	25
k=12:	17	10	23	21	1	14	11	15	13	16	0	27	6	25	3	5	29	8	28	20	4	9	7	26	18	22	24	19	2	12
k=13:	7	14	9	1	17	3	22	6	24	21	10	15	23	0	28	16	5	25	2	8	26	4	20	27	18	13	11	12	19	29
k=14:	8	0	18	22	16	25	17	4	12	9	13	11	20	3	2	5	19	7	27	24	29	10	23	14	26	28	21	1	15	6
k=15:	5	14	8	15	6	29	12	20	3	13	0	9	21	10	23	25	24	4	28	11	19	17	1	27	26	18	22	2	16	7
k=16:	10	28	5	2	27	18	15	12	7	29	0	9	22	16	13	17	20	6	14	4	19	26	24	25	11	21	3	23	1	8
k=17:	12	15	19	1	14	17	20	27	26	0	28	8	24	7	21	23	4	13	16	11	25	2	22	6	29	10	5	18	3	9
k=18:	12	18	7	19	20	17	3	27	26	10	16	15	4	2	8	14	24	29	25	0	28	9	21	1	23	6	13	11	22	5
k=19:	18	7	6	27	3	17	22	19	11	26	16	1	29	0	15	9	13	2	14	23	4	10	21	24	12	20	25	8	5	28
k=20:	13	10	19	21	8	15	20	24	23	7	26	2	1	3	5	9	11	17	4	0	22	28	14	16	25	6	27	29	12	18
k=21:	12	23	6	26	29	18	17	8	7	25	20	1	22	15	4	13	16	14	11	2	10	28	21	9	0	24	3	19	27	5
k=22:	4	17	20	23	29	0	25	18	12	15	3	13	19	22	24	11	10	5	7	28	27	9	2	21	14	6	8	26	16	1
k=23:	20	22	29	26	13	23	9	5	19	14	4	11	17	3	16	27	21	2	15	6	18	8	1	28	0	7	25	10	24	12
k=24:	3	7	15	25	6	2	22	4	0	9	17	19	18	23	24	28	11	26	27	1	12	21	14	20	5	10	13	16	29	8
k=25:	14	2	7	29	8	28	17	24	16	13	22	10	19	4	0	25	27	1	21	15	6	3	23	20	12	26	11	5	9	18
k=26:	5	7	29	14	8	25	15	13	23	10	6	18	12	17	3	16	0	27	9	1	26	24	22	4	20	21	11	19	2	28
k=27:	9	8	13	23	3	6	12	10	1	21	18	16	5	20	27	28	0	7	2	14	19	17	24	11	4	15	29	25	26	22
k=28:	28	9	7	11	26	24	22	23	21	13	20	5	4	27	2	19	16	3	15	29	12	14	6	18	8	25	17	10	1	0
k=29:	9	14	11	22	5	2	8	26	16	20	12	19	24	3	27	15	25	23	28	13	1	4	10	18	17	6	7	29	21	0
k=30:	16	4	9	1	25	29	23	19	2	17	15	18	21	3	7	14	27	22	28	20	12	11	5	6	26	10	8	13	0	24
k=31:	26	3	10	23	17	9	13	22	8	12	29	1	11	6	7	18	25	16	21	0	14	28	20	24	4	19	2	5	27	15
k=32:	24	9	15	22	25	29	6	27	14	28	26	19	10	18	17	20	0	13	1	16	5	2	12	4	3	23	7	11	21	8
k=33:	26	9	28	25	15	13	18	20	23	5	2	21	12	16	11	19	1	27	22	14	6	7	10	17	29	0	3	24	4	8
k=34:	7	13	3	14	0	29	27	6	26	24	12	20	19	25	1	11	28	4	15	10	18	9	16	2	23	5	17	21	22	8
k=35:	6	3	13	24	14	22	17	4	23	29	26	12	28	9	21	25	10	15	2	20	1	16	18	0	27	7	8	19	5	11
k=36:	27	21	22	6	9	8	25	13	10	0	15	19	23	2	17	3	1	4	20	7	11	5	26	12	18	24	28	29	14	16
k=37:	2	5	9	13	25	28	21	14	6	19	11	27	1	23	12	8	29	10	15	3	4	26	16	7	24	0	20	22	18	17
k=38:	18	28	4	2	6	11	15	21	24	17	8	5	29	16	1	27	10	3	12	7	20	14	26	19	13	22	9	23	0	25
k=39:	1	12	6	11	29	5	8	2	20	24	17	27	23	28	16	15	19	13	9	0	26	4	22	18	10	7	21	14	25	3
k=40:	2	10	23	20	9	13	25	3	18	1	0	5	19	15	8	26	16	28	22	17	21	12	6	4	27	14	29	11	24	7
k=41:	13	17	14	5	11	12	27	6	24	9	15	19	20	25	0	29	7	1	23	2	21	4	28	3	10	16	8	26	22	18
k=42:	11	10	19	17	7	2	25	18	20	26	22	24	27	4	5	29	16	23	21	9	1	13	12	8	0	14	15	3	6	28
k=43:	13	14	10	5	23	4	21	27	1	24	6	19	22	11	26	16	7	3	29	15	9	28	25	0	2	20	12	8	17	18
k=44:	6	28	12	9	8	14	3	11	19	2	16	1	22	17	5	18	26	0	23	4	7	15	29	24	25	20	13	21	10	27
k=45:	22	19	4	13	6	7	3	15	1	0	9	5	8	10	20	23	26	12	29	14	16	2	24	17	27	11	28	21	18	25
k=46:	3	23	0	13	20	21	29	6	17	18	24	27	12	5	1	11	8	9	26	2	22	25	14	28	19	4	10	15	7	16
k=47:	23	11	26	29	28	10	16	13	20	3	1	8	18	19	9	4	17	14	12	27	24	7	5	22	15	6	2	21	0	25
k=48:	7	26	1	5	16	22	18	4	29	24	28	3	20	13	14	12	25	21	23	6	11	10	27	9	0	17	15	19	8	2
k=49:	14	10	21	23	12	2	8	20	6	5	29	11	3	24	0	22	28	7	25	1	27	26	15	18	4	16	9	19	17	13
Lambda_0:	0.031496062992125984	0.027559055118110236	0.015748031496062992	0.023622047244094488	0.031496062992125984	0.01968503937007874	0.023622047244094488	0.027559055118110236	0.031496062992125984	0.011811023622047244	0.027559055118110236	0.027559055118110236	0.01968503937007874	0.027559055118110236	0.007874015748031496	0.01968503937007874	0.011811023622047244	0.031496062992125984	0.023622047244094488	0.023622047244094488	0.011811023622047244	0.031496062992125984	0.01968503937007874	0.015748031496062992	0.007874015748031496	0.015748031496062992	0.027559055118110236	0.011811023622047244	0.007874015748031496	0.007874015748031496	0.027559055118110236	0.01968503937007874	0.015748031496062992	0.011811023622047244	0.01968503937007874	0.027559055118110236	0.01968503937007874	0.031496062992125984	0.01968503937007874	0.01968503937007874	0.01968503937007874	0.011811023622047244	0.007874015748031496	0.01968503937007874	0.01968503937007874	0.011811023622047244	0.007874015748031496	0.011811023622047244	0.023622047244094488	0.031496062992125984
Lambda_1:	0.021367521367521368	0.02564102564102564	0.01282051282051282	0.029914529914529916	0.01282051282051282	0.017094017094017096	0.008547008547008548	0.03418803418803419	0.01282051282051282	0.02564102564102564	0.021367521367521368	0.008547008547008548	0.01282051282051282	0.01282051282051282	0.008547008547008548	0.01282051282051282	0.02564102564102564	0.029914529914529916	0.01282051282051282	0.021367521367521368	0.02564102564102564	0.029914529914529916	0.008547008547008548	0.008547008547008548	0.02564102564102564	0.01282051282051282	0.01282051282051282	0.029914529914529916	0.02564102564102564	0.008547008547008548	0.017094017094017096	0.021367521367521368	0.017094017094017096	0.021367521367521368	0.008547008547008548	0.021367521367521368	0.03418803418803419	0.02564102564102564	0.02564102564102564	0.029914529914529916	0.01282051282051282	0.021367521367521368	0.02564102564102564	0.029914529914529916	0.029914529914529916	0.021367521367521368	0.02564102564102564	0.021367521367521368	0.02564102564102564	0.008547008547008548
Lambda_2:	0.029535864978902954	0.012658227848101266	0.02109704641350211	0.016877637130801686	0.02109704641350211	0.016877637130801686	0.008438818565400843	0.02109704641350211	0.029535864978902954	0.02531645569620253	0.029535864978902954	0.016877637130801686	0.02531645569620253	0.02109704641350211	0.03375527426160337	0.029535864978902954	0.008438818565400843	0.008438818565400843	0.02531645569620253	0.029535864978902954	0.016877637130801686	0.016877637130801686	0.012658227848101266	0.03375527426160337	0.02109704641350211	0.02531645569620253	0.029535864978902954	0.02531645569620253	0.008438818565400843	0.02531645569620253	0.02109704641350211	0.02531645569620253	0.012658227848101266	0.02109704641350211	0.02109704641350211	0.02109704641350211	0.012658227848101266	0.008438818565400843	0.012658227848101266	0.008438818565400843	0.008438818565400843	0.02531645569620253	0.029535864978902954	0.016877637130801686	0.02531645569620253	0.029535864978902954	0.012658227848101266	0.008438818565400843	0.02531645569620253	0.008438818565400843
Lambda_3:	0.008064516129032258	0.03225806451612903	0.012096774193548387	0.012096774193548387	0.020161290322580645	0.03225806451612903	0.024193548387096774	0.012096774193548387	0.024193548387096774	0.016129032258064516	0.024193548387096774	0.024193548387096774	0.016129032258064516	0.020161290322580645	0.03225806451612903	0.016129032258064516	0.028225806451612902	0.03225806451612903	0.020161290322580645	0.012096774193548387	0.020161290322580645	0.024193548387096774	0.020161290322580645	0.012096774193548387	0.016129032258064516	0.008064516129032258	0.028225806451612902	0.008064516129032258	0.012096774193548387	0.012096774193548387	0.020161290322580645	0.020161290322580645	0.020161290322580645	0.028225806451612902	0.028225806451612902	0.024193548387096774	0.024193548387096774	0.008064516129032258	0.024193548387096774	0.016129032258064516	0.03225806451612903	0.008064516129032258	0.008064516129032258	0.028225806451612902	0.024193548387096774	0.028225806451612902	0.024193548387096774	0.008064516129032258	0.020161290322580645	0.024193548387096774
Lambda_4:	0.016194331983805668	0.008097165991902834	0.008097165991902834	0.020242914979757085	0.008097165991902834	0.032388663967611336	0.016194331983805668	0.024291497975708502	0.024291497975708502	0.008097165991902834	0.008097165991902834	0.024291497975708502	0.02834008097165992	0.032388663967611336	0.016194331983805668	0.032388663967611336	0.016194331983805668	0.012145748987854251	0.032388663967611336	0.024291497975708502	0.032388663967611336	0.012145748987854251	0.020242914979757085	0.012145748987854251	0.008097165991902834	0.016194331983805668	0.032388663967611336	0.032388663967611336	0.02834008097165992	0.012145748987854251	0.008097165991902834	0.032388663967611336	0.02834008097165992	0.024291497975708502	0.020242914979757085	0.016194331983805668	0.020242914979757085	0.024291497975708502	0.008097165991902834	0.02834008097165992	0.02834008097165992	0.012145748987854251	0.02834008097165992	0.032388663967611336	0.012145748987854251	0.02834008097165992	0.008097165991902834	0.008097165991902834	0.012145748987854251	0.020242914979757085
Lambda_5:	0.015267175572519083	0.011450381679389313	0.015267175572519083	0.030534351145038167	0.007633587786259542	0.030534351145038167	0.022900763358778626	0.007633587786259542	0.007633587786259542	0.015267175572519083	0.015267175572519083	0.026717557251908396	0.015267175572519083	0.007633587786259542	0.030534351145038167	0.026717557251908396	0.030534351145038167	0.019083969465648856	0.019083969465648856	0.007633587786259542	0.019083969465648856	0.030534351145038167	0.026717557251908396	0.022900763358778626	0.019083969465648856	0.022900763358778626	0.015267175572519083	0.022900763358778626	0.019083969465648856	0.011450381679389313	0.007633587786259542	0.030534351145038167	0.026717557251908396	0.030534351145038167	0.011450381679389313	0.030534351145038167	0.022900763358778626	0.022900763358778626	0.022900763358778626	0.015267175572519083	0.026717557251908396	0.019083969465648856	0.015267175572519083	0.026717557251908396	0.015267175572519083	0.022900763358778626	0.011450381679389313	0.011450381679389313	0.030534351145038167	0.026717557251908396
Lambda_6:	0.03056768558951965	0.008733624454148471	0.034934497816593885	0.008733624454148471	0.017467248908296942	0.03056768558951965	0.013100436681222707	0.017467248908296942	0.034934497816593885	0.034934497816593885	0.026200873362445413	0.017467248908296942	0.013100436681222707	0.03056768558951965	0.017467248908296942	0.013100436681222707	0.017467248908296942	0.021834061135371178	0.026200873362445413	0.034934497816593885	0.021834061135371178	0.034934497816593885	0.013100436681222707	0.017467248908296942	0.034934497816593885	0.021834061135371178	0.013100436681222707	0.034934497816593885	0.021834061135371178	0.013100436681222707	0.013100436681222707	0.008733624454148471	0.03056768558951965	0.008733624454148471	0.013100436681222707	0.03056768558951965	0.013100436681222707	0.021834061135371178	0.008733624454148471	0.021834061135371178	0.008733624454148471	0.026200873362445413	0.017467248908296942	0.013100436681222707	0.017467248908296942	0.017467248908296942	0.013100436681222707	0.008733624454148471	0.008733624454148471	0.021834061135371178
Lambda_7:	0.01984126984126984	0.011904761904761904	0.031746031746031744	0.027777777777777776	0.015873015873015872	0.007936507936507936	0.01984126984126984	0.011904761904761904	0.023809523809523808	0.031746031746031744	0.015873015873015872	0.007936507936507936	0.01984126984126984	0.027777777777777776	0.01984126984126984	0.011904761904761904	0.015873015873015872	0.027777777777777776	0.011904761904761904	0.007936507936507936	0.007936507936507936	0.015873015873015872	0.011904761904761904	0.027777777777777776	0.01984126984126984	0.01984126984126984	0.023809523809523808	0.027777777777777776	0.031746031746031744	0.011904761904761904	0.027777777777777776	0.01984126984126984	0.023809523809523808	0.01984126984126984	0.023809523809523808	0.027777777777777776	0.023809523809523808	0.031746031746031744	0.007936507936507936	0.007936507936507936	0.027777777777777776	0.027777777777777776	0.023809523809523808	0.01984126984126984	0.023809523809523808	0.023809523809523808	0.015873015873015872	0.031746031746031744	0.015873015873015872	0.007936507936507936
Lambda_8:	0.02834008097165992	0.032388663967611336	0.020242914979757085	0.020242914979757085	0.016194331983805668	0.032388663967611336	0.02834008097165992	0.02834008097165992	0.032388663967611336	0.008097165991902834	0.02834008097165992	0.012145748987854251	0.012145748987854251	0.020242914979757085	0.012145748987854251	0.012145748987854251	0.016194331983805668	0.024291497975708502	0.008097165991902834	0.020242914979757085	0.008097165991902834	0.02834008097165992	0.020242914979757085	0.032388663967611336	0.016194331983805668	0.012145748987854251	0.024291497975708502	0.008097165991902834	0.020242914979757085	0.016194331983805668	0.012145748987854251	0.02834008097165992	0.020242914979757085	0.032388663967611336	0.012145748987854251	0.016194331983805668	0.020242914979757085	0.032388663967611336	0.012145748987854251	0.024291497975708502	0.012145748987854251	0.016194331983805668	0.032388663967611336	0.008097165991902834	0.016194331983805668	0.024291497975708502	0.020242914979757085	0.024291497975708502	0.012145748987854251	0.024291497975708502
Lambda_9:	0.015748031496062992	0.023622047244094488	0.007874015748031496	0.027559055118110236	0.011811023622047244	0.015748031496062992	0.01968503937007874	0.015748031496062992	0.007874015748031496	0.023622047244094488	0.027559055118110236	0.015748031496062992	0.027559055118110236	0.031496062992125984	0.023622047244094488	0.023622047244094488	0.023622047244094488	0.007874015748031496	0.01968503937007874	0.011811023622047244	0.031496062992125984	0.007874015748031496	0.027559055118110236	0.01968503937007874	0.015748031496062992	0.027559055118110236	0.023622047244094488	0.023622047244094488	0.027559055118110236	0.011811023622047244	0.007874015748031496	0.007874015748031496	0.027559055118110236	0.01968503937007874	0.031496062992125984	0.023622047244094488	0.015748031496062992	0.031496062992125984	0.027559055118110236	0.027559055118110236	0.015748031496062992	0.007874015748031496	0.023622047244094488	0.023622047244094488	0.015748031496062992	0.023622047244094488	0.027559055118110236	0.007874015748031496	0.011811023622047244	0.023622047244094488
Lambda_10:	0.01486988847583643	0.026022304832713755	0.026022304832713755	0.022304832713754646	0.022304832713754646	0.026022304832713755	0.01858736059479554	0.02973977695167286	0.026022304832713755	0.01486988847583643	0.01858736059479554	0.01858736059479554	0.022304832713754646	0.01486988847583643	0.02973977695167286	0.01858736059479554	0.026022304832713755	0.011152416356877323	0.01858736059479554	0.007434944237918215	0.02973977695167286	0.01486988847583643	0.026022304832713755	0.01858736059479554	0.01858736059479554	0.02973977695167286	0.022304832713754646	0.01486988847583643	0.02973977695167286	0.026022304832713755	0.026022304832713755	0.01858736059479554	0.026022304832713755	0.007434944237918215	0.007434944237918215	0.02973977695167286	0.022304832713754646	0.011152416356877323	0.01858736059479554	0.022304832713754646	0.01486988847583643	0.01858736059479554	0.026022304832713755	0.02973977695167286	0.007434944237918215	0.007434944237918215	0.011152416356877323	0.022304832713754646	0.01486988847583643	0.01486988847583643
Lambda_11:	0.029045643153526972	0.008298755186721992	0.02074688796680498	0.008298755186721992	0.012448132780082987	0.008298755186721992	0.024896265560165973	0.03319502074688797	0.024896265560165973	0.008298755186721992	0.03319502074688797	0.024896265560165973	0.016597510373443983	0.024896265560165973	0.03319502074688797	0.02074688796680498	0.024896265560165973	0.029045643153526972	0.03319502074688797	0.03319502074688797	0.008298755186721992	0.03319502074688797	0.02074688796680498	0.016597510373443983	0.024896265560165973	0.016597510373443983	0.02074688796680498	0.024896265560165973	0.008298755186721992	0.024896265560165973	0.008298755186721992	0.012448132780082987	0.012448132780082987	0.016597510373443983	0.012448132780082987	0.03319502074688797	0.02074688796680498	0.012448132780082987	0.012448132780082987	0.016597510373443983	0.024896265560165973	0.012448132780082987	0.016597510373443983	0.03319502074688797	0.029045643153526972	0.012448132780082987	0.008298755186721992	0.024896265560165973	0.008298755186721992	0.02074688796680498
Lambda_12:	0.01568627450980392	0.03137254901960784	0.011764705882352941	0.03137254901960784	0.00784313725490196	0.03137254901960784	0.03137254901960784	0.03137254901960784	0.023529411764705882	0.011764705882352941	0.03137254901960784	0.01568627450980392	0.01568627450980392	0.011764705882352941	0.01568627450980392	0.011764705882352941	0.0196078431372549	0.023529411764705882	0.023529411764705882	0.0196078431372549	0.03137254901960784	0.03137254901960784	0.01568627450980392	0.023529411764705882	0.027450980392156862	0.01568627450980392	0.00784313725490196	0.03137254901960784	0.0196078431372549	0.00784313725490196	0.027450980392156862	0.023529411764705882	0.00784313725490196	0.023529411764705882	0.011764705882352941	0.023529411764705882	0.027450980392156862	0.00784313725490196	0.03137254901960784	0.01568627450980392	0.011764705882352941	0.027450980392156862	0.00784313725490196	0.0196078431372549	0.023529411764705882	0.00784313725490196	0.027450980392156862	0.023529411764705882	0.011764705882352941	0.011764705882352941
Lambda_13:	0.029166666666666667	0.029166666666666667	0.008333333333333333	0.016666666666666666	0.03333333333333333	0.0125	0.029166666666666667	0.029166666666666667	0.025	0.008333333333333333	0.016666666666666666	0.008333333333333333	0.0125	0.020833333333333332	0.020833333333333332	0.016666666666666666	0.020833333333333332	0.03333333333333333	0.008333333333333333	0.016666666666666666	0.008333333333333333	0.029166666666666667	0.016666666666666666	0.016666666666666666	0.008333333333333333	0.016666666666666666	0.0125	0.008333333333333333	0.008333333333333333	0.016666666666666666	0.020833333333333332	0.0125	0.025	0.025	0.03333333333333333	0.03333333333333333	0.03333333333333333	0.025	0.029166666666666667	0.0125	0.029166666666666667	0.016666666666666666	0.016666666666666666	0.020833333333333332	0.020833333333333332	0.008333333333333333	0.03333333333333333	0.016666666666666666	0.025	0.025
Lambda_14:	0.01171875	0.0078125	0.0078125	0.02734375	0.01953125	0.01171875	0.01953125	0.02734375	0.01171875	0.03125	0.03125	0.015625	0.0078125	0.01171875	0.02734375	0.01953125	0.03125	0.02734375	0.015625	0.01953125	0.03125	0.01953125	0.01953125	0.01171875	0.0078125	0.01171875	0.03125	0.03125	0.03125	0.01171875	0.0078125	0.01171875	0.0078125	0.0234375	0.02734375	0.015625	0.03125	0.01171875	0.02734375	0.0234375	0.015625	0.015625	0.015625	0.03125	0.02734375	0.02734375	0.0234375	0.01953125	0.03125	0.015625
Lambda_15:	0.02734375	0.03125	0.02734375	0.01171875	0.0078125	0.03125	0.01171875	0.015625	0.0234375	0.01171875	0.0234375	0.03125	0.01953125	0.01953125	0.0234375	0.0078125	0.01953125	0.015625	0.015625	0.03125	0.02734375	0.01953125	0.015625	0.015625	0.03125	0.02734375	0.03125	0.02734375	0.0078125	0.02734375	0.0078125	0.01953125	0.01171875	0.01171875	0.01171875	0.0078125	0.01171875	0.015625	0.02734375	0.03125	0.0234375	0.02734375	0.015625	0.02734375	0.015625	0.03125	0.0078125	0.01953125	0.01953125	0.01953125
Lambda_16:	0.018656716417910446	0.026119402985074626	0.026119402985074626	0.022388059701492536	0.011194029850746268	0.026119402985074626	0.018656716417910446	0.026119402985074626	0.011194029850746268	0.029850746268656716	0.022388059701492536	0.026119402985074626	0.026119402985074626	0.007462686567164179	0.007462686567164179	0.026119402985074626	0.029850746268656716	0.011194029850746268	0.018656716417910446	0.029850746268656716	0.029850746268656716	0.014925373134328358	0.029850746268656716	0.026119402985074626	0.007462686567164179	0.011194029850746268	0.007462686567164179	0.026119402985074626	0.022388059701492536	0.014925373134328358	0.011194029850746268	0.018656716417910446	0.022388059701492536	0.011194029850746268	0.029850746268656716	0.022388059701492536	0.011194029850746268	0.022388059701492536	0.018656716417910446	0.014925373134328358	0.029850746268656716	0.022388059701492536	0.014925373134328358	0.014925373134328358	0.022388059701492536	0.007462686567164179	0.029850746268656716	0.011194029850746268	0.022388059701492536	0.029850746268656716
Lambda_17:	0.026615969581749048	0.030418250950570342	0.0076045627376425855	0.022813688212927757	0.0076045627376425855	0.022813688212927757	0.019011406844106463	0.015209125475285171	0.011406844106463879	0.030418250950570342	0.022813688212927757	0.030418250950570342	0.026615969581749048	0.019011406844106463	0.019011406844106463	0.015209125475285171	0.026615969581749048	0.011406844106463879	0.030418250950570342	0.019011406844106463	0.022813688212927757	0.026615969581749048	0.019011406844106463	0.015209125475285171	0.030418250950570342	0.0076045627376425855	0.019011406844106463	0.026615969581749048	0.011406844106463879	0.019011406844106463	0.022813688212927757	0.026615969581749048	0.030418250950570342	0.022813688212927757	0.0076045627376425855	0.0076045627376425855	0.011406844106463879	0.030418250950570342	0.015209125475285171	0.015209125475285171	0.0076045627376425855	0.030418250950570342	0.019011406844106463	0.026615969581749048	0.019011406844106463	0.011406844106463879	0.022813688212927757	0.019011406844106463	0.011406844106463879	0.030418250950570342
Lambda_18:	0.00819672131147541	0.012295081967213115	0.00819672131147541	0.028688524590163935	0.03278688524590164	0.01639344262295082	0.03278688524590164	0.012295081967213115	0.00819672131147541	0.012295081967213115	0.020491803278688523	0.028688524590163935	0.028688524590163935	0.03278688524590164	0.02459016393442623	0.020491803278688523	0.01639344262295082	0.02459016393442623	0.00819672131147541	0.028688524590163935	0.00819672131147541	0.020491803278688523	0.028688524590163935	0.01639344262295082	0.028688524590163935	0.03278688524590164	0.02459016393442623	0.02459016393442623	0.01639344262295082	0.00819672131147541	0.03278688524590164	0.00819672131147541	0.02459016393442623	0.00819672131147541	0.012295081967213115	0.020491803278688523	0.00819672131147541	0.01639344262295082	0.028688524590163935	0.02459016393442623	0.012295081967213115	0.028688524590163935	0.02459016393442623	0.02459016393442623	0.020491803278688523	0.020491803278688523	0.03278688524590164	0.012295081967213115	0.012295081967213115	0.012295081967213115
Lambda_19:	0.023346303501945526	0.027237354085603113	0.0311284046692607	0.019455252918287938	0.019455252918287938	0.01556420233463035	0.007782101167315175	0.019455252918287938	0.027237354085603113	0.019455252918287938	0.01556420233463035	0.023346303501945526	0.0311284046692607	0.01556420233463035	0.019455252918287938	0.01556420233463035	0.011673151750972763	0.01556420233463035	0.023346303501945526	0.011673151750972763	0.0311284046692607	0.011673151750972763	0.023346303501945526	0.007782101167315175	0.027237354085603113	0.027237354085603113	0.023346303501945526	0.027237354085603113	0.011673151750972763	0.027237354085603113	0.01556420233463035	0.019455252918287938	0.007782101167315175	0.01556420233463035	0.0311284046692607	0.023346303501945526	0.027237354085603113	0.007782101167315175	0.011673151750972763	0.023346303501945526	0.027237354085603113	0.01556420233463035	0.023346303501945526	0.027237354085603113	0.019455252918287938	0.011673151750972763	0.019455252918287938	0.0311284046692607	0.01556420233463035	0.01556420233463035
Lambda_20:	0.01809954751131222	0.013574660633484163	0.00904977375565611	0.00904977375565611	0.03167420814479638	0.013574660633484163	0.013574660633484163	0.00904977375565611	0.027149321266968326	0.00904977375565611	0.01809954751131222	0.01809954751131222	0.01809954751131222	0.03167420814479638	0.013574660633484163	0.027149321266968326	0.01809954751131222	0.01809954751131222	0.01809954751131222	0.03167420814479638	0.027149321266968326	0.00904977375565611	0.013574660633484163	0.027149321266968326	0.03619909502262444	0.03619909502262444	0.03619909502262444	0.03167420814479638	0.027149321266968326	0.01809954751131222	0.01809954751131222	0.03619909502262444	0.027149321266968326	0.00904977375565611	0.013574660633484163	0.027149321266968326	0.027149321266968326	0.01809954751131222	0.013574660633484163	0.013574660633484163	0.027149321266968326	0.00904977375565611	0.00904977375565611	0.027149321266968326	0.027149321266968326	0.013574660633484163	0.00904977375565611	0.013574660633484163	0.00904977375565611	0.02262443438914027
Lambda_21:	0.03065134099616858	0.007662835249042145	0.02681992337164751	0.022988505747126436	0.01532567049808429	0.02681992337164751	0.011494252873563218	0.03065134099616858	0.007662835249042145	0.02681992337164751	0.02681992337164751	0.019157088122605363	0.01532567049808429	0.02681992337164751	0.022988505747126436	0.01532567049808429	0.011494252873563218	0.02681992337164751	0.011494252873563218	0.02681992337164751	0.01532567049808429	0.022988505747126436	0.022988505747126436	0.01532567049808429	0.022988505747126436	0.007662835249042145	0.011494252873563218	0.007662835249042145	0.022988505747126436	0.02681992337164751	0.02681992337164751	0.02681992337164751	0.019157088122605363	0.019157088122605363	0.007662835249042145	0.022988505747126436	0.022988505747126436	0.03065134099616858	0.019157088122605363	0.011494252873563218	0.011494252873563218	0.022988505747126436	0.02681992337164751	0.02681992337164751	0.011494252873563218	0.022988505747126436	0.019157088122605363	0.022988505747126436	0.022988505747126436	0.019157088122605363
Lambda_22:	0.01953125	0.0078125	0.015625	0.015625	0.0078125	0.015625	0.0078125	0.01171875	0.015625	0.0078125	0.0234375	0.015625	0.01953125	0.03125	0.015625	0.0078125	0.0234375	0.03125	0.03125	0.015625	0.03125	0.03125	0.03125	0.03125	0.0234375	0.015625	0.015625	0.01953125	0.0078125	0.03125	0.015625	0.0234375	0.0234375	0.02734375	0.02734375	0.01953125	0.015625	0.03125	0.03125	0.0234375	0.0078125	0.0234375	0.0078125	0.03125	0.02734375	0.02734375	0.0078125	0.015625	0.02734375	0.0078125
Lambda_23:	0.03225806451612903	0.024193548387096774	0.020161290322580645	0.03225806451612903	0.028225806451612902	0.024193548387096774	0.012096774193548387	0.012096774193548387	0.03225806451612903	0.024193548387096774	0.020161290322580645	0.028225806451612902	0.012096774193548387	0.020161290322580645	0.024193548387096774	0.012096774193548387	0.020161290322580645	0.016129032258064516	0.012096774193548387	0.020161290322580645	0.024193548387096774	0.020161290322580645	0.008064516129032258	0.012096774193548387	0.03225806451612903	0.03225806451612903	0.024193548387096774	0.028225806451612902	0.024193548387096774	0.008064516129032258	0.012096774193548387	0.028225806451612902	0.028225806451612902	0.016129032258064516	0.016129032258064516	0.016129032258064516	0.03225806451612903	0.012096774193548387	0.028225806451612902	0.028225806451612902	0.012096774193548387	0.020161290322580645	0.008064516129032258	0.012096774193548387	0.008064516129032258	0.008064516129032258	0.016129032258064516	0.028225806451612902	0.012096774193548387	0.016129032258064516
Lambda_24:	0.017241379310344827	0.021551724137931036	0.01293103448275862	0.01293103448275862	0.01293103448275862	0.03017241379310345	0.021551724137931036	0.03017241379310345	0.02586206896551724	0.01293103448275862	0.02586206896551724	0.03017241379310345	0.02586206896551724	0.017241379310344827	0.021551724137931036	0.017241379310344827	0.008620689655172414	0.02586206896551724	0.008620689655172414	0.008620689655172414	0.017241379310344827	0.021551724137931036	0.01293103448275862	0.008620689655172414	0.034482758620689655	0.034482758620689655	0.008620689655172414	0.017241379310344827	0.017241379310344827	0.017241379310344827	0.034482758620689655	0.03017241379310345	0.008620689655172414	0.01293103448275862	0.03017241379310345	0.008620689655172414	0.034482758620689655	0.01293103448275862	0.034482758620689655	0.034482758620689655	0.01293103448275862	0.01293103448275862	0.03017241379310345	0.008620689655172414	0.021551724137931036	0.021551724137931036	0.01293103448275862	0.008620689655172414	0.02586206896551724	0.02586206896551724
Lambda_25:	0.007874015748031496	0.01968503937007874	0.007874015748031496	0.015748031496062992	0.01968503937007874	0.011811023622047244	0.015748031496062992	0.01968503937007874	0.01968503937007874	0.023622047244094488	0.023622047244094488	0.015748031496062992	0.011811023622047244	0.031496062992125984	0.027559055118110236	0.015748031496062992	0.01968503937007874	0.01968503937007874	0.01968503937007874	0.015748031496062992	0.027559055118110236	0.027559055118110236	0.015748031496062992	0.01968503937007874	0.031496062992125984	0.023622047244094488	0.01968503937007874	0.027559055118110236	0.011811023622047244	0.015748031496062992	0.023622047244094488	0.031496062992125984	0.031496062992125984	0.007874015748031496	0.027559055118110236	0.027559055118110236	0.011811023622047244	0.011811023622047244	0.007874015748031496	0.007874015748031496	0.027559055118110236	0.031496062992125984	0.007874015748031496	0.023622047244094488	0.01968503937007874	0.027559055118110236	0.027559055118110236	0.031496062992125984	0.015748031496062992	0.015748031496062992
Lambda_26:	0.02666666666666667	0.008888888888888889	0.013333333333333334	0.013333333333333334	0.035555555555555556	0.022222222222222223	0.013333333333333334	0.02666666666666667	0.008888888888888889	0.02666666666666667	0.022222222222222223	0.022222222222222223	0.017777777777777778	0.017777777777777778	0.008888888888888889	0.03111111111111111	0.022222222222222223	0.013333333333333334	0.022222222222222223	0.017777777777777778	0.02666666666666667	0.02666666666666667	0.03111111111111111	0.013333333333333334	0.008888888888888889	0.013333333333333334	0.008888888888888889	0.022222222222222223	0.008888888888888889	0.03111111111111111	0.02666666666666667	0.008888888888888889	0.008888888888888889	0.03111111111111111	0.017777777777777778	0.02666666666666667	0.008888888888888889	0.017777777777777778	0.03111111111111111	0.022222222222222223	0.035555555555555556	0.02666666666666667	0.008888888888888889	0.008888888888888889	0.008888888888888889	0.022222222222222223	0.022222222222222223	0.02666666666666667	0.035555555555555556	0.022222222222222223
Lambda_27:	0.008032128514056224	0.008032128514056224	0.008032128514056224	0.008032128514056224	0.024096385542168676	0.0321285140562249	0.0321285140562249	0.01606425702811245	0.012048192771084338	0.012048192771084338	0.008032128514056224	0.024096385542168676	0.01606425702811245	0.01606425702811245	0.028112449799196786	0.008032128514056224	0.008032128514056224	0.028112449799196786	0.024096385542168676	0.020080321285140562	0.020080321285140562	0.0321285140562249	0.028112449799196786	0.008032128514056224	0.01606425702811245	0.0321285140562249	0.024096385542168676	0.012048192771084338	0.024096385542168676	0.028112449799196786	0.028112449799196786	0.0321285140562249	0.008032128514056224	0.020080321285140562	0.008032128514056224	0.012048192771084338	0.028112449799196786	0.012048192771084338	0.01606425702811245	0.028112449799196786	0.0321285140562249	0.020080321285140562	0.0321285140562249	0.028112449799196786	0.024096385542168676	0.01606425702811245	0.020080321285140562	0.024096385542168676	0.024096385542168676	0.020080321285140562
Lambda_28:	0.013043478260869565	0.013043478260869565	0.013043478260869565	0.017391304347826087	0.013043478260869565	0.034782608695652174	0.034782608695652174	0.021739130434782608	0.021739130434782608	0.017391304347826087	0.02608695652173913	0.013043478260869565	0.017391304347826087	0.030434782608695653	0.008695652173913044	0.02608695652173913	0.030434782608695653	0.008695652173913044	0.034782608695652174	0.021739130434782608	0.030434782608695653	0.013043478260869565	0.008695652173913044	0.013043478260869565	0.013043478260869565	0.013043478260869565	0.021739130434782608	0.021739130434782608	0.008695652173913044	0.02608695652173913	0.02608695652173913	0.008695652173913044	0.013043478260869565	0.021739130434782608	0.017391304347826087	0.017391304347826087	0.034782608695652174	0.017391304347826087	0.008695652173913044	0.017391304347826087	0.02608695652173913	0.008695652173913044	0.017391304347826087	0.02608695652173913	0.013043478260869565	0.021739130434782608	0.013043478260869565	0.034782608695652174	0.034782608695652174	0.034782608695652174
Lambda_29:	0.01593625498007968	0.00796812749003984	0.03187250996015936	0.0199203187250996	0.02390438247011952	0.02390438247011952	0.00796812749003984	0.01593625498007968	0.0199203187250996	0.02390438247011952	0.0199203187250996	0.00796812749003984	0.01195219123505976	0.00796812749003984	0.02390438247011952	0.01195219123505976	0.00796812749003984	0.0199203187250996	0.01593625498007968	0.02390438247011952	0.03187250996015936	0.027888446215139442	0.00796812749003984	0.00796812749003984	0.01195219123505976	0.03187250996015936	0.0199203187250996	0.03187250996015936	0.01593625498007968	0.0199203187250996	0.02390438247011952	0.00796812749003984	0.03187250996015936	0.027888446215139442	0.03187250996015936	0.02390438247011952	0.027888446215139442	0.02390438247011952	0.01593625498007968	0.0199203187250996	0.027888446215139442	0.03187250996015936	0.01593625498007968	0.01195219123505976	0.01593625498007968	0.027888446215139442	0.027888446215139442	0.00796812749003984	0.03187250996015936	0.01593625498007968
q:	4000	9000	7000	4000	3000	6000	2000	5000	9000	6000	7000	6000	3000	1000	4000	7000	7000	7000	8000	9000	8000	6000	9000	6000	3000	9000	3000	5000	2000	8000
