(NUMBER_COMPETITOR,I,J,K)	(5,20,20,200)
COMPETITORS	7	18	19	5	14
k=0:	4	1	9	18	2	15	10	0	19	14	11	17	13	3	6	8	12	5	16	7
k=1:	16	13	14	5	19	3	8	10	9	11	0	2	7	18	1	15	17	6	4	12
k=2:	8	16	10	9	7	12	5	6	3	2	14	15	1	17	0	13	11	4	19	18
k=3:	9	19	18	3	17	12	1	16	10	14	5	8	4	2	6	0	13	15	7	11
k=4:	8	4	19	5	9	15	17	3	7	11	1	14	0	10	13	12	2	6	18	16
k=5:	7	0	10	8	12	11	15	9	4	19	17	1	18	16	6	3	5	14	2	13
k=6:	7	17	3	16	5	4	2	0	6	18	12	13	11	15	14	10	9	8	1	19
k=7:	13	12	5	0	4	11	19	2	15	3	9	17	18	14	8	1	10	6	7	16
k=8:	3	11	6	17	10	16	1	5	4	0	14	18	19	9	13	7	12	2	15	8
k=9:	15	8	4	14	16	0	12	10	7	5	13	17	3	18	2	19	6	11	9	1
k=10:	12	8	0	18	9	7	15	1	2	3	4	16	13	6	19	17	14	10	11	5
k=11:	6	18	17	14	8	4	0	11	13	12	3	19	16	5	7	15	9	1	2	10
k=12:	17	13	12	6	14	11	3	10	4	2	1	9	5	19	18	16	15	7	8	0
k=13:	15	17	10	6	9	7	8	12	18	5	14	3	1	2	19	13	4	16	11	0
k=14:	12	3	6	7	14	5	19	11	9	15	0	18	17	4	2	8	13	16	1	10
k=15:	11	12	16	1	6	13	0	10	2	18	5	8	4	15	14	19	7	3	17	9
k=16:	0	5	12	10	16	7	9	1	2	6	13	18	19	11	4	17	14	15	3	8
k=17:	0	9	4	16	2	3	18	14	12	1	5	15	17	10	8	19	11	6	7	13
k=18:	4	13	14	8	7	6	1	10	19	17	5	3	9	12	16	15	18	11	2	0
k=19:	2	6	18	8	17	14	3	1	9	11	15	12	10	13	4	16	0	19	5	7
k=20:	12	19	6	18	10	2	13	16	0	1	7	14	3	9	17	15	5	8	11	4
k=21:	4	0	17	8	16	11	12	9	19	18	6	7	3	13	10	5	14	2	15	1
k=22:	8	14	11	16	18	2	13	1	0	17	7	6	5	19	3	10	12	4	15	9
k=23:	2	8	15	5	4	18	16	12	1	6	19	10	13	11	0	3	9	7	14	17
k=24:	16	4	19	10	12	11	14	3	5	9	18	7	1	13	8	0	17	2	15	6
k=25:	7	16	17	4	11	12	2	18	9	6	10	5	0	14	13	15	3	1	19	8
k=26:	15	2	9	7	16	3	6	12	13	19	5	0	4	17	11	18	14	10	8	1
k=27:	15	14	1	6	2	9	18	5	19	16	0	11	8	4	17	10	12	7	13	3
k=28:	10	4	18	14	2	12	1	11	13	19	6	17	8	16	3	7	0	9	5	15
k=29:	6	13	0	18	1	19	14	3	11	8	16	9	2	4	7	15	12	17	5	10
k=30:	9	14	12	19	2	15	5	16	17	8	13	3	4	1	6	0	11	10	18	7
k=31:	14	2	8	16	13	0	15	4	1	7	6	19	3	9	17	12	18	5	11	10
k=32:	8	15	7	9	17	10	11	18	2	1	13	14	16	5	0	12	3	6	4	19
k=33:	15	11	2	17	7	12	1	13	10	8	14	16	9	5	19	18	4	6	3	0
k=34:	16	11	3	0	6	12	10	17	19	7	1	13	18	4	2	8	15	14	5	9
k=35:	3	18	17	4	15	11	8	7	9	2	19	6	5	14	1	16	0	10	13	12
k=36:	3	16	0	13	11	12	14	4	7	6	2	5	17	19	8	18	1	15	10	9
k=37:	6	9	3	0	2	12	5	8	17	7	1	10	18	15	19	16	4	13	11	14
k=38:	7	9	6	13	19	16	1	8	12	3	4	14	11	0	17	10	15	2	18	5
k=39:	19	5	18	13	17	3	4	0	6	10	7	12	16	15	11	14	1	9	2	8
k=40:	18	14	5	12	3	0	17	4	16	19	2	9	13	10	8	11	15	7	1	6
k=41:	19	17	13	6	5	10	4	11	0	3	18	7	9	14	8	1	16	12	15	2
k=42:	15	4	2	13	11	8	16	7	14	17	6	1	3	9	12	18	10	0	5	19
k=43:	13	9	6	16	2	15	18	12	8	5	4	17	7	0	1	11	3	19	10	14
k=44:	4	19	11	18	9	8	3	7	2	5	0	10	1	12	15	6	13	16	17	14
k=45:	9	2	13	7	18	8	16	10	1	4	12	19	6	17	3	15	11	0	5	14
k=46:	14	6	2	19	4	9	0	17	7	15	5	8	12	10	18	11	1	16	13	3
k=47:	15	18	3	13	2	9	11	17	10	1	7	0	14	19	16	8	12	4	6	5
k=48:	7	11	18	5	4	9	12	3	8	0	2	10	17	6	19	1	13	14	16	15
k=49:	13	19	1	3	4	9	10	7	6	12	16	17	0	2	15	18	14	11	8	5
k=50:	9	14	18	5	10	11	7	12	15	8	4	6	1	3	19	0	13	2	17	16
k=51:	3	7	1	16	9	17	19	18	15	14	0	2	13	8	12	11	10	6	5	4
k=52:	15	14	10	7	5	12	2	6	0	18	17	11	9	1	19	8	3	16	4	13
k=53:	1	6	14	4	3	17	8	15	5	9	10	12	16	13	2	11	0	7	19	18
k=54:	9	13	6	15	3	5	2	10	7	16	1	0	4	8	18	19	11	12	14	17
k=55:	3	15	5	2	9	16	1	17	7	4	6	12	11	13	0	19	10	14	18	8
k=56:	7	14	18	5	19	17	9	6	1	15	16	11	4	13	3	8	10	2	0	12
k=57:	12	5	6	7	16	19	9	4	11	13	3	14	18	1	8	17	0	2	10	15
k=58:	0	5	14	3	7	2	4	1	18	6	10	15	11	16	19	13	8	12	17	9
k=59:	12	5	15	1	9	10	19	7	0	14	4	11	8	6	13	3	2	18	16	17
k=60:	14	6	13	10	1	5	19	8	2	7	9	3	17	16	11	15	0	12	18	4
k=61:	8	10	5	0	19	17	2	16	15	7	4	14	1	11	9	12	18	6	3	13
k=62:	19	5	12	14	2	10	16	9	3	11	7	8	6	0	1	17	13	18	4	15
k=63:	13	6	5	1	9	2	10	7	11	0	8	15	16	12	17	19	18	4	14	3
k=64:	3	8	13	15	1	10	9	12	0	19	16	18	7	5	6	2	11	4	17	14
k=65:	18	3	11	17	9	1	16	10	12	7	8	15	19	5	4	0	6	2	13	14
k=66:	0	13	3	7	9	5	10	1	11	18	15	17	12	2	4	8	14	19	16	6
k=67:	7	12	14	19	10	8	11	3	5	16	9	4	15	18	0	1	6	13	2	17
k=68:	14	12	7	13	0	17	11	6	9	2	15	1	8	16	19	10	18	5	3	4
k=69:	9	7	19	13	18	16	17	11	4	12	3	5	8	1	2	15	10	0	14	6
k=70:	3	18	4	17	1	13	12	6	19	9	11	8	14	5	2	15	16	0	10	7
k=71:	7	14	8	9	16	3	4	15	19	13	12	6	17	2	18	5	1	0	10	11
k=72:	19	6	9	15	8	18	16	12	13	4	10	7	11	3	14	5	17	2	1	0
k=73:	11	16	1	2	9	0	8	5	14	19	10	15	4	3	12	17	6	18	7	13
k=74:	17	18	4	19	16	5	0	3	14	6	2	8	15	1	13	11	12	7	10	9
k=75:	6	10	16	3	9	8	7	19	11	12	18	0	4	2	15	1	14	5	13	17
k=76:	3	0	2	10	6	17	4	12	1	15	5	14	9	19	7	16	11	13	8	18
k=77:	18	4	9	12	15	10	13	19	14	2	6	0	7	8	1	11	17	3	5	16
k=78:	5	17	16	13	12	4	2	6	18	19	7	14	1	10	8	9	3	11	0	15
k=79:	9	5	11	16	6	3	15	10	8	14	2	17	7	18	13	12	19	1	0	4
k=80:	7	2	4	17	15	8	0	16	6	18	11	3	14	10	12	1	5	13	19	9
k=81:	10	16	5	19	15	13	9	14	0	18	4	7	11	17	3	2	1	8	12	6
k=82:	2	8	7	6	4	14	10	12	3	1	15	5	11	13	0	9	17	16	18	19
k=83:	19	6	0	3	18	8	10	4	12	15	2	7	17	13	5	14	1	9	11	16
k=84:	0	7	18	6	1	2	15	10	8	5	12	16	13	11	9	17	19	3	4	14
k=85:	17	16	13	19	18	4	12	1	9	2	0	10	5	3	8	14	15	11	7	6
k=86:	11	9	17	8	7	16	12	13	3	6	5	19	0	2	10	18	4	1	15	14
k=87:	13	17	3	8	5	9	7	11	12	6	16	1	19	14	4	10	0	18	15	2
k=88:	19	5	17	2	15	10	8	18	16	0	13	4	14	3	12	7	1	6	9	11
k=89:	11	9	3	19	6	18	5	16	17	0	7	4	13	15	1	8	10	12	14	2
k=90:	19	8	12	10	11	3	1	16	7	5	18	13	14	6	2	9	15	4	17	0
k=91:	14	2	10	3	5	4	7	12	15	8	1	18	19	9	11	13	17	0	6	16
k=92:	15	9	1	17	8	4	5	7	10	6	2	11	3	0	18	14	19	12	13	16
k=93:	16	13	3	15	2	18	12	10	14	8	1	4	17	9	19	6	0	5	7	11
k=94:	19	9	2	13	11	16	15	17	6	4	1	18	10	8	5	14	7	12	3	0
k=95:	10	2	4	1	18	15	11	0	16	13	17	12	14	19	9	5	7	8	3	6
k=96:	17	15	9	14	7	4	6	3	10	16	5	18	2	8	13	12	19	0	1	11
k=97:	5	8	18	2	7	1	14	3	11	9	0	13	4	16	17	10	12	19	6	15
k=98:	1	10	19	13	12	7	2	15	3	11	0	17	8	16	5	4	14	9	18	6
k=99:	9	4	17	6	18	5	10	8	7	19	2	11	15	13	14	16	3	12	1	0
k=100:	8	4	2	16	12	1	15	5	11	9	7	18	0	13	6	14	17	19	3	10
k=101:	15	0	7	8	16	9	11	18	1	14	4	6	10	3	12	5	17	2	19	13
k=102:	18	14	3	8	12	7	11	0	6	2	5	17	4	9	10	16	1	15	19	13
k=103:	3	12	19	18	5	7	9	1	0	13	4	16	17	8	10	15	6	14	2	11
k=104:	7	5	18	10	8	14	6	17	2	4	0	11	16	19	13	1	12	3	15	9
k=105:	19	18	16	0	4	9	8	10	11	14	2	17	13	1	15	3	12	5	6	7
k=106:	1	8	4	6	5	18	17	7	9	0	12	10	14	2	13	3	11	15	16	19
k=107:	1	4	19	9	5	8	14	15	13	12	17	11	16	6	2	10	3	7	18	0
k=108:	2	3	13	10	18	15	6	12	4	19	1	16	7	17	11	14	5	8	0	9
k=109:	3	4	8	2	5	12	7	13	17	16	9	10	18	15	11	14	19	1	6	0
k=110:	0	3	8	9	13	19	17	14	1	7	11	10	12	16	6	4	2	5	15	18
k=111:	2	13	16	3	12	9	15	17	0	19	8	11	5	18	7	1	14	4	6	10
k=112:	8	12	15	19	9	6	10	4	5	17	2	16	18	7	1	11	0	13	3	14
k=113:	11	18	17	1	7	12	13	19	5	4	15	10	0	14	16	8	6	3	2	9
k=114:	8	15	13	12	11	2	0	19	5	9	4	7	16	10	17	14	18	3	6	1
k=115:	11	2	14	19	3	9	12	1	6	7	4	10	15	8	0	5	16	13	17	18
k=116:	2	3	0	7	12	17	5	16	15	11	9	10	1	6	19	18	4	13	8	14
k=117:	19	1	5	16	15	12	8	11	9	0	7	10	17	13	2	14	18	4	6	3
k=118:	10	1	5	13	16	2	15	3	4	19	7	9	14	8	17	12	6	11	0	18
k=119:	2	11	13	8	5	10	7	9	18	12	6	3	17	14	0	19	4	16	15	1
k=120:	16	1	18	7	12	5	2	14	6	3	15	10	4	17	9	0	19	8	13	11
k=121:	11	12	18	17	6	1	5	10	14	9	8	13	16	4	2	19	0	15	3	7
k=122:	18	14	17	9	19	10	7	5	13	1	4	12	16	2	3	6	11	0	15	8
k=123:	2	16	14	15	17	13	3	8	1	11	6	19	0	4	7	18	12	10	9	5
k=124:	5	6	4	2	10	8	14	12	7	18	19	11	13	0	1	9	17	3	15	16
k=125:	17	8	6	16	10	3	19	5	7	14	2	12	0	1	18	4	11	9	15	13
k=126:	12	16	8	2	19	1	7	11	0	9	17	5	4	14	15	13	10	18	3	6
k=127:	7	6	16	9	12	4	0	3	17	19	5	15	18	11	2	1	14	13	8	10
k=128:	18	16	19	10	5	13	4	1	15	6	17	14	3	2	0	9	8	7	11	12
k=129:	6	5	13	11	9	10	18	4	2	0	8	14	1	16	7	3	17	19	15	12
k=130:	19	10	4	12	14	2	8	6	11	0	5	13	17	3	15	1	7	9	18	16
k=131:	2	14	18	16	19	11	8	10	5	0	12	1	4	15	6	3	17	9	13	7
k=132:	19	2	13	16	3	7	10	6	15	11	4	17	12	8	14	18	9	1	5	0
k=133:	2	0	3	14	1	4	15	8	9	7	12	6	18	10	17	19	5	13	16	11
k=134:	2	14	16	17	7	19	13	5	12	11	0	6	9	15	3	8	4	1	10	18
k=135:	2	8	19	0	7	9	12	13	6	1	16	10	17	18	15	11	4	3	14	5
k=136:	10	18	11	9	17	8	0	16	14	19	5	1	2	12	15	6	4	13	7	3
k=137:	8	11	18	14	12	4	15	17	6	1	16	13	0	10	3	19	2	5	7	9
k=138:	8	16	0	14	2	7	10	17	12	13	15	18	1	3	4	9	6	5	19	11
k=139:	8	3	16	19	12	9	7	18	1	2	14	10	13	17	4	5	6	15	11	0
k=140:	7	0	6	3	5	11	1	17	16	9	12	15	19	14	13	2	4	18	8	10
k=141:	15	12	9	5	7	16	6	3	2	10	1	13	17	14	11	8	0	18	19	4
k=142:	3	11	17	18	10	19	15	14	2	1	13	9	5	12	4	0	7	6	16	8
k=143:	7	3	13	11	8	5	17	9	1	10	2	14	0	19	12	15	16	6	18	4
k=144:	4	16	8	2	18	12	9	3	13	10	15	7	11	17	5	14	19	0	6	1
k=145:	7	5	16	12	4	11	2	3	6	14	0	19	13	15	8	17	9	18	1	10
k=146:	3	14	11	5	13	10	2	7	19	15	17	12	6	1	4	18	9	8	16	0
k=147:	3	4	14	15	8	9	16	13	1	18	10	6	7	0	11	2	12	5	19	17
k=148:	0	5	6	9	13	11	12	18	10	3	1	14	16	19	15	8	7	4	17	2
k=149:	10	7	1	9	14	4	19	0	18	8	13	17	6	11	16	15	2	5	12	3
k=150:	12	9	15	19	5	8	16	3	13	10	2	14	1	4	18	6	0	11	17	7
k=151:	9	2	8	3	14	7	16	1	4	6	13	5	12	15	19	0	10	17	18	11
k=152:	6	1	7	10	14	12	3	13	9	18	17	11	5	2	8	15	0	19	16	4
k=153:	2	14	7	3	16	6	12	0	5	13	15	18	17	4	19	10	11	8	9	1
k=154:	9	18	4	14	5	19	7	6	12	16	8	1	17	15	3	2	13	11	10	0
k=155:	12	1	19	4	0	3	6	9	10	2	17	7	15	14	8	16	18	13	11	5
k=156:	4	6	1	11	10	2	19	5	8	9	3	13	14	17	0	16	18	7	15	12
k=157:	2	14	5	16	6	0	3	12	11	1	13	17	10	7	15	4	18	8	9	19
k=158:	9	15	4	17	11	14	1	6	13	0	3	2	10	16	18	19	12	7	5	8
k=159:	13	2	6	16	14	18	12	3	10	9	0	5	17	8	19	1	7	11	4	15
k=160:	12	16	11	5	15	9	13	8	2	1	6	17	14	7	0	19	3	4	10	18
k=161:	19	1	12	18	8	10	4	6	15	14	17	5	2	16	11	3	0	13	7	9
k=162:	13	11	16	4	12	3	10	8	6	17	7	14	19	0	18	5	2	15	1	9
k=163:	7	3	17	2	18	9	14	8	1	15	11	0	4	13	12	19	6	16	5	10
k=164:	12	17	3	19	6	4	11	10	1	9	13	5	18	0	8	14	7	15	2	16
k=165:	8	6	11	1	16	3	2	14	4	19	7	10	0	17	15	5	9	18	13	12
k=166:	13	7	5	14	17	6	19	9	18	0	11	12	2	15	16	4	10	8	1	3
k=167:	7	12	15	10	14	11	19	9	6	18	5	16	17	1	8	4	2	0	3	13
k=168:	15	19	13	18	1	3	0	10	6	4	17	8	14	7	11	9	12	2	16	5
k=169:	13	2	16	11	4	14	5	8	19	0	7	12	1	18	17	15	3	9	10	6
k=170:	8	12	14	9	4	18	0	1	11	10	16	7	3	2	13	17	19	15	6	5
k=171:	2	17	1	10	3	7	11	5	8	0	19	12	6	18	9	4	13	14	16	15
k=172:	11	2	12	15	7	1	17	19	6	0	9	16	14	18	13	3	5	4	10	8
k=173:	12	5	1	14	6	13	17	4	7	19	16	11	2	18	15	0	10	8	9	3
k=174:	5	15	8	7	10	12	0	14	6	4	13	17	19	1	16	18	3	2	9	11
k=175:	6	1	18	10	5	17	0	14	8	15	9	12	16	19	7	3	13	11	4	2
k=176:	16	9	3	11	17	7	1	10	13	5	0	18	8	14	19	12	15	4	6	2
k=177:	11	17	15	6	13	18	12	8	5	2	10	0	16	7	19	4	9	3	1	14
k=178:	19	18	11	14	3	5	4	2	17	6	1	10	0	8	16	15	12	7	9	13
k=179:	11	2	14	19	17	5	0	18	8	10	15	12	3	4	16	7	9	6	13	1
k=180:	9	10	6	17	12	0	13	16	8	15	7	2	19	14	18	1	5	4	11	3
k=181:	11	0	12	8	9	13	18	15	17	2	1	4	19	3	16	6	7	10	14	5
k=182:	15	6	0	4	9	18	8	7	1	14	17	5	11	10	19	2	12	16	13	3
k=183:	9	0	3	13	1	10	4	11	14	8	19	2	6	17	12	16	5	18	15	7
k=184:	15	18	14	9	7	5	1	6	2	8	19	10	12	3	0	17	13	16	11	4
k=185:	16	7	11	10	13	4	19	1	17	5	3	9	8	0	15	18	14	12	2	6
k=186:	8	16	0	19	7	2	3	11	1	15	6	12	9	5	14	17	10	13	4	18
k=187:	8	11	19	14	15	10	4	3	18	12	1	13	7	9	5	6	0	17	2	16
k=188:	12	7	16	10	1	8	3	19	0	17	13	14	15	6	4	9	18	5	11	2
k=189:	2	3	14	5	1	9	0	16	17	13	6	10	7	18	15	8	12	4	19	11
k=190:	18	17	16	14	3	15	13	19	8	10	2	1	9	0	4	6	5	11	12	7
k=191:	7	9	6	19	14	18	4	10	2	13	0	16	5	8	3	1	15	17	12	11
k=192:	8	7	5	16	2	11	18	6	1	4	0	19	12	9	17	10	13	14	3	15
k=193:	17	7	16	6	4	2	14	19	1	10	3	11	15	0	18	5	13	8	9	12
k=194:	17	11	9	15	4	10	5	6	0	3	18	14	16	1	19	8	2	13	12	7
k=195:	4	16	12	6	0	19	5	10	15	2	13	8	1	7	9	14	11	17	3	18
k=196:	16	6	0	2	19	9	15	13	1	8	10	17	4	18	14	5	12	7	11	3
k=197:	3	13	0	16	7	17	8	6	15	4	1	9	10	11	18	14	12	2	19	5
k=198:	1	11	3	15	5	13	14	9	16	19	17	10	12	18	6	4	7	2	8	0
k=199:	11	13	7	9	0	8	10	2	15	3	12	14	4	1	17	5	18	16	6	19
Lambda_0:	0.0018975332068311196	0.0056925996204933585	0.007590132827324478	0.007590132827324478	0.003795066413662239	0.004743833017077799	0.004743833017077799	0.007590132827324478	0.0028462998102466793	0.003795066413662239	0.006641366223908918	0.0056925996204933585	0.007590132827324478	0.0056925996204933585	0.006641366223908918	0.0018975332068311196	0.0028462998102466793	0.006641366223908918	0.006641366223908918	0.0056925996204933585	0.003795066413662239	0.006641366223908918	0.0056925996204933585	0.0056925996204933585	0.003795066413662239	0.0028462998102466793	0.0028462998102466793	0.004743833017077799	0.0028462998102466793	0.0056925996204933585	0.003795066413662239	0.003795066413662239	0.0028462998102466793	0.004743833017077799	0.004743833017077799	0.003795066413662239	0.003795066413662239	0.0018975332068311196	0.0056925996204933585	0.006641366223908918	0.003795066413662239	0.003795066413662239	0.0028462998102466793	0.003795066413662239	0.0018975332068311196	0.0028462998102466793	0.007590132827324478	0.0018975332068311196	0.006641366223908918	0.006641366223908918	0.007590132827324478	0.007590132827324478	0.0056925996204933585	0.0018975332068311196	0.003795066413662239	0.003795066413662239	0.007590132827324478	0.0056925996204933585	0.006641366223908918	0.0056925996204933585	0.006641366223908918	0.007590132827324478	0.003795066413662239	0.007590132827324478	0.004743833017077799	0.0028462998102466793	0.003795066413662239	0.0056925996204933585	0.0056925996204933585	0.006641366223908918	0.006641366223908918	0.0028462998102466793	0.004743833017077799	0.003795066413662239	0.0056925996204933585	0.003795066413662239	0.0028462998102466793	0.004743833017077799	0.0056925996204933585	0.0028462998102466793	0.006641366223908918	0.007590132827324478	0.0056925996204933585	0.0028462998102466793	0.007590132827324478	0.003795066413662239	0.003795066413662239	0.006641366223908918	0.0056925996204933585	0.007590132827324478	0.007590132827324478	0.003795066413662239	0.0056925996204933585	0.004743833017077799	0.004743833017077799	0.004743833017077799	0.007590132827324478	0.007590132827324478	0.0018975332068311196	0.003795066413662239	0.0028462998102466793	0.0028462998102466793	0.004743833017077799	0.003795066413662239	0.003795066413662239	0.007590132827324478	0.006641366223908918	0.007590132827324478	0.0056925996204933585	0.007590132827324478	0.003795066413662239	0.003795066413662239	0.007590132827324478	0.0028462998102466793	0.0018975332068311196	0.007590132827324478	0.006641366223908918	0.0028462998102466793	0.003795066413662239	0.003795066413662239	0.004743833017077799	0.003795066413662239	0.007590132827324478	0.0028462998102466793	0.0028462998102466793	0.004743833017077799	0.004743833017077799	0.007590132827324478	0.006641366223908918	0.007590132827324478	0.0018975332068311196	0.006641366223908918	0.0018975332068311196	0.007590132827324478	0.007590132827324478	0.0028462998102466793	0.003795066413662239	0.0056925996204933585	0.007590132827324478	0.0018975332068311196	0.0056925996204933585	0.0056925996204933585	0.006641366223908918	0.006641366223908918	0.007590132827324478	0.0018975332068311196	0.004743833017077799	0.007590132827324478	0.003795066413662239	0.006641366223908918	0.006641366223908918	0.007590132827324478	0.003795066413662239	0.0028462998102466793	0.003795066413662239	0.0028462998102466793	0.0056925996204933585	0.003795066413662239	0.003795066413662239	0.004743833017077799	0.004743833017077799	0.0056925996204933585	0.004743833017077799	0.0018975332068311196	0.007590132827324478	0.004743833017077799	0.004743833017077799	0.0056925996204933585	0.0018975332068311196	0.006641366223908918	0.0028462998102466793	0.004743833017077799	0.007590132827324478	0.0028462998102466793	0.0028462998102466793	0.003795066413662239	0.007590132827324478	0.0018975332068311196	0.007590132827324478	0.0028462998102466793	0.007590132827324478	0.007590132827324478	0.007590132827324478	0.0018975332068311196	0.006641366223908918	0.0056925996204933585	0.0028462998102466793	0.007590132827324478	0.003795066413662239	0.004743833017077799	0.004743833017077799	0.006641366223908918	0.007590132827324478	0.0018975332068311196	0.007590132827324478	0.007590132827324478	0.0018975332068311196	0.006641366223908918	0.004743833017077799	0.0018975332068311196
Lambda_1:	0.0019646365422396855	0.0068762278978389	0.0068762278978389	0.003929273084479371	0.0019646365422396855	0.0068762278978389	0.0068762278978389	0.004911591355599214	0.0029469548133595285	0.007858546168958742	0.003929273084479371	0.003929273084479371	0.007858546168958742	0.0068762278978389	0.007858546168958742	0.007858546168958742	0.004911591355599214	0.004911591355599214	0.005893909626719057	0.004911591355599214	0.0019646365422396855	0.0068762278978389	0.004911591355599214	0.005893909626719057	0.003929273084479371	0.0068762278978389	0.0019646365422396855	0.003929273084479371	0.007858546168958742	0.004911591355599214	0.0029469548133595285	0.0029469548133595285	0.004911591355599214	0.0068762278978389	0.004911591355599214	0.004911591355599214	0.0019646365422396855	0.003929273084479371	0.004911591355599214	0.005893909626719057	0.005893909626719057	0.005893909626719057	0.0029469548133595285	0.0068762278978389	0.0068762278978389	0.007858546168958742	0.005893909626719057	0.0029469548133595285	0.005893909626719057	0.003929273084479371	0.0019646365422396855	0.004911591355599214	0.007858546168958742	0.005893909626719057	0.005893909626719057	0.0019646365422396855	0.007858546168958742	0.005893909626719057	0.007858546168958742	0.003929273084479371	0.0019646365422396855	0.0029469548133595285	0.005893909626719057	0.007858546168958742	0.0029469548133595285	0.003929273084479371	0.004911591355599214	0.0068762278978389	0.0019646365422396855	0.005893909626719057	0.007858546168958742	0.0029469548133595285	0.0019646365422396855	0.003929273084479371	0.0068762278978389	0.005893909626719057	0.0068762278978389	0.005893909626719057	0.003929273084479371	0.0029469548133595285	0.005893909626719057	0.0019646365422396855	0.004911591355599214	0.0019646365422396855	0.007858546168958742	0.005893909626719057	0.0068762278978389	0.007858546168958742	0.0068762278978389	0.0068762278978389	0.0019646365422396855	0.007858546168958742	0.003929273084479371	0.0068762278978389	0.004911591355599214	0.005893909626719057	0.0068762278978389	0.0019646365422396855	0.003929273084479371	0.005893909626719057	0.0029469548133595285	0.005893909626719057	0.0029469548133595285	0.0068762278978389	0.004911591355599214	0.005893909626719057	0.0068762278978389	0.003929273084479371	0.004911591355599214	0.003929273084479371	0.0019646365422396855	0.0068762278978389	0.0019646365422396855	0.0019646365422396855	0.0068762278978389	0.0068762278978389	0.003929273084479371	0.003929273084479371	0.003929273084479371	0.0019646365422396855	0.004911591355599214	0.005893909626719057	0.003929273084479371	0.0029469548133595285	0.003929273084479371	0.005893909626719057	0.005893909626719057	0.003929273084479371	0.007858546168958742	0.0019646365422396855	0.004911591355599214	0.004911591355599214	0.004911591355599214	0.0019646365422396855	0.003929273084479371	0.004911591355599214	0.003929273084479371	0.0029469548133595285	0.003929273084479371	0.0029469548133595285	0.0068762278978389	0.007858546168958742	0.004911591355599214	0.004911591355599214	0.005893909626719057	0.007858546168958742	0.003929273084479371	0.005893909626719057	0.003929273084479371	0.005893909626719057	0.003929273084479371	0.005893909626719057	0.0068762278978389	0.003929273084479371	0.005893909626719057	0.005893909626719057	0.0019646365422396855	0.003929273084479371	0.0068762278978389	0.0019646365422396855	0.0068762278978389	0.005893909626719057	0.007858546168958742	0.0019646365422396855	0.004911591355599214	0.003929273084479371	0.0019646365422396855	0.0019646365422396855	0.004911591355599214	0.0068762278978389	0.007858546168958742	0.0068762278978389	0.0068762278978389	0.0019646365422396855	0.0029469548133595285	0.004911591355599214	0.007858546168958742	0.0029469548133595285	0.004911591355599214	0.0029469548133595285	0.003929273084479371	0.005893909626719057	0.003929273084479371	0.0019646365422396855	0.0068762278978389	0.004911591355599214	0.007858546168958742	0.004911591355599214	0.0068762278978389	0.0029469548133595285	0.005893909626719057	0.0029469548133595285	0.0068762278978389	0.005893909626719057	0.003929273084479371	0.007858546168958742	0.007858546168958742	0.0019646365422396855	0.0068762278978389	0.007858546168958742
Lambda_2:	0.008113590263691683	0.005070993914807302	0.002028397565922921	0.007099391480730223	0.008113590263691683	0.004056795131845842	0.0030425963488843813	0.008113590263691683	0.005070993914807302	0.002028397565922921	0.006085192697768763	0.005070993914807302	0.006085192697768763	0.0030425963488843813	0.002028397565922921	0.008113590263691683	0.007099391480730223	0.0030425963488843813	0.004056795131845842	0.002028397565922921	0.0030425963488843813	0.007099391480730223	0.006085192697768763	0.007099391480730223	0.005070993914807302	0.005070993914807302	0.0030425963488843813	0.004056795131845842	0.005070993914807302	0.0030425963488843813	0.004056795131845842	0.002028397565922921	0.0030425963488843813	0.006085192697768763	0.006085192697768763	0.002028397565922921	0.002028397565922921	0.005070993914807302	0.006085192697768763	0.0030425963488843813	0.005070993914807302	0.006085192697768763	0.007099391480730223	0.007099391480730223	0.004056795131845842	0.004056795131845842	0.006085192697768763	0.005070993914807302	0.006085192697768763	0.007099391480730223	0.006085192697768763	0.002028397565922921	0.006085192697768763	0.008113590263691683	0.0030425963488843813	0.005070993914807302	0.002028397565922921	0.005070993914807302	0.004056795131845842	0.002028397565922921	0.004056795131845842	0.004056795131845842	0.002028397565922921	0.008113590263691683	0.004056795131845842	0.006085192697768763	0.005070993914807302	0.004056795131845842	0.008113590263691683	0.002028397565922921	0.004056795131845842	0.006085192697768763	0.002028397565922921	0.005070993914807302	0.002028397565922921	0.005070993914807302	0.005070993914807302	0.002028397565922921	0.005070993914807302	0.007099391480730223	0.004056795131845842	0.007099391480730223	0.008113590263691683	0.007099391480730223	0.006085192697768763	0.008113590263691683	0.0030425963488843813	0.006085192697768763	0.004056795131845842	0.007099391480730223	0.004056795131845842	0.007099391480730223	0.004056795131845842	0.0030425963488843813	0.007099391480730223	0.004056795131845842	0.008113590263691683	0.005070993914807302	0.0030425963488843813	0.004056795131845842	0.0030425963488843813	0.008113590263691683	0.007099391480730223	0.006085192697768763	0.0030425963488843813	0.0030425963488843813	0.008113590263691683	0.008113590263691683	0.0030425963488843813	0.006085192697768763	0.008113590263691683	0.002028397565922921	0.006085192697768763	0.005070993914807302	0.006085192697768763	0.0030425963488843813	0.0030425963488843813	0.005070993914807302	0.006085192697768763	0.002028397565922921	0.0030425963488843813	0.0030425963488843813	0.004056795131845842	0.008113590263691683	0.007099391480730223	0.002028397565922921	0.002028397565922921	0.004056795131845842	0.008113590263691683	0.006085192697768763	0.0030425963488843813	0.007099391480730223	0.002028397565922921	0.0030425963488843813	0.004056795131845842	0.005070993914807302	0.005070993914807302	0.005070993914807302	0.008113590263691683	0.004056795131845842	0.006085192697768763	0.004056795131845842	0.006085192697768763	0.007099391480730223	0.006085192697768763	0.004056795131845842	0.005070993914807302	0.005070993914807302	0.007099391480730223	0.006085192697768763	0.006085192697768763	0.008113590263691683	0.002028397565922921	0.008113590263691683	0.005070993914807302	0.0030425963488843813	0.005070993914807302	0.002028397565922921	0.004056795131845842	0.004056795131845842	0.008113590263691683	0.005070993914807302	0.008113590263691683	0.008113590263691683	0.0030425963488843813	0.008113590263691683	0.007099391480730223	0.004056795131845842	0.0030425963488843813	0.0030425963488843813	0.008113590263691683	0.005070993914807302	0.004056795131845842	0.008113590263691683	0.0030425963488843813	0.002028397565922921	0.006085192697768763	0.007099391480730223	0.004056795131845842	0.004056795131845842	0.008113590263691683	0.0030425963488843813	0.004056795131845842	0.004056795131845842	0.002028397565922921	0.004056795131845842	0.005070993914807302	0.006085192697768763	0.008113590263691683	0.002028397565922921	0.004056795131845842	0.0030425963488843813	0.005070993914807302	0.005070993914807302	0.005070993914807302	0.0030425963488843813	0.0030425963488843813	0.008113590263691683	0.007099391480730223	0.008113590263691683
Lambda_3:	0.0039177277179236044	0.0039177277179236044	0.0039177277179236044	0.005876591576885406	0.004897159647404506	0.0039177277179236044	0.007835455435847209	0.0039177277179236044	0.0039177277179236044	0.005876591576885406	0.004897159647404506	0.007835455435847209	0.0019588638589618022	0.0068560235063663075	0.004897159647404506	0.002938295788442703	0.0068560235063663075	0.002938295788442703	0.002938295788442703	0.004897159647404506	0.0068560235063663075	0.005876591576885406	0.005876591576885406	0.005876591576885406	0.002938295788442703	0.0039177277179236044	0.0039177277179236044	0.002938295788442703	0.002938295788442703	0.002938295788442703	0.004897159647404506	0.007835455435847209	0.0019588638589618022	0.007835455435847209	0.0019588638589618022	0.0039177277179236044	0.0068560235063663075	0.007835455435847209	0.007835455435847209	0.0068560235063663075	0.0039177277179236044	0.0019588638589618022	0.002938295788442703	0.0068560235063663075	0.0039177277179236044	0.007835455435847209	0.002938295788442703	0.0019588638589618022	0.004897159647404506	0.004897159647404506	0.002938295788442703	0.005876591576885406	0.005876591576885406	0.004897159647404506	0.0068560235063663075	0.004897159647404506	0.002938295788442703	0.005876591576885406	0.002938295788442703	0.0068560235063663075	0.005876591576885406	0.0039177277179236044	0.0019588638589618022	0.005876591576885406	0.007835455435847209	0.0019588638589618022	0.004897159647404506	0.002938295788442703	0.0039177277179236044	0.0068560235063663075	0.0068560235063663075	0.007835455435847209	0.0019588638589618022	0.0068560235063663075	0.002938295788442703	0.0068560235063663075	0.007835455435847209	0.007835455435847209	0.002938295788442703	0.0068560235063663075	0.004897159647404506	0.005876591576885406	0.007835455435847209	0.007835455435847209	0.0068560235063663075	0.0039177277179236044	0.004897159647404506	0.005876591576885406	0.004897159647404506	0.005876591576885406	0.005876591576885406	0.0039177277179236044	0.005876591576885406	0.005876591576885406	0.002938295788442703	0.007835455435847209	0.0068560235063663075	0.002938295788442703	0.002938295788442703	0.005876591576885406	0.004897159647404506	0.0068560235063663075	0.005876591576885406	0.002938295788442703	0.0039177277179236044	0.005876591576885406	0.002938295788442703	0.007835455435847209	0.0068560235063663075	0.0068560235063663075	0.0019588638589618022	0.004897159647404506	0.0019588638589618022	0.004897159647404506	0.007835455435847209	0.0039177277179236044	0.007835455435847209	0.005876591576885406	0.005876591576885406	0.0019588638589618022	0.0039177277179236044	0.004897159647404506	0.0039177277179236044	0.004897159647404506	0.005876591576885406	0.005876591576885406	0.002938295788442703	0.007835455435847209	0.004897159647404506	0.0019588638589618022	0.0068560235063663075	0.007835455435847209	0.004897159647404506	0.007835455435847209	0.002938295788442703	0.005876591576885406	0.005876591576885406	0.005876591576885406	0.002938295788442703	0.002938295788442703	0.007835455435847209	0.0068560235063663075	0.0068560235063663075	0.005876591576885406	0.0019588638589618022	0.0039177277179236044	0.005876591576885406	0.0019588638589618022	0.005876591576885406	0.007835455435847209	0.0039177277179236044	0.0019588638589618022	0.004897159647404506	0.007835455435847209	0.004897159647404506	0.0019588638589618022	0.004897159647404506	0.004897159647404506	0.0068560235063663075	0.0068560235063663075	0.002938295788442703	0.0019588638589618022	0.007835455435847209	0.004897159647404506	0.007835455435847209	0.004897159647404506	0.0019588638589618022	0.004897159647404506	0.002938295788442703	0.0039177277179236044	0.004897159647404506	0.005876591576885406	0.005876591576885406	0.007835455435847209	0.005876591576885406	0.005876591576885406	0.0019588638589618022	0.002938295788442703	0.0019588638589618022	0.002938295788442703	0.0019588638589618022	0.007835455435847209	0.0039177277179236044	0.002938295788442703	0.004897159647404506	0.007835455435847209	0.002938295788442703	0.004897159647404506	0.002938295788442703	0.007835455435847209	0.007835455435847209	0.004897159647404506	0.007835455435847209	0.0039177277179236044	0.002938295788442703	0.004897159647404506	0.0068560235063663075	0.004897159647404506	0.004897159647404506	0.002938295788442703
Lambda_4:	0.006006006006006006	0.005005005005005005	0.006006006006006006	0.004004004004004004	0.006006006006006006	0.006006006006006006	0.004004004004004004	0.003003003003003003	0.004004004004004004	0.008008008008008008	0.007007007007007007	0.004004004004004004	0.005005005005005005	0.002002002002002002	0.002002002002002002	0.002002002002002002	0.007007007007007007	0.005005005005005005	0.008008008008008008	0.007007007007007007	0.005005005005005005	0.008008008008008008	0.005005005005005005	0.004004004004004004	0.006006006006006006	0.004004004004004004	0.003003003003003003	0.003003003003003003	0.007007007007007007	0.002002002002002002	0.005005005005005005	0.005005005005005005	0.007007007007007007	0.006006006006006006	0.007007007007007007	0.002002002002002002	0.003003003003003003	0.003003003003003003	0.002002002002002002	0.008008008008008008	0.004004004004004004	0.006006006006006006	0.003003003003003003	0.003003003003003003	0.006006006006006006	0.008008008008008008	0.008008008008008008	0.008008008008008008	0.008008008008008008	0.008008008008008008	0.006006006006006006	0.008008008008008008	0.005005005005005005	0.003003003003003003	0.004004004004004004	0.003003003003003003	0.003003003003003003	0.007007007007007007	0.002002002002002002	0.005005005005005005	0.006006006006006006	0.005005005005005005	0.008008008008008008	0.006006006006006006	0.006006006006006006	0.007007007007007007	0.008008008008008008	0.006006006006006006	0.004004004004004004	0.004004004004004004	0.006006006006006006	0.004004004004004004	0.008008008008008008	0.002002002002002002	0.004004004004004004	0.007007007007007007	0.002002002002002002	0.005005005005005005	0.007007007007007007	0.008008008008008008	0.005005005005005005	0.008008008008008008	0.008008008008008008	0.008008008008008008	0.006006006006006006	0.008008008008008008	0.007007007007007007	0.002002002002002002	0.005005005005005005	0.002002002002002002	0.008008008008008008	0.003003003003003003	0.008008008008008008	0.007007007007007007	0.004004004004004004	0.004004004004004004	0.002002002002002002	0.002002002002002002	0.007007007007007007	0.002002002002002002	0.003003003003003003	0.004004004004004004	0.007007007007007007	0.003003003003003003	0.006006006006006006	0.002002002002002002	0.006006006006006006	0.005005005005005005	0.006006006006006006	0.004004004004004004	0.007007007007007007	0.005005005005005005	0.007007007007007007	0.006006006006006006	0.003003003003003003	0.005005005005005005	0.002002002002002002	0.002002002002002002	0.008008008008008008	0.003003003003003003	0.006006006006006006	0.002002002002002002	0.005005005005005005	0.006006006006006006	0.008008008008008008	0.002002002002002002	0.008008008008008008	0.008008008008008008	0.005005005005005005	0.004004004004004004	0.003003003003003003	0.002002002002002002	0.008008008008008008	0.003003003003003003	0.004004004004004004	0.007007007007007007	0.002002002002002002	0.004004004004004004	0.002002002002002002	0.004004004004004004	0.007007007007007007	0.006006006006006006	0.004004004004004004	0.003003003003003003	0.003003003003003003	0.008008008008008008	0.002002002002002002	0.007007007007007007	0.005005005005005005	0.003003003003003003	0.006006006006006006	0.008008008008008008	0.003003003003003003	0.003003003003003003	0.006006006006006006	0.005005005005005005	0.003003003003003003	0.004004004004004004	0.004004004004004004	0.002002002002002002	0.008008008008008008	0.008008008008008008	0.006006006006006006	0.006006006006006006	0.005005005005005005	0.002002002002002002	0.006006006006006006	0.005005005005005005	0.007007007007007007	0.006006006006006006	0.006006006006006006	0.008008008008008008	0.002002002002002002	0.005005005005005005	0.003003003003003003	0.002002002002002002	0.004004004004004004	0.003003003003003003	0.003003003003003003	0.006006006006006006	0.005005005005005005	0.002002002002002002	0.008008008008008008	0.003003003003003003	0.005005005005005005	0.005005005005005005	0.008008008008008008	0.003003003003003003	0.005005005005005005	0.003003003003003003	0.008008008008008008	0.003003003003003003	0.008008008008008008	0.008008008008008008	0.003003003003003003	0.002002002002002002	0.002002002002002002	0.002002002002002002	0.006006006006006006	0.007007007007007007
Lambda_5:	0.005175983436853002	0.006211180124223602	0.004140786749482402	0.006211180124223602	0.006211180124223602	0.007246376811594203	0.008281573498964804	0.004140786749482402	0.003105590062111801	0.007246376811594203	0.005175983436853002	0.004140786749482402	0.004140786749482402	0.007246376811594203	0.005175983436853002	0.006211180124223602	0.008281573498964804	0.008281573498964804	0.007246376811594203	0.003105590062111801	0.007246376811594203	0.004140786749482402	0.007246376811594203	0.005175983436853002	0.003105590062111801	0.006211180124223602	0.006211180124223602	0.003105590062111801	0.002070393374741201	0.004140786749482402	0.002070393374741201	0.004140786749482402	0.003105590062111801	0.008281573498964804	0.008281573498964804	0.004140786749482402	0.004140786749482402	0.006211180124223602	0.006211180124223602	0.004140786749482402	0.003105590062111801	0.005175983436853002	0.008281573498964804	0.004140786749482402	0.003105590062111801	0.004140786749482402	0.002070393374741201	0.005175983436853002	0.003105590062111801	0.004140786749482402	0.006211180124223602	0.003105590062111801	0.002070393374741201	0.003105590062111801	0.005175983436853002	0.003105590062111801	0.008281573498964804	0.002070393374741201	0.007246376811594203	0.007246376811594203	0.002070393374741201	0.002070393374741201	0.005175983436853002	0.008281573498964804	0.004140786749482402	0.003105590062111801	0.004140786749482402	0.007246376811594203	0.007246376811594203	0.005175983436853002	0.002070393374741201	0.006211180124223602	0.006211180124223602	0.006211180124223602	0.005175983436853002	0.004140786749482402	0.006211180124223602	0.003105590062111801	0.002070393374741201	0.002070393374741201	0.008281573498964804	0.008281573498964804	0.008281573498964804	0.003105590062111801	0.002070393374741201	0.003105590062111801	0.005175983436853002	0.007246376811594203	0.002070393374741201	0.002070393374741201	0.006211180124223602	0.003105590062111801	0.007246376811594203	0.004140786749482402	0.006211180124223602	0.005175983436853002	0.006211180124223602	0.004140786749482402	0.003105590062111801	0.004140786749482402	0.004140786749482402	0.008281573498964804	0.002070393374741201	0.005175983436853002	0.005175983436853002	0.005175983436853002	0.005175983436853002	0.006211180124223602	0.008281573498964804	0.003105590062111801	0.003105590062111801	0.006211180124223602	0.002070393374741201	0.002070393374741201	0.005175983436853002	0.008281573498964804	0.004140786749482402	0.004140786749482402	0.007246376811594203	0.004140786749482402	0.006211180124223602	0.002070393374741201	0.007246376811594203	0.003105590062111801	0.003105590062111801	0.002070393374741201	0.008281573498964804	0.003105590062111801	0.002070393374741201	0.007246376811594203	0.003105590062111801	0.002070393374741201	0.007246376811594203	0.003105590062111801	0.008281573498964804	0.008281573498964804	0.003105590062111801	0.004140786749482402	0.002070393374741201	0.002070393374741201	0.007246376811594203	0.003105590062111801	0.007246376811594203	0.005175983436853002	0.005175983436853002	0.004140786749482402	0.006211180124223602	0.002070393374741201	0.003105590062111801	0.008281573498964804	0.007246376811594203	0.002070393374741201	0.008281573498964804	0.006211180124223602	0.002070393374741201	0.008281573498964804	0.004140786749482402	0.004140786749482402	0.008281573498964804	0.006211180124223602	0.007246376811594203	0.006211180124223602	0.004140786749482402	0.004140786749482402	0.007246376811594203	0.007246376811594203	0.002070393374741201	0.005175983436853002	0.008281573498964804	0.008281573498964804	0.002070393374741201	0.005175983436853002	0.004140786749482402	0.007246376811594203	0.003105590062111801	0.008281573498964804	0.003105590062111801	0.002070393374741201	0.007246376811594203	0.004140786749482402	0.007246376811594203	0.002070393374741201	0.008281573498964804	0.007246376811594203	0.002070393374741201	0.007246376811594203	0.005175983436853002	0.004140786749482402	0.007246376811594203	0.005175983436853002	0.002070393374741201	0.003105590062111801	0.004140786749482402	0.007246376811594203	0.002070393374741201	0.006211180124223602	0.002070393374741201	0.003105590062111801	0.007246376811594203	0.006211180124223602
Lambda_6:	0.0051813471502590676	0.007253886010362694	0.007253886010362694	0.008290155440414507	0.0051813471502590676	0.004145077720207254	0.004145077720207254	0.002072538860103627	0.0062176165803108805	0.002072538860103627	0.007253886010362694	0.007253886010362694	0.0051813471502590676	0.008290155440414507	0.004145077720207254	0.0031088082901554403	0.0062176165803108805	0.002072538860103627	0.0062176165803108805	0.002072538860103627	0.0051813471502590676	0.008290155440414507	0.0031088082901554403	0.007253886010362694	0.008290155440414507	0.007253886010362694	0.0031088082901554403	0.004145077720207254	0.0051813471502590676	0.0051813471502590676	0.0031088082901554403	0.007253886010362694	0.004145077720207254	0.0051813471502590676	0.0031088082901554403	0.0062176165803108805	0.008290155440414507	0.0031088082901554403	0.0062176165803108805	0.0062176165803108805	0.007253886010362694	0.004145077720207254	0.0051813471502590676	0.002072538860103627	0.008290155440414507	0.008290155440414507	0.007253886010362694	0.002072538860103627	0.002072538860103627	0.0062176165803108805	0.008290155440414507	0.007253886010362694	0.007253886010362694	0.008290155440414507	0.0031088082901554403	0.0062176165803108805	0.007253886010362694	0.007253886010362694	0.0031088082901554403	0.0031088082901554403	0.007253886010362694	0.004145077720207254	0.002072538860103627	0.0031088082901554403	0.002072538860103627	0.0031088082901554403	0.0031088082901554403	0.0062176165803108805	0.008290155440414507	0.004145077720207254	0.0031088082901554403	0.008290155440414507	0.0031088082901554403	0.008290155440414507	0.002072538860103627	0.004145077720207254	0.0051813471502590676	0.002072538860103627	0.007253886010362694	0.004145077720207254	0.002072538860103627	0.008290155440414507	0.004145077720207254	0.0051813471502590676	0.004145077720207254	0.007253886010362694	0.0031088082901554403	0.002072538860103627	0.0062176165803108805	0.007253886010362694	0.002072538860103627	0.007253886010362694	0.0062176165803108805	0.007253886010362694	0.0051813471502590676	0.002072538860103627	0.004145077720207254	0.0031088082901554403	0.007253886010362694	0.0051813471502590676	0.007253886010362694	0.007253886010362694	0.002072538860103627	0.0062176165803108805	0.0031088082901554403	0.002072538860103627	0.002072538860103627	0.008290155440414507	0.007253886010362694	0.002072538860103627	0.007253886010362694	0.0062176165803108805	0.002072538860103627	0.007253886010362694	0.004145077720207254	0.0031088082901554403	0.0031088082901554403	0.004145077720207254	0.002072538860103627	0.008290155440414507	0.0031088082901554403	0.0031088082901554403	0.0062176165803108805	0.0051813471502590676	0.0062176165803108805	0.0062176165803108805	0.004145077720207254	0.002072538860103627	0.002072538860103627	0.002072538860103627	0.0062176165803108805	0.0031088082901554403	0.004145077720207254	0.0051813471502590676	0.004145077720207254	0.0062176165803108805	0.0031088082901554403	0.0062176165803108805	0.004145077720207254	0.007253886010362694	0.0051813471502590676	0.007253886010362694	0.0051813471502590676	0.008290155440414507	0.004145077720207254	0.004145077720207254	0.007253886010362694	0.0051813471502590676	0.0051813471502590676	0.008290155440414507	0.0031088082901554403	0.007253886010362694	0.0051813471502590676	0.002072538860103627	0.0051813471502590676	0.0051813471502590676	0.004145077720207254	0.007253886010362694	0.0031088082901554403	0.0031088082901554403	0.0051813471502590676	0.004145077720207254	0.0062176165803108805	0.007253886010362694	0.008290155440414507	0.0031088082901554403	0.007253886010362694	0.007253886010362694	0.0051813471502590676	0.0051813471502590676	0.0031088082901554403	0.0031088082901554403	0.0031088082901554403	0.008290155440414507	0.007253886010362694	0.0031088082901554403	0.0051813471502590676	0.0051813471502590676	0.0031088082901554403	0.0062176165803108805	0.0051813471502590676	0.004145077720207254	0.002072538860103627	0.002072538860103627	0.002072538860103627	0.002072538860103627	0.004145077720207254	0.0031088082901554403	0.007253886010362694	0.004145077720207254	0.0051813471502590676	0.007253886010362694	0.002072538860103627	0.002072538860103627	0.004145077720207254	0.004145077720207254	0.007253886010362694	0.008290155440414507	0.004145077720207254	0.0031088082901554403
Lambda_7:	0.004930966469428008	0.005917159763313609	0.006903353057199211	0.005917159763313609	0.005917159763313609	0.0039447731755424065	0.0029585798816568047	0.004930966469428008	0.0039447731755424065	0.006903353057199211	0.005917159763313609	0.0019723865877712033	0.0029585798816568047	0.0029585798816568047	0.006903353057199211	0.005917159763313609	0.0019723865877712033	0.0019723865877712033	0.005917159763313609	0.0019723865877712033	0.004930966469428008	0.004930966469428008	0.004930966469428008	0.0039447731755424065	0.0029585798816568047	0.0039447731755424065	0.007889546351084813	0.007889546351084813	0.005917159763313609	0.006903353057199211	0.0039447731755424065	0.007889546351084813	0.0029585798816568047	0.007889546351084813	0.007889546351084813	0.0019723865877712033	0.0039447731755424065	0.004930966469428008	0.006903353057199211	0.0029585798816568047	0.005917159763313609	0.0039447731755424065	0.0019723865877712033	0.004930966469428008	0.0019723865877712033	0.0029585798816568047	0.0019723865877712033	0.0029585798816568047	0.004930966469428008	0.0039447731755424065	0.007889546351084813	0.007889546351084813	0.004930966469428008	0.0039447731755424065	0.005917159763313609	0.004930966469428008	0.004930966469428008	0.004930966469428008	0.004930966469428008	0.0019723865877712033	0.006903353057199211	0.004930966469428008	0.0029585798816568047	0.005917159763313609	0.006903353057199211	0.004930966469428008	0.0019723865877712033	0.007889546351084813	0.004930966469428008	0.0019723865877712033	0.0029585798816568047	0.0029585798816568047	0.005917159763313609	0.0039447731755424065	0.004930966469428008	0.006903353057199211	0.006903353057199211	0.0029585798816568047	0.006903353057199211	0.0019723865877712033	0.004930966469428008	0.007889546351084813	0.0029585798816568047	0.007889546351084813	0.007889546351084813	0.005917159763313609	0.0039447731755424065	0.0029585798816568047	0.007889546351084813	0.0019723865877712033	0.0019723865877712033	0.004930966469428008	0.005917159763313609	0.005917159763313609	0.0029585798816568047	0.005917159763313609	0.0029585798816568047	0.006903353057199211	0.007889546351084813	0.004930966469428008	0.0039447731755424065	0.0029585798816568047	0.0039447731755424065	0.007889546351084813	0.0019723865877712033	0.0039447731755424065	0.006903353057199211	0.007889546351084813	0.0039447731755424065	0.0029585798816568047	0.005917159763313609	0.007889546351084813	0.007889546351084813	0.005917159763313609	0.0029585798816568047	0.004930966469428008	0.005917159763313609	0.0039447731755424065	0.0029585798816568047	0.0029585798816568047	0.0039447731755424065	0.0029585798816568047	0.0029585798816568047	0.006903353057199211	0.0039447731755424065	0.005917159763313609	0.0039447731755424065	0.006903353057199211	0.007889546351084813	0.007889546351084813	0.0029585798816568047	0.004930966469428008	0.007889546351084813	0.0029585798816568047	0.0029585798816568047	0.0039447731755424065	0.006903353057199211	0.0019723865877712033	0.006903353057199211	0.005917159763313609	0.006903353057199211	0.004930966469428008	0.007889546351084813	0.006903353057199211	0.0019723865877712033	0.005917159763313609	0.007889546351084813	0.006903353057199211	0.004930966469428008	0.0029585798816568047	0.0029585798816568047	0.007889546351084813	0.007889546351084813	0.005917159763313609	0.006903353057199211	0.005917159763313609	0.004930966469428008	0.0039447731755424065	0.0029585798816568047	0.0019723865877712033	0.004930966469428008	0.0039447731755424065	0.005917159763313609	0.004930966469428008	0.005917159763313609	0.0019723865877712033	0.0039447731755424065	0.005917159763313609	0.0029585798816568047	0.0019723865877712033	0.0029585798816568047	0.007889546351084813	0.005917159763313609	0.004930966469428008	0.005917159763313609	0.0039447731755424065	0.006903353057199211	0.007889546351084813	0.007889546351084813	0.005917159763313609	0.005917159763313609	0.006903353057199211	0.0019723865877712033	0.006903353057199211	0.005917159763313609	0.006903353057199211	0.0029585798816568047	0.0019723865877712033	0.0039447731755424065	0.005917159763313609	0.006903353057199211	0.0019723865877712033	0.007889546351084813	0.007889546351084813	0.007889546351084813	0.006903353057199211	0.0039447731755424065	0.0039447731755424065	0.0029585798816568047	0.006903353057199211
Lambda_8:	0.007077856420626896	0.005055611729019211	0.007077856420626896	0.008088978766430738	0.004044489383215369	0.008088978766430738	0.004044489383215369	0.0020222446916076846	0.0020222446916076846	0.008088978766430738	0.0020222446916076846	0.006066734074823054	0.005055611729019211	0.008088978766430738	0.0020222446916076846	0.005055611729019211	0.003033367037411527	0.005055611729019211	0.004044489383215369	0.007077856420626896	0.004044489383215369	0.0020222446916076846	0.008088978766430738	0.004044489383215369	0.0020222446916076846	0.0020222446916076846	0.003033367037411527	0.006066734074823054	0.008088978766430738	0.007077856420626896	0.007077856420626896	0.007077856420626896	0.0020222446916076846	0.003033367037411527	0.005055611729019211	0.006066734074823054	0.005055611729019211	0.0020222446916076846	0.005055611729019211	0.006066734074823054	0.0020222446916076846	0.006066734074823054	0.008088978766430738	0.007077856420626896	0.003033367037411527	0.003033367037411527	0.006066734074823054	0.007077856420626896	0.0020222446916076846	0.006066734074823054	0.006066734074823054	0.007077856420626896	0.003033367037411527	0.007077856420626896	0.003033367037411527	0.003033367037411527	0.007077856420626896	0.007077856420626896	0.005055611729019211	0.006066734074823054	0.003033367037411527	0.004044489383215369	0.004044489383215369	0.003033367037411527	0.006066734074823054	0.006066734074823054	0.004044489383215369	0.004044489383215369	0.003033367037411527	0.004044489383215369	0.007077856420626896	0.008088978766430738	0.006066734074823054	0.005055611729019211	0.006066734074823054	0.005055611729019211	0.0020222446916076846	0.008088978766430738	0.006066734074823054	0.008088978766430738	0.004044489383215369	0.0020222446916076846	0.006066734074823054	0.0020222446916076846	0.008088978766430738	0.005055611729019211	0.004044489383215369	0.004044489383215369	0.007077856420626896	0.007077856420626896	0.005055611729019211	0.004044489383215369	0.003033367037411527	0.007077856420626896	0.0020222446916076846	0.004044489383215369	0.003033367037411527	0.006066734074823054	0.007077856420626896	0.003033367037411527	0.008088978766430738	0.004044489383215369	0.005055611729019211	0.008088978766430738	0.007077856420626896	0.005055611729019211	0.008088978766430738	0.0020222446916076846	0.003033367037411527	0.0020222446916076846	0.004044489383215369	0.006066734074823054	0.0020222446916076846	0.007077856420626896	0.006066734074823054	0.003033367037411527	0.006066734074823054	0.006066734074823054	0.006066734074823054	0.008088978766430738	0.005055611729019211	0.005055611729019211	0.007077856420626896	0.006066734074823054	0.007077856420626896	0.008088978766430738	0.0020222446916076846	0.005055611729019211	0.008088978766430738	0.003033367037411527	0.004044489383215369	0.004044489383215369	0.006066734074823054	0.006066734074823054	0.005055611729019211	0.0020222446916076846	0.005055611729019211	0.0020222446916076846	0.003033367037411527	0.008088978766430738	0.006066734074823054	0.007077856420626896	0.0020222446916076846	0.003033367037411527	0.003033367037411527	0.008088978766430738	0.0020222446916076846	0.003033367037411527	0.003033367037411527	0.005055611729019211	0.004044489383215369	0.008088978766430738	0.006066734074823054	0.006066734074823054	0.0020222446916076846	0.006066734074823054	0.007077856420626896	0.006066734074823054	0.005055611729019211	0.004044489383215369	0.005055611729019211	0.0020222446916076846	0.006066734074823054	0.003033367037411527	0.006066734074823054	0.0020222446916076846	0.005055611729019211	0.005055611729019211	0.005055611729019211	0.004044489383215369	0.003033367037411527	0.0020222446916076846	0.005055611729019211	0.0020222446916076846	0.005055611729019211	0.007077856420626896	0.0020222446916076846	0.008088978766430738	0.005055611729019211	0.007077856420626896	0.006066734074823054	0.0020222446916076846	0.006066734074823054	0.008088978766430738	0.004044489383215369	0.004044489383215369	0.0020222446916076846	0.008088978766430738	0.007077856420626896	0.0020222446916076846	0.007077856420626896	0.007077856420626896	0.004044489383215369	0.0020222446916076846	0.007077856420626896	0.007077856420626896	0.005055611729019211	0.006066734074823054	0.005055611729019211	0.003033367037411527
Lambda_9:	0.008171603677221655	0.005107252298263534	0.007150153217568948	0.008171603677221655	0.0040858018386108275	0.006128702757916241	0.007150153217568948	0.008171603677221655	0.008171603677221655	0.0020429009193054137	0.005107252298263534	0.008171603677221655	0.006128702757916241	0.007150153217568948	0.006128702757916241	0.006128702757916241	0.006128702757916241	0.008171603677221655	0.0020429009193054137	0.0040858018386108275	0.0040858018386108275	0.0040858018386108275	0.005107252298263534	0.0030643513789581204	0.0030643513789581204	0.008171603677221655	0.007150153217568948	0.006128702757916241	0.005107252298263534	0.006128702757916241	0.006128702757916241	0.008171603677221655	0.0030643513789581204	0.007150153217568948	0.008171603677221655	0.0040858018386108275	0.007150153217568948	0.007150153217568948	0.008171603677221655	0.0040858018386108275	0.006128702757916241	0.005107252298263534	0.005107252298263534	0.006128702757916241	0.007150153217568948	0.0040858018386108275	0.0040858018386108275	0.007150153217568948	0.0030643513789581204	0.006128702757916241	0.0020429009193054137	0.0020429009193054137	0.0020429009193054137	0.008171603677221655	0.007150153217568948	0.006128702757916241	0.005107252298263534	0.0040858018386108275	0.0030643513789581204	0.0020429009193054137	0.005107252298263534	0.005107252298263534	0.008171603677221655	0.0030643513789581204	0.006128702757916241	0.0030643513789581204	0.0030643513789581204	0.0030643513789581204	0.0020429009193054137	0.008171603677221655	0.007150153217568948	0.008171603677221655	0.007150153217568948	0.0040858018386108275	0.008171603677221655	0.005107252298263534	0.0030643513789581204	0.0020429009193054137	0.007150153217568948	0.0020429009193054137	0.006128702757916241	0.006128702757916241	0.007150153217568948	0.008171603677221655	0.0020429009193054137	0.006128702757916241	0.0040858018386108275	0.006128702757916241	0.007150153217568948	0.007150153217568948	0.0020429009193054137	0.0030643513789581204	0.0030643513789581204	0.0040858018386108275	0.008171603677221655	0.0030643513789581204	0.006128702757916241	0.0030643513789581204	0.0030643513789581204	0.007150153217568948	0.007150153217568948	0.0030643513789581204	0.006128702757916241	0.007150153217568948	0.005107252298263534	0.0020429009193054137	0.0030643513789581204	0.0020429009193054137	0.0040858018386108275	0.006128702757916241	0.0020429009193054137	0.0040858018386108275	0.0020429009193054137	0.0040858018386108275	0.005107252298263534	0.007150153217568948	0.007150153217568948	0.008171603677221655	0.0020429009193054137	0.008171603677221655	0.0030643513789581204	0.006128702757916241	0.007150153217568948	0.008171603677221655	0.0040858018386108275	0.0020429009193054137	0.0030643513789581204	0.0020429009193054137	0.0020429009193054137	0.006128702757916241	0.005107252298263534	0.0020429009193054137	0.0040858018386108275	0.005107252298263534	0.007150153217568948	0.0030643513789581204	0.005107252298263534	0.0020429009193054137	0.007150153217568948	0.0020429009193054137	0.007150153217568948	0.0040858018386108275	0.005107252298263534	0.0020429009193054137	0.005107252298263534	0.006128702757916241	0.0020429009193054137	0.0020429009193054137	0.0020429009193054137	0.007150153217568948	0.0030643513789581204	0.006128702757916241	0.0030643513789581204	0.005107252298263534	0.005107252298263534	0.007150153217568948	0.0040858018386108275	0.007150153217568948	0.006128702757916241	0.006128702757916241	0.0040858018386108275	0.0030643513789581204	0.0020429009193054137	0.008171603677221655	0.0020429009193054137	0.005107252298263534	0.0020429009193054137	0.008171603677221655	0.005107252298263534	0.0020429009193054137	0.0020429009193054137	0.0040858018386108275	0.0040858018386108275	0.007150153217568948	0.0020429009193054137	0.008171603677221655	0.005107252298263534	0.007150153217568948	0.005107252298263534	0.006128702757916241	0.008171603677221655	0.006128702757916241	0.005107252298263534	0.0030643513789581204	0.0040858018386108275	0.005107252298263534	0.0030643513789581204	0.007150153217568948	0.0020429009193054137	0.008171603677221655	0.0020429009193054137	0.0030643513789581204	0.0030643513789581204	0.007150153217568948	0.0020429009193054137	0.0040858018386108275	0.0020429009193054137	0.006128702757916241	0.005107252298263534	0.0020429009193054137
Lambda_10:	0.004268943436499467	0.004268943436499467	0.007470651013874066	0.0064034151547491995	0.0021344717182497333	0.007470651013874066	0.0064034151547491995	0.004268943436499467	0.0021344717182497333	0.0032017075773745998	0.007470651013874066	0.007470651013874066	0.0064034151547491995	0.0032017075773745998	0.005336179295624333	0.004268943436499467	0.008537886872998933	0.005336179295624333	0.0021344717182497333	0.0021344717182497333	0.0021344717182497333	0.0064034151547491995	0.008537886872998933	0.0064034151547491995	0.005336179295624333	0.0032017075773745998	0.0021344717182497333	0.008537886872998933	0.008537886872998933	0.0021344717182497333	0.0021344717182497333	0.007470651013874066	0.005336179295624333	0.007470651013874066	0.004268943436499467	0.0032017075773745998	0.0032017075773745998	0.0064034151547491995	0.004268943436499467	0.008537886872998933	0.0064034151547491995	0.004268943436499467	0.008537886872998933	0.005336179295624333	0.0064034151547491995	0.0021344717182497333	0.0032017075773745998	0.007470651013874066	0.005336179295624333	0.0032017075773745998	0.0032017075773745998	0.0064034151547491995	0.004268943436499467	0.007470651013874066	0.005336179295624333	0.007470651013874066	0.0064034151547491995	0.004268943436499467	0.0021344717182497333	0.007470651013874066	0.004268943436499467	0.005336179295624333	0.0032017075773745998	0.004268943436499467	0.005336179295624333	0.004268943436499467	0.007470651013874066	0.008537886872998933	0.0064034151547491995	0.005336179295624333	0.004268943436499467	0.005336179295624333	0.0032017075773745998	0.004268943436499467	0.004268943436499467	0.008537886872998933	0.004268943436499467	0.007470651013874066	0.004268943436499467	0.0021344717182497333	0.004268943436499467	0.0021344717182497333	0.0021344717182497333	0.004268943436499467	0.0064034151547491995	0.0032017075773745998	0.008537886872998933	0.007470651013874066	0.0064034151547491995	0.007470651013874066	0.0032017075773745998	0.0021344717182497333	0.005336179295624333	0.005336179295624333	0.0021344717182497333	0.008537886872998933	0.0021344717182497333	0.008537886872998933	0.0032017075773745998	0.0021344717182497333	0.008537886872998933	0.007470651013874066	0.008537886872998933	0.0064034151547491995	0.0032017075773745998	0.004268943436499467	0.0021344717182497333	0.0064034151547491995	0.0032017075773745998	0.0064034151547491995	0.0064034151547491995	0.0021344717182497333	0.0021344717182497333	0.004268943436499467	0.0021344717182497333	0.0032017075773745998	0.0032017075773745998	0.0064034151547491995	0.005336179295624333	0.0032017075773745998	0.008537886872998933	0.0021344717182497333	0.0064034151547491995	0.0064034151547491995	0.005336179295624333	0.0021344717182497333	0.008537886872998933	0.004268943436499467	0.0032017075773745998	0.0021344717182497333	0.008537886872998933	0.0064034151547491995	0.004268943436499467	0.008537886872998933	0.005336179295624333	0.005336179295624333	0.0032017075773745998	0.008537886872998933	0.0064034151547491995	0.005336179295624333	0.004268943436499467	0.007470651013874066	0.004268943436499467	0.0032017075773745998	0.007470651013874066	0.007470651013874066	0.0032017075773745998	0.008537886872998933	0.0021344717182497333	0.005336179295624333	0.007470651013874066	0.007470651013874066	0.0032017075773745998	0.0021344717182497333	0.0064034151547491995	0.0021344717182497333	0.0032017075773745998	0.0032017075773745998	0.0021344717182497333	0.0021344717182497333	0.0032017075773745998	0.005336179295624333	0.0021344717182497333	0.0064034151547491995	0.008537886872998933	0.0021344717182497333	0.005336179295624333	0.0064034151547491995	0.0021344717182497333	0.004268943436499467	0.0032017075773745998	0.0064034151547491995	0.005336179295624333	0.005336179295624333	0.0021344717182497333	0.0021344717182497333	0.0021344717182497333	0.005336179295624333	0.007470651013874066	0.007470651013874066	0.0032017075773745998	0.0021344717182497333	0.0064034151547491995	0.007470651013874066	0.0021344717182497333	0.0064034151547491995	0.005336179295624333	0.0021344717182497333	0.007470651013874066	0.0064034151547491995	0.0021344717182497333	0.004268943436499467	0.008537886872998933	0.004268943436499467	0.004268943436499467	0.0064034151547491995	0.0064034151547491995	0.005336179295624333	0.0032017075773745998	0.004268943436499467
Lambda_11:	0.0029239766081871343	0.007797270955165692	0.005847953216374269	0.004873294346978557	0.003898635477582846	0.0029239766081871343	0.00682261208576998	0.007797270955165692	0.004873294346978557	0.001949317738791423	0.004873294346978557	0.004873294346978557	0.00682261208576998	0.005847953216374269	0.003898635477582846	0.004873294346978557	0.00682261208576998	0.005847953216374269	0.003898635477582846	0.0029239766081871343	0.001949317738791423	0.005847953216374269	0.007797270955165692	0.005847953216374269	0.004873294346978557	0.00682261208576998	0.004873294346978557	0.007797270955165692	0.00682261208576998	0.001949317738791423	0.003898635477582846	0.001949317738791423	0.004873294346978557	0.003898635477582846	0.00682261208576998	0.0029239766081871343	0.00682261208576998	0.00682261208576998	0.007797270955165692	0.003898635477582846	0.004873294346978557	0.007797270955165692	0.004873294346978557	0.007797270955165692	0.001949317738791423	0.0029239766081871343	0.001949317738791423	0.003898635477582846	0.003898635477582846	0.007797270955165692	0.003898635477582846	0.007797270955165692	0.0029239766081871343	0.00682261208576998	0.007797270955165692	0.003898635477582846	0.001949317738791423	0.001949317738791423	0.004873294346978557	0.003898635477582846	0.001949317738791423	0.001949317738791423	0.00682261208576998	0.0029239766081871343	0.00682261208576998	0.004873294346978557	0.00682261208576998	0.003898635477582846	0.00682261208576998	0.001949317738791423	0.005847953216374269	0.001949317738791423	0.004873294346978557	0.003898635477582846	0.004873294346978557	0.003898635477582846	0.00682261208576998	0.0029239766081871343	0.003898635477582846	0.005847953216374269	0.003898635477582846	0.007797270955165692	0.0029239766081871343	0.004873294346978557	0.001949317738791423	0.005847953216374269	0.001949317738791423	0.0029239766081871343	0.007797270955165692	0.003898635477582846	0.004873294346978557	0.003898635477582846	0.003898635477582846	0.005847953216374269	0.0029239766081871343	0.001949317738791423	0.0029239766081871343	0.0029239766081871343	0.003898635477582846	0.00682261208576998	0.0029239766081871343	0.003898635477582846	0.005847953216374269	0.005847953216374269	0.0029239766081871343	0.004873294346978557	0.00682261208576998	0.007797270955165692	0.007797270955165692	0.005847953216374269	0.005847953216374269	0.004873294346978557	0.0029239766081871343	0.0029239766081871343	0.007797270955165692	0.001949317738791423	0.007797270955165692	0.00682261208576998	0.0029239766081871343	0.00682261208576998	0.0029239766081871343	0.004873294346978557	0.003898635477582846	0.005847953216374269	0.005847953216374269	0.005847953216374269	0.004873294346978557	0.003898635477582846	0.007797270955165692	0.003898635477582846	0.007797270955165692	0.00682261208576998	0.005847953216374269	0.003898635477582846	0.003898635477582846	0.003898635477582846	0.007797270955165692	0.007797270955165692	0.00682261208576998	0.001949317738791423	0.004873294346978557	0.007797270955165692	0.007797270955165692	0.0029239766081871343	0.00682261208576998	0.005847953216374269	0.0029239766081871343	0.00682261208576998	0.005847953216374269	0.007797270955165692	0.00682261208576998	0.003898635477582846	0.003898635477582846	0.005847953216374269	0.005847953216374269	0.0029239766081871343	0.004873294346978557	0.003898635477582846	0.005847953216374269	0.00682261208576998	0.007797270955165692	0.004873294346978557	0.003898635477582846	0.003898635477582846	0.001949317738791423	0.005847953216374269	0.007797270955165692	0.003898635477582846	0.003898635477582846	0.003898635477582846	0.004873294346978557	0.00682261208576998	0.007797270955165692	0.00682261208576998	0.00682261208576998	0.0029239766081871343	0.007797270955165692	0.004873294346978557	0.00682261208576998	0.007797270955165692	0.004873294346978557	0.007797270955165692	0.00682261208576998	0.003898635477582846	0.005847953216374269	0.0029239766081871343	0.0029239766081871343	0.007797270955165692	0.003898635477582846	0.003898635477582846	0.0029239766081871343	0.004873294346978557	0.004873294346978557	0.007797270955165692	0.0029239766081871343	0.005847953216374269	0.001949317738791423	0.00682261208576998	0.004873294346978557	0.001949317738791423
Lambda_12:	0.004012036108324975	0.00802407221664995	0.0020060180541624875	0.006018054162487462	0.004012036108324975	0.003009027081243731	0.0050150451354062184	0.006018054162487462	0.0050150451354062184	0.00802407221664995	0.0050150451354062184	0.004012036108324975	0.0050150451354062184	0.0020060180541624875	0.004012036108324975	0.006018054162487462	0.00802407221664995	0.0050150451354062184	0.0050150451354062184	0.00802407221664995	0.0020060180541624875	0.0020060180541624875	0.0020060180541624875	0.0020060180541624875	0.007021063189568706	0.004012036108324975	0.003009027081243731	0.007021063189568706	0.006018054162487462	0.004012036108324975	0.0020060180541624875	0.007021063189568706	0.004012036108324975	0.007021063189568706	0.0050150451354062184	0.0050150451354062184	0.003009027081243731	0.0050150451354062184	0.007021063189568706	0.004012036108324975	0.0020060180541624875	0.006018054162487462	0.003009027081243731	0.0020060180541624875	0.00802407221664995	0.00802407221664995	0.006018054162487462	0.003009027081243731	0.00802407221664995	0.004012036108324975	0.003009027081243731	0.006018054162487462	0.006018054162487462	0.006018054162487462	0.006018054162487462	0.003009027081243731	0.006018054162487462	0.003009027081243731	0.006018054162487462	0.00802407221664995	0.004012036108324975	0.006018054162487462	0.007021063189568706	0.0020060180541624875	0.007021063189568706	0.007021063189568706	0.006018054162487462	0.00802407221664995	0.007021063189568706	0.0020060180541624875	0.004012036108324975	0.00802407221664995	0.0050150451354062184	0.004012036108324975	0.006018054162487462	0.003009027081243731	0.0050150451354062184	0.00802407221664995	0.003009027081243731	0.004012036108324975	0.006018054162487462	0.0020060180541624875	0.00802407221664995	0.006018054162487462	0.0050150451354062184	0.003009027081243731	0.0020060180541624875	0.004012036108324975	0.007021063189568706	0.006018054162487462	0.004012036108324975	0.003009027081243731	0.00802407221664995	0.00802407221664995	0.006018054162487462	0.004012036108324975	0.003009027081243731	0.0050150451354062184	0.007021063189568706	0.0050150451354062184	0.0020060180541624875	0.0020060180541624875	0.007021063189568706	0.006018054162487462	0.0020060180541624875	0.003009027081243731	0.004012036108324975	0.007021063189568706	0.0020060180541624875	0.003009027081243731	0.004012036108324975	0.0020060180541624875	0.0050150451354062184	0.006018054162487462	0.006018054162487462	0.007021063189568706	0.004012036108324975	0.0050150451354062184	0.00802407221664995	0.006018054162487462	0.0020060180541624875	0.0020060180541624875	0.007021063189568706	0.0020060180541624875	0.004012036108324975	0.0050150451354062184	0.007021063189568706	0.00802407221664995	0.003009027081243731	0.0020060180541624875	0.004012036108324975	0.003009027081243731	0.007021063189568706	0.0050150451354062184	0.0020060180541624875	0.006018054162487462	0.003009027081243731	0.006018054162487462	0.007021063189568706	0.004012036108324975	0.007021063189568706	0.006018054162487462	0.004012036108324975	0.0020060180541624875	0.004012036108324975	0.0020060180541624875	0.006018054162487462	0.006018054162487462	0.004012036108324975	0.006018054162487462	0.006018054162487462	0.006018054162487462	0.0020060180541624875	0.003009027081243731	0.003009027081243731	0.006018054162487462	0.0050150451354062184	0.004012036108324975	0.00802407221664995	0.0020060180541624875	0.007021063189568706	0.007021063189568706	0.004012036108324975	0.00802407221664995	0.003009027081243731	0.007021063189568706	0.0020060180541624875	0.007021063189568706	0.007021063189568706	0.0020060180541624875	0.00802407221664995	0.006018054162487462	0.006018054162487462	0.006018054162487462	0.003009027081243731	0.00802407221664995	0.0020060180541624875	0.006018054162487462	0.007021063189568706	0.006018054162487462	0.007021063189568706	0.006018054162487462	0.00802407221664995	0.007021063189568706	0.003009027081243731	0.007021063189568706	0.007021063189568706	0.0020060180541624875	0.00802407221664995	0.0020060180541624875	0.00802407221664995	0.006018054162487462	0.0050150451354062184	0.00802407221664995	0.004012036108324975	0.006018054162487462	0.0020060180541624875	0.004012036108324975	0.007021063189568706	0.004012036108324975
Lambda_13:	0.001998001998001998	0.001998001998001998	0.004995004995004995	0.006993006993006993	0.005994005994005994	0.005994005994005994	0.003996003996003996	0.004995004995004995	0.001998001998001998	0.004995004995004995	0.006993006993006993	0.003996003996003996	0.007992007992007992	0.003996003996003996	0.001998001998001998	0.005994005994005994	0.007992007992007992	0.007992007992007992	0.007992007992007992	0.007992007992007992	0.001998001998001998	0.002997002997002997	0.003996003996003996	0.001998001998001998	0.005994005994005994	0.006993006993006993	0.003996003996003996	0.002997002997002997	0.006993006993006993	0.001998001998001998	0.001998001998001998	0.003996003996003996	0.001998001998001998	0.001998001998001998	0.001998001998001998	0.006993006993006993	0.003996003996003996	0.002997002997002997	0.003996003996003996	0.006993006993006993	0.005994005994005994	0.006993006993006993	0.006993006993006993	0.004995004995004995	0.006993006993006993	0.005994005994005994	0.006993006993006993	0.007992007992007992	0.002997002997002997	0.007992007992007992	0.003996003996003996	0.001998001998001998	0.006993006993006993	0.001998001998001998	0.003996003996003996	0.003996003996003996	0.005994005994005994	0.002997002997002997	0.004995004995004995	0.001998001998001998	0.001998001998001998	0.003996003996003996	0.002997002997002997	0.003996003996003996	0.003996003996003996	0.006993006993006993	0.003996003996003996	0.001998001998001998	0.007992007992007992	0.007992007992007992	0.002997002997002997	0.002997002997002997	0.006993006993006993	0.004995004995004995	0.007992007992007992	0.004995004995004995	0.001998001998001998	0.004995004995004995	0.005994005994005994	0.004995004995004995	0.002997002997002997	0.004995004995004995	0.007992007992007992	0.001998001998001998	0.002997002997002997	0.004995004995004995	0.007992007992007992	0.006993006993006993	0.002997002997002997	0.007992007992007992	0.006993006993006993	0.003996003996003996	0.006993006993006993	0.004995004995004995	0.007992007992007992	0.001998001998001998	0.002997002997002997	0.006993006993006993	0.002997002997002997	0.004995004995004995	0.001998001998001998	0.004995004995004995	0.005994005994005994	0.004995004995004995	0.004995004995004995	0.006993006993006993	0.006993006993006993	0.003996003996003996	0.001998001998001998	0.003996003996003996	0.007992007992007992	0.001998001998001998	0.006993006993006993	0.004995004995004995	0.002997002997002997	0.002997002997002997	0.002997002997002997	0.006993006993006993	0.003996003996003996	0.006993006993006993	0.001998001998001998	0.003996003996003996	0.004995004995004995	0.002997002997002997	0.003996003996003996	0.005994005994005994	0.006993006993006993	0.004995004995004995	0.004995004995004995	0.003996003996003996	0.006993006993006993	0.004995004995004995	0.007992007992007992	0.004995004995004995	0.004995004995004995	0.005994005994005994	0.007992007992007992	0.006993006993006993	0.003996003996003996	0.004995004995004995	0.003996003996003996	0.004995004995004995	0.003996003996003996	0.004995004995004995	0.004995004995004995	0.004995004995004995	0.004995004995004995	0.006993006993006993	0.006993006993006993	0.001998001998001998	0.001998001998001998	0.003996003996003996	0.003996003996003996	0.002997002997002997	0.002997002997002997	0.004995004995004995	0.002997002997002997	0.006993006993006993	0.005994005994005994	0.003996003996003996	0.007992007992007992	0.003996003996003996	0.007992007992007992	0.001998001998001998	0.007992007992007992	0.001998001998001998	0.006993006993006993	0.006993006993006993	0.002997002997002997	0.003996003996003996	0.004995004995004995	0.007992007992007992	0.006993006993006993	0.003996003996003996	0.004995004995004995	0.006993006993006993	0.005994005994005994	0.007992007992007992	0.007992007992007992	0.002997002997002997	0.007992007992007992	0.006993006993006993	0.007992007992007992	0.005994005994005994	0.001998001998001998	0.001998001998001998	0.005994005994005994	0.003996003996003996	0.005994005994005994	0.005994005994005994	0.001998001998001998	0.007992007992007992	0.007992007992007992	0.007992007992007992	0.007992007992007992	0.001998001998001998	0.005994005994005994	0.002997002997002997	0.003996003996003996	0.006993006993006993
Lambda_14:	0.0020161290322580645	0.007056451612903226	0.0020161290322580645	0.007056451612903226	0.004032258064516129	0.008064516129032258	0.0020161290322580645	0.007056451612903226	0.007056451612903226	0.0020161290322580645	0.0030241935483870967	0.004032258064516129	0.0030241935483870967	0.006048387096774193	0.0020161290322580645	0.0020161290322580645	0.0020161290322580645	0.005040322580645161	0.005040322580645161	0.005040322580645161	0.0030241935483870967	0.005040322580645161	0.0020161290322580645	0.004032258064516129	0.004032258064516129	0.006048387096774193	0.0030241935483870967	0.008064516129032258	0.0020161290322580645	0.008064516129032258	0.007056451612903226	0.007056451612903226	0.0020161290322580645	0.0030241935483870967	0.008064516129032258	0.008064516129032258	0.006048387096774193	0.007056451612903226	0.0020161290322580645	0.0020161290322580645	0.0030241935483870967	0.007056451612903226	0.0030241935483870967	0.005040322580645161	0.005040322580645161	0.005040322580645161	0.006048387096774193	0.0030241935483870967	0.0020161290322580645	0.006048387096774193	0.005040322580645161	0.0030241935483870967	0.006048387096774193	0.007056451612903226	0.005040322580645161	0.0020161290322580645	0.0030241935483870967	0.004032258064516129	0.004032258064516129	0.004032258064516129	0.008064516129032258	0.006048387096774193	0.008064516129032258	0.005040322580645161	0.008064516129032258	0.0020161290322580645	0.004032258064516129	0.007056451612903226	0.004032258064516129	0.008064516129032258	0.007056451612903226	0.004032258064516129	0.007056451612903226	0.005040322580645161	0.007056451612903226	0.005040322580645161	0.006048387096774193	0.008064516129032258	0.004032258064516129	0.005040322580645161	0.0020161290322580645	0.006048387096774193	0.008064516129032258	0.004032258064516129	0.0030241935483870967	0.004032258064516129	0.004032258064516129	0.0030241935483870967	0.0020161290322580645	0.008064516129032258	0.004032258064516129	0.008064516129032258	0.0030241935483870967	0.008064516129032258	0.007056451612903226	0.0030241935483870967	0.004032258064516129	0.008064516129032258	0.005040322580645161	0.0030241935483870967	0.0020161290322580645	0.004032258064516129	0.007056451612903226	0.007056451612903226	0.004032258064516129	0.0020161290322580645	0.0030241935483870967	0.008064516129032258	0.004032258064516129	0.008064516129032258	0.0030241935483870967	0.0030241935483870967	0.008064516129032258	0.008064516129032258	0.008064516129032258	0.005040322580645161	0.004032258064516129	0.004032258064516129	0.004032258064516129	0.008064516129032258	0.008064516129032258	0.006048387096774193	0.005040322580645161	0.0020161290322580645	0.008064516129032258	0.0020161290322580645	0.008064516129032258	0.0020161290322580645	0.006048387096774193	0.007056451612903226	0.0020161290322580645	0.006048387096774193	0.004032258064516129	0.007056451612903226	0.007056451612903226	0.005040322580645161	0.005040322580645161	0.0020161290322580645	0.0020161290322580645	0.008064516129032258	0.007056451612903226	0.0020161290322580645	0.0020161290322580645	0.0020161290322580645	0.0030241935483870967	0.007056451612903226	0.006048387096774193	0.0030241935483870967	0.007056451612903226	0.0030241935483870967	0.007056451612903226	0.0030241935483870967	0.004032258064516129	0.0020161290322580645	0.004032258064516129	0.006048387096774193	0.0030241935483870967	0.008064516129032258	0.006048387096774193	0.004032258064516129	0.0030241935483870967	0.006048387096774193	0.008064516129032258	0.008064516129032258	0.008064516129032258	0.0020161290322580645	0.006048387096774193	0.006048387096774193	0.008064516129032258	0.0030241935483870967	0.007056451612903226	0.008064516129032258	0.0030241935483870967	0.008064516129032258	0.004032258064516129	0.0030241935483870967	0.007056451612903226	0.0020161290322580645	0.0030241935483870967	0.008064516129032258	0.005040322580645161	0.0020161290322580645	0.006048387096774193	0.007056451612903226	0.008064516129032258	0.008064516129032258	0.008064516129032258	0.004032258064516129	0.0030241935483870967	0.0030241935483870967	0.007056451612903226	0.0020161290322580645	0.004032258064516129	0.008064516129032258	0.008064516129032258	0.004032258064516129	0.0030241935483870967	0.0030241935483870967	0.004032258064516129	0.004032258064516129
Lambda_15:	0.004921259842519685	0.007874015748031496	0.001968503937007874	0.001968503937007874	0.001968503937007874	0.005905511811023622	0.004921259842519685	0.004921259842519685	0.004921259842519685	0.006889763779527559	0.002952755905511811	0.001968503937007874	0.001968503937007874	0.002952755905511811	0.007874015748031496	0.003937007874015748	0.001968503937007874	0.006889763779527559	0.005905511811023622	0.003937007874015748	0.002952755905511811	0.005905511811023622	0.003937007874015748	0.006889763779527559	0.005905511811023622	0.007874015748031496	0.004921259842519685	0.007874015748031496	0.005905511811023622	0.007874015748031496	0.003937007874015748	0.003937007874015748	0.001968503937007874	0.004921259842519685	0.006889763779527559	0.006889763779527559	0.002952755905511811	0.005905511811023622	0.005905511811023622	0.001968503937007874	0.007874015748031496	0.007874015748031496	0.003937007874015748	0.004921259842519685	0.004921259842519685	0.006889763779527559	0.002952755905511811	0.007874015748031496	0.002952755905511811	0.007874015748031496	0.003937007874015748	0.003937007874015748	0.006889763779527559	0.003937007874015748	0.006889763779527559	0.004921259842519685	0.006889763779527559	0.007874015748031496	0.006889763779527559	0.005905511811023622	0.006889763779527559	0.007874015748031496	0.001968503937007874	0.005905511811023622	0.002952755905511811	0.002952755905511811	0.002952755905511811	0.003937007874015748	0.005905511811023622	0.003937007874015748	0.004921259842519685	0.004921259842519685	0.005905511811023622	0.001968503937007874	0.007874015748031496	0.003937007874015748	0.002952755905511811	0.005905511811023622	0.006889763779527559	0.006889763779527559	0.001968503937007874	0.001968503937007874	0.002952755905511811	0.001968503937007874	0.003937007874015748	0.004921259842519685	0.003937007874015748	0.005905511811023622	0.003937007874015748	0.007874015748031496	0.007874015748031496	0.004921259842519685	0.005905511811023622	0.004921259842519685	0.007874015748031496	0.003937007874015748	0.007874015748031496	0.002952755905511811	0.004921259842519685	0.004921259842519685	0.007874015748031496	0.006889763779527559	0.006889763779527559	0.001968503937007874	0.003937007874015748	0.002952755905511811	0.003937007874015748	0.002952755905511811	0.002952755905511811	0.007874015748031496	0.005905511811023622	0.002952755905511811	0.002952755905511811	0.006889763779527559	0.007874015748031496	0.005905511811023622	0.006889763779527559	0.004921259842519685	0.005905511811023622	0.007874015748031496	0.007874015748031496	0.002952755905511811	0.001968503937007874	0.006889763779527559	0.002952755905511811	0.007874015748031496	0.006889763779527559	0.001968503937007874	0.003937007874015748	0.004921259842519685	0.006889763779527559	0.007874015748031496	0.003937007874015748	0.001968503937007874	0.004921259842519685	0.006889763779527559	0.003937007874015748	0.001968503937007874	0.001968503937007874	0.001968503937007874	0.004921259842519685	0.002952755905511811	0.003937007874015748	0.005905511811023622	0.007874015748031496	0.003937007874015748	0.006889763779527559	0.006889763779527559	0.005905511811023622	0.004921259842519685	0.004921259842519685	0.005905511811023622	0.002952755905511811	0.002952755905511811	0.005905511811023622	0.002952755905511811	0.003937007874015748	0.006889763779527559	0.002952755905511811	0.007874015748031496	0.007874015748031496	0.001968503937007874	0.004921259842519685	0.004921259842519685	0.003937007874015748	0.006889763779527559	0.002952755905511811	0.003937007874015748	0.004921259842519685	0.004921259842519685	0.002952755905511811	0.001968503937007874	0.002952755905511811	0.005905511811023622	0.007874015748031496	0.006889763779527559	0.001968503937007874	0.007874015748031496	0.003937007874015748	0.003937007874015748	0.001968503937007874	0.006889763779527559	0.007874015748031496	0.002952755905511811	0.002952755905511811	0.005905511811023622	0.004921259842519685	0.007874015748031496	0.005905511811023622	0.003937007874015748	0.002952755905511811	0.005905511811023622	0.007874015748031496	0.006889763779527559	0.007874015748031496	0.002952755905511811	0.003937007874015748	0.005905511811023622	0.003937007874015748	0.007874015748031496
Lambda_16:	0.0028873917228103944	0.006737247353224254	0.0028873917228103944	0.005774783445620789	0.006737247353224254	0.0028873917228103944	0.0028873917228103944	0.005774783445620789	0.007699711260827719	0.0019249278152069298	0.0038498556304138597	0.0019249278152069298	0.0028873917228103944	0.0038498556304138597	0.0019249278152069298	0.007699711260827719	0.004812319538017324	0.0038498556304138597	0.004812319538017324	0.006737247353224254	0.007699711260827719	0.005774783445620789	0.005774783445620789	0.004812319538017324	0.0028873917228103944	0.004812319538017324	0.007699711260827719	0.0038498556304138597	0.004812319538017324	0.0038498556304138597	0.005774783445620789	0.0028873917228103944	0.005774783445620789	0.005774783445620789	0.005774783445620789	0.005774783445620789	0.0028873917228103944	0.0038498556304138597	0.006737247353224254	0.004812319538017324	0.007699711260827719	0.005774783445620789	0.005774783445620789	0.0028873917228103944	0.0019249278152069298	0.005774783445620789	0.005774783445620789	0.007699711260827719	0.004812319538017324	0.0028873917228103944	0.0019249278152069298	0.004812319538017324	0.005774783445620789	0.0038498556304138597	0.006737247353224254	0.004812319538017324	0.0019249278152069298	0.0019249278152069298	0.004812319538017324	0.007699711260827719	0.007699711260827719	0.005774783445620789	0.006737247353224254	0.0028873917228103944	0.005774783445620789	0.007699711260827719	0.0038498556304138597	0.004812319538017324	0.006737247353224254	0.0028873917228103944	0.0038498556304138597	0.004812319538017324	0.004812319538017324	0.007699711260827719	0.0019249278152069298	0.0028873917228103944	0.007699711260827719	0.004812319538017324	0.005774783445620789	0.004812319538017324	0.004812319538017324	0.006737247353224254	0.005774783445620789	0.004812319538017324	0.0028873917228103944	0.0038498556304138597	0.0038498556304138597	0.005774783445620789	0.0038498556304138597	0.004812319538017324	0.006737247353224254	0.005774783445620789	0.0038498556304138597	0.006737247353224254	0.0038498556304138597	0.007699711260827719	0.004812319538017324	0.007699711260827719	0.007699711260827719	0.006737247353224254	0.0019249278152069298	0.004812319538017324	0.0038498556304138597	0.0019249278152069298	0.0038498556304138597	0.006737247353224254	0.005774783445620789	0.0038498556304138597	0.0028873917228103944	0.007699711260827719	0.0038498556304138597	0.0019249278152069298	0.004812319538017324	0.005774783445620789	0.006737247353224254	0.007699711260827719	0.007699711260827719	0.0038498556304138597	0.005774783445620789	0.005774783445620789	0.0019249278152069298	0.005774783445620789	0.0019249278152069298	0.006737247353224254	0.007699711260827719	0.0028873917228103944	0.004812319538017324	0.0038498556304138597	0.007699711260827719	0.0028873917228103944	0.006737247353224254	0.005774783445620789	0.0028873917228103944	0.007699711260827719	0.005774783445620789	0.006737247353224254	0.0038498556304138597	0.004812319538017324	0.007699711260827719	0.0038498556304138597	0.005774783445620789	0.0019249278152069298	0.004812319538017324	0.0028873917228103944	0.006737247353224254	0.004812319538017324	0.006737247353224254	0.006737247353224254	0.005774783445620789	0.005774783445620789	0.006737247353224254	0.004812319538017324	0.0019249278152069298	0.005774783445620789	0.0038498556304138597	0.0019249278152069298	0.0028873917228103944	0.0038498556304138597	0.007699711260827719	0.007699711260827719	0.0038498556304138597	0.006737247353224254	0.004812319538017324	0.0038498556304138597	0.0038498556304138597	0.007699711260827719	0.006737247353224254	0.006737247353224254	0.0028873917228103944	0.007699711260827719	0.004812319538017324	0.007699711260827719	0.007699711260827719	0.0019249278152069298	0.0028873917228103944	0.006737247353224254	0.0019249278152069298	0.0028873917228103944	0.004812319538017324	0.006737247353224254	0.007699711260827719	0.007699711260827719	0.005774783445620789	0.007699711260827719	0.0019249278152069298	0.006737247353224254	0.004812319538017324	0.0038498556304138597	0.0019249278152069298	0.0019249278152069298	0.006737247353224254	0.007699711260827719	0.0019249278152069298	0.007699711260827719	0.005774783445620789	0.0019249278152069298	0.004812319538017324	0.0028873917228103944	0.004812319538017324	0.005774783445620789
Lambda_17:	0.008298755186721992	0.006224066390041493	0.004149377593360996	0.006224066390041493	0.0031120331950207467	0.004149377593360996	0.002074688796680498	0.002074688796680498	0.007261410788381743	0.008298755186721992	0.006224066390041493	0.008298755186721992	0.005186721991701245	0.002074688796680498	0.004149377593360996	0.008298755186721992	0.005186721991701245	0.008298755186721992	0.0031120331950207467	0.004149377593360996	0.007261410788381743	0.002074688796680498	0.004149377593360996	0.008298755186721992	0.002074688796680498	0.002074688796680498	0.008298755186721992	0.0031120331950207467	0.007261410788381743	0.007261410788381743	0.005186721991701245	0.004149377593360996	0.0031120331950207467	0.007261410788381743	0.004149377593360996	0.005186721991701245	0.006224066390041493	0.008298755186721992	0.008298755186721992	0.002074688796680498	0.006224066390041493	0.0031120331950207467	0.008298755186721992	0.008298755186721992	0.0031120331950207467	0.0031120331950207467	0.0031120331950207467	0.002074688796680498	0.006224066390041493	0.008298755186721992	0.004149377593360996	0.005186721991701245	0.0031120331950207467	0.002074688796680498	0.0031120331950207467	0.008298755186721992	0.004149377593360996	0.0031120331950207467	0.008298755186721992	0.004149377593360996	0.006224066390041493	0.005186721991701245	0.002074688796680498	0.004149377593360996	0.004149377593360996	0.002074688796680498	0.004149377593360996	0.008298755186721992	0.006224066390041493	0.006224066390041493	0.007261410788381743	0.005186721991701245	0.0031120331950207467	0.007261410788381743	0.008298755186721992	0.007261410788381743	0.005186721991701245	0.002074688796680498	0.005186721991701245	0.002074688796680498	0.0031120331950207467	0.006224066390041493	0.006224066390041493	0.002074688796680498	0.005186721991701245	0.004149377593360996	0.005186721991701245	0.007261410788381743	0.008298755186721992	0.007261410788381743	0.002074688796680498	0.008298755186721992	0.0031120331950207467	0.002074688796680498	0.005186721991701245	0.005186721991701245	0.002074688796680498	0.004149377593360996	0.002074688796680498	0.004149377593360996	0.007261410788381743	0.008298755186721992	0.004149377593360996	0.002074688796680498	0.002074688796680498	0.008298755186721992	0.002074688796680498	0.005186721991701245	0.002074688796680498	0.0031120331950207467	0.007261410788381743	0.0031120331950207467	0.002074688796680498	0.007261410788381743	0.005186721991701245	0.008298755186721992	0.007261410788381743	0.004149377593360996	0.006224066390041493	0.004149377593360996	0.002074688796680498	0.006224066390041493	0.002074688796680498	0.004149377593360996	0.002074688796680498	0.005186721991701245	0.004149377593360996	0.0031120331950207467	0.006224066390041493	0.007261410788381743	0.002074688796680498	0.002074688796680498	0.002074688796680498	0.005186721991701245	0.004149377593360996	0.005186721991701245	0.007261410788381743	0.008298755186721992	0.008298755186721992	0.005186721991701245	0.007261410788381743	0.005186721991701245	0.002074688796680498	0.005186721991701245	0.0031120331950207467	0.006224066390041493	0.005186721991701245	0.008298755186721992	0.002074688796680498	0.005186721991701245	0.006224066390041493	0.008298755186721992	0.007261410788381743	0.008298755186721992	0.007261410788381743	0.002074688796680498	0.004149377593360996	0.002074688796680498	0.002074688796680498	0.0031120331950207467	0.004149377593360996	0.007261410788381743	0.005186721991701245	0.006224066390041493	0.005186721991701245	0.005186721991701245	0.007261410788381743	0.004149377593360996	0.007261410788381743	0.005186721991701245	0.005186721991701245	0.008298755186721992	0.002074688796680498	0.002074688796680498	0.007261410788381743	0.0031120331950207467	0.008298755186721992	0.004149377593360996	0.0031120331950207467	0.006224066390041493	0.004149377593360996	0.005186721991701245	0.004149377593360996	0.002074688796680498	0.0031120331950207467	0.005186721991701245	0.006224066390041493	0.006224066390041493	0.006224066390041493	0.005186721991701245	0.008298755186721992	0.002074688796680498	0.0031120331950207467	0.002074688796680498	0.006224066390041493	0.0031120331950207467	0.004149377593360996	0.0031120331950207467	0.008298755186721992	0.007261410788381743
Lambda_18:	0.006842619745845552	0.0019550342130987292	0.0039100684261974585	0.002932551319648094	0.005865102639296188	0.004887585532746823	0.004887585532746823	0.004887585532746823	0.006842619745845552	0.004887585532746823	0.002932551319648094	0.002932551319648094	0.0039100684261974585	0.002932551319648094	0.006842619745845552	0.002932551319648094	0.0019550342130987292	0.006842619745845552	0.0019550342130987292	0.0039100684261974585	0.004887585532746823	0.0039100684261974585	0.007820136852394917	0.002932551319648094	0.0039100684261974585	0.0039100684261974585	0.006842619745845552	0.007820136852394917	0.007820136852394917	0.0019550342130987292	0.007820136852394917	0.0039100684261974585	0.005865102639296188	0.005865102639296188	0.0039100684261974585	0.0019550342130987292	0.004887585532746823	0.007820136852394917	0.002932551319648094	0.0019550342130987292	0.007820136852394917	0.0039100684261974585	0.004887585532746823	0.002932551319648094	0.002932551319648094	0.006842619745845552	0.0039100684261974585	0.006842619745845552	0.005865102639296188	0.004887585532746823	0.002932551319648094	0.007820136852394917	0.004887585532746823	0.007820136852394917	0.002932551319648094	0.004887585532746823	0.0039100684261974585	0.007820136852394917	0.0039100684261974585	0.0019550342130987292	0.005865102639296188	0.007820136852394917	0.0039100684261974585	0.007820136852394917	0.0039100684261974585	0.0019550342130987292	0.002932551319648094	0.006842619745845552	0.002932551319648094	0.0019550342130987292	0.0019550342130987292	0.002932551319648094	0.006842619745845552	0.007820136852394917	0.005865102639296188	0.0019550342130987292	0.0039100684261974585	0.002932551319648094	0.004887585532746823	0.0039100684261974585	0.0039100684261974585	0.0039100684261974585	0.005865102639296188	0.005865102639296188	0.007820136852394917	0.004887585532746823	0.0019550342130987292	0.006842619745845552	0.004887585532746823	0.007820136852394917	0.005865102639296188	0.004887585532746823	0.006842619745845552	0.005865102639296188	0.007820136852394917	0.002932551319648094	0.004887585532746823	0.0019550342130987292	0.002932551319648094	0.0039100684261974585	0.007820136852394917	0.007820136852394917	0.006842619745845552	0.0039100684261974585	0.007820136852394917	0.004887585532746823	0.002932551319648094	0.007820136852394917	0.007820136852394917	0.006842619745845552	0.0019550342130987292	0.005865102639296188	0.006842619745845552	0.0019550342130987292	0.0019550342130987292	0.002932551319648094	0.0039100684261974585	0.005865102639296188	0.004887585532746823	0.0039100684261974585	0.007820136852394917	0.002932551319648094	0.005865102639296188	0.0019550342130987292	0.0019550342130987292	0.007820136852394917	0.0019550342130987292	0.006842619745845552	0.004887585532746823	0.007820136852394917	0.0039100684261974585	0.0039100684261974585	0.007820136852394917	0.007820136852394917	0.0019550342130987292	0.005865102639296188	0.006842619745845552	0.0039100684261974585	0.002932551319648094	0.006842619745845552	0.002932551319648094	0.002932551319648094	0.007820136852394917	0.005865102639296188	0.002932551319648094	0.005865102639296188	0.004887585532746823	0.007820136852394917	0.007820136852394917	0.005865102639296188	0.002932551319648094	0.007820136852394917	0.007820136852394917	0.006842619745845552	0.006842619745845552	0.0019550342130987292	0.005865102639296188	0.005865102639296188	0.007820136852394917	0.004887585532746823	0.002932551319648094	0.006842619745845552	0.006842619745845552	0.0039100684261974585	0.005865102639296188	0.007820136852394917	0.0039100684261974585	0.0039100684261974585	0.004887585532746823	0.004887585532746823	0.0019550342130987292	0.005865102639296188	0.006842619745845552	0.002932551319648094	0.0019550342130987292	0.004887585532746823	0.0019550342130987292	0.006842619745845552	0.005865102639296188	0.004887585532746823	0.006842619745845552	0.0019550342130987292	0.004887585532746823	0.007820136852394917	0.0039100684261974585	0.004887585532746823	0.006842619745845552	0.005865102639296188	0.004887585532746823	0.002932551319648094	0.007820136852394917	0.002932551319648094	0.0039100684261974585	0.006842619745845552	0.005865102639296188	0.007820136852394917	0.0039100684261974585	0.006842619745845552	0.006842619745845552	0.006842619745845552
Lambda_19:	0.005708848715509039	0.004757373929590866	0.004757373929590866	0.005708848715509039	0.005708848715509039	0.003805899143672693	0.004757373929590866	0.003805899143672693	0.0019029495718363464	0.004757373929590866	0.006660323501427212	0.006660323501427212	0.0028544243577545195	0.007611798287345386	0.0019029495718363464	0.003805899143672693	0.007611798287345386	0.004757373929590866	0.003805899143672693	0.004757373929590866	0.004757373929590866	0.006660323501427212	0.003805899143672693	0.007611798287345386	0.0019029495718363464	0.0019029495718363464	0.0019029495718363464	0.005708848715509039	0.004757373929590866	0.0019029495718363464	0.0028544243577545195	0.004757373929590866	0.0028544243577545195	0.007611798287345386	0.0028544243577545195	0.007611798287345386	0.003805899143672693	0.0019029495718363464	0.003805899143672693	0.0028544243577545195	0.007611798287345386	0.006660323501427212	0.006660323501427212	0.005708848715509039	0.006660323501427212	0.005708848715509039	0.006660323501427212	0.006660323501427212	0.006660323501427212	0.006660323501427212	0.003805899143672693	0.007611798287345386	0.006660323501427212	0.004757373929590866	0.006660323501427212	0.006660323501427212	0.007611798287345386	0.007611798287345386	0.005708848715509039	0.007611798287345386	0.006660323501427212	0.006660323501427212	0.006660323501427212	0.007611798287345386	0.005708848715509039	0.0019029495718363464	0.004757373929590866	0.006660323501427212	0.006660323501427212	0.0028544243577545195	0.004757373929590866	0.005708848715509039	0.004757373929590866	0.005708848715509039	0.007611798287345386	0.004757373929590866	0.006660323501427212	0.0028544243577545195	0.006660323501427212	0.0019029495718363464	0.004757373929590866	0.0019029495718363464	0.004757373929590866	0.0019029495718363464	0.005708848715509039	0.005708848715509039	0.0019029495718363464	0.0028544243577545195	0.006660323501427212	0.004757373929590866	0.006660323501427212	0.003805899143672693	0.006660323501427212	0.005708848715509039	0.003805899143672693	0.006660323501427212	0.0028544243577545195	0.007611798287345386	0.0019029495718363464	0.004757373929590866	0.0019029495718363464	0.006660323501427212	0.006660323501427212	0.004757373929590866	0.007611798287345386	0.004757373929590866	0.003805899143672693	0.0028544243577545195	0.007611798287345386	0.006660323501427212	0.005708848715509039	0.007611798287345386	0.003805899143672693	0.007611798287345386	0.0019029495718363464	0.004757373929590866	0.004757373929590866	0.007611798287345386	0.004757373929590866	0.006660323501427212	0.007611798287345386	0.003805899143672693	0.003805899143672693	0.007611798287345386	0.0019029495718363464	0.006660323501427212	0.007611798287345386	0.004757373929590866	0.0019029495718363464	0.005708848715509039	0.0019029495718363464	0.0028544243577545195	0.003805899143672693	0.0019029495718363464	0.0028544243577545195	0.005708848715509039	0.003805899143672693	0.007611798287345386	0.006660323501427212	0.006660323501427212	0.0028544243577545195	0.007611798287345386	0.004757373929590866	0.0019029495718363464	0.006660323501427212	0.006660323501427212	0.005708848715509039	0.003805899143672693	0.006660323501427212	0.0028544243577545195	0.0019029495718363464	0.003805899143672693	0.005708848715509039	0.005708848715509039	0.0028544243577545195	0.006660323501427212	0.007611798287345386	0.003805899143672693	0.005708848715509039	0.0028544243577545195	0.003805899143672693	0.006660323501427212	0.005708848715509039	0.0028544243577545195	0.003805899143672693	0.004757373929590866	0.004757373929590866	0.005708848715509039	0.007611798287345386	0.0028544243577545195	0.0019029495718363464	0.0019029495718363464	0.0019029495718363464	0.0028544243577545195	0.007611798287345386	0.007611798287345386	0.005708848715509039	0.004757373929590866	0.005708848715509039	0.007611798287345386	0.0028544243577545195	0.005708848715509039	0.006660323501427212	0.0019029495718363464	0.004757373929590866	0.004757373929590866	0.0028544243577545195	0.007611798287345386	0.007611798287345386	0.003805899143672693	0.003805899143672693	0.005708848715509039	0.004757373929590866	0.006660323501427212	0.006660323501427212	0.0019029495718363464	0.004757373929590866	0.005708848715509039	0.005708848715509039	0.0028544243577545195
q:	9000	3000	6000	9000	4000	3000	8000	4000	3000	6000	1000	5000	8000	3000	9000	3000	3000	8000	8000	7000
