(NUMBER_COMPETITOR,I,J,K)	(5,30,30,40)
COMPETITORS	1	21	11	7	19
k=0:	26	29	15	22	7	16	18	11	17	14	19	8	3	25	23	0	4	2	9	20	10	28	27	6	12	1	5	21	24	13
k=1:	21	10	17	6	2	22	0	25	28	23	8	11	14	1	27	24	12	19	3	9	5	15	29	20	16	18	13	4	26	7
k=2:	3	22	23	10	19	26	27	28	4	7	20	1	12	15	8	25	16	11	13	29	18	17	14	2	6	21	24	9	0	5
k=3:	20	21	6	13	26	11	29	19	8	16	4	2	24	12	23	22	7	9	27	3	10	0	28	17	5	1	14	25	15	18
k=4:	13	27	18	2	17	29	7	20	28	21	4	19	12	15	9	11	5	23	10	14	1	22	6	16	24	25	8	3	26	0
k=5:	13	6	0	27	11	9	14	24	10	19	7	20	1	23	17	16	4	3	28	21	12	5	18	15	26	25	2	29	22	8
k=6:	14	28	22	6	18	12	17	29	23	26	15	24	11	21	19	4	10	9	27	0	1	8	5	16	7	3	2	13	25	20
k=7:	26	5	8	17	7	23	15	11	14	12	20	18	13	24	9	0	6	19	22	4	1	10	27	3	25	29	21	2	16	28
k=8:	3	18	16	10	13	7	20	28	22	23	25	11	9	14	17	29	19	6	2	27	21	15	24	26	4	5	1	12	0	8
k=9:	14	29	20	17	11	25	21	2	1	12	4	19	24	22	13	27	18	10	7	0	23	9	8	16	5	3	28	6	15	26
k=10:	29	17	4	10	1	15	27	28	16	3	9	20	8	12	14	21	0	24	13	25	5	19	2	23	7	6	22	11	26	18
k=11:	5	28	21	10	15	22	16	26	4	23	11	8	1	6	19	25	29	9	27	12	2	24	7	3	14	0	20	18	13	17
k=12:	8	0	28	9	21	13	24	3	16	15	14	23	12	10	1	5	18	2	17	7	19	25	11	27	4	6	22	26	20	29
k=13:	9	5	16	28	1	21	10	7	4	14	2	24	18	0	27	23	12	15	25	13	3	20	29	11	19	8	17	26	6	22
k=14:	28	26	15	21	7	14	20	29	23	1	12	13	5	11	24	17	4	16	2	27	10	25	9	22	8	3	6	19	18	0
k=15:	5	24	19	26	15	27	2	17	14	0	11	10	23	9	21	3	29	18	6	22	1	16	4	20	13	7	25	12	8	28
k=16:	5	10	15	17	18	3	24	28	21	7	27	2	11	0	6	29	13	23	4	8	14	9	1	26	20	19	22	25	12	16
k=17:	19	9	7	4	6	26	28	27	5	14	20	16	2	15	25	24	10	3	18	21	22	23	11	12	0	13	17	8	1	29
k=18:	13	11	14	16	22	3	19	9	5	2	12	1	7	24	17	15	0	6	26	4	29	10	27	21	23	25	18	20	28	8
k=19:	21	19	15	17	8	20	12	26	2	3	27	29	4	14	1	22	24	6	13	28	7	10	23	9	16	25	18	11	5	0
k=20:	27	28	4	5	1	15	7	16	17	18	10	12	0	2	6	29	19	8	21	20	11	13	26	14	9	24	25	23	3	22
k=21:	7	10	15	27	21	5	20	19	6	17	28	2	18	4	26	12	8	24	9	16	1	13	23	0	14	22	11	25	29	3
k=22:	28	21	16	11	14	25	18	22	4	5	15	8	27	2	19	1	3	29	9	10	12	20	13	17	0	6	23	7	26	24
k=23:	0	29	5	6	3	7	2	28	27	25	20	19	11	23	10	9	24	21	16	17	14	26	13	4	1	18	15	8	12	22
k=24:	24	11	3	29	8	1	14	26	12	4	6	13	17	21	19	20	7	15	23	28	18	27	25	10	2	0	9	5	16	22
k=25:	23	9	5	13	2	22	6	15	25	1	17	19	28	7	24	21	27	10	26	11	18	16	20	3	0	14	8	29	4	12
k=26:	1	9	16	20	3	26	23	11	28	22	25	4	21	19	5	0	6	8	18	12	24	15	27	2	10	29	17	14	7	13
k=27:	4	24	27	5	19	23	14	2	7	15	3	0	1	18	10	26	11	17	16	9	8	13	12	20	29	28	21	25	22	6
k=28:	28	12	23	10	29	19	22	25	3	13	2	9	5	27	0	11	18	16	24	20	26	7	14	6	17	21	1	15	4	8
k=29:	12	28	24	23	11	6	3	26	10	22	14	18	20	15	8	1	13	27	29	9	7	17	2	16	5	19	25	0	21	4
k=30:	15	0	14	13	10	8	27	26	16	4	3	22	1	23	28	19	11	17	29	5	9	2	25	20	7	6	24	18	12	21
k=31:	19	25	28	0	14	20	12	9	11	22	6	8	24	16	26	7	2	4	27	23	10	15	1	3	29	5	18	13	17	21
k=32:	0	8	4	2	27	19	3	18	11	1	20	25	17	28	6	13	15	23	21	24	22	12	16	7	14	29	5	9	26	10
k=33:	13	9	22	1	6	21	0	10	14	4	5	11	16	25	12	24	17	23	19	2	28	3	18	29	20	8	7	15	27	26
k=34:	26	5	23	3	22	27	1	13	19	9	2	17	6	14	10	11	29	8	21	0	18	24	15	16	28	25	4	20	12	7
k=35:	15	3	24	7	4	27	6	1	18	12	0	21	25	10	5	14	8	17	11	26	22	29	16	28	19	13	20	23	2	9
k=36:	9	13	27	7	20	21	25	18	10	11	5	6	24	26	3	16	17	4	8	14	12	1	22	2	15	19	29	0	23	28
k=37:	18	1	19	4	21	7	10	25	20	26	0	9	29	6	14	12	23	13	28	11	2	8	15	22	24	17	27	16	3	5
k=38:	17	5	29	10	14	20	15	13	1	4	6	9	24	11	7	18	23	3	12	22	0	8	28	25	16	27	26	19	2	21
k=39:	7	17	25	11	10	20	14	1	29	5	8	0	24	12	27	23	4	19	21	6	22	15	13	3	18	26	16	28	2	9
Lambda_0:	0.0374331550802139	0.026737967914438502	0.0213903743315508	0.0213903743315508	0.0106951871657754	0.03208556149732621	0.016042780748663103	0.0374331550802139	0.0374331550802139	0.026737967914438502	0.03208556149732621	0.0106951871657754	0.026737967914438502	0.0213903743315508	0.0106951871657754	0.0106951871657754	0.03208556149732621	0.026737967914438502	0.016042780748663103	0.03208556149732621	0.016042780748663103	0.0374331550802139	0.0427807486631016	0.0106951871657754	0.0427807486631016	0.016042780748663103	0.03208556149732621	0.03208556149732621	0.026737967914438502	0.0213903743315508	0.016042780748663103	0.0374331550802139	0.0106951871657754	0.0106951871657754	0.03208556149732621	0.0374331550802139	0.016042780748663103	0.03208556149732621	0.026737967914438502	0.016042780748663103
Lambda_1:	0.03664921465968586	0.020942408376963352	0.010471204188481676	0.031413612565445025	0.015706806282722512	0.031413612565445025	0.03664921465968586	0.02617801047120419	0.031413612565445025	0.010471204188481676	0.031413612565445025	0.015706806282722512	0.010471204188481676	0.010471204188481676	0.031413612565445025	0.02617801047120419	0.03664921465968586	0.03664921465968586	0.010471204188481676	0.031413612565445025	0.041884816753926704	0.03664921465968586	0.020942408376963352	0.031413612565445025	0.015706806282722512	0.031413612565445025	0.015706806282722512	0.02617801047120419	0.015706806282722512	0.02617801047120419	0.02617801047120419	0.015706806282722512	0.015706806282722512	0.020942408376963352	0.041884816753926704	0.031413612565445025	0.02617801047120419	0.010471204188481676	0.03664921465968586	0.020942408376963352
Lambda_2:	0.024875621890547265	0.009950248756218905	0.024875621890547265	0.009950248756218905	0.03980099502487562	0.024875621890547265	0.014925373134328358	0.03980099502487562	0.03482587064676617	0.03980099502487562	0.03482587064676617	0.03980099502487562	0.03482587064676617	0.03980099502487562	0.029850746268656716	0.029850746268656716	0.029850746268656716	0.009950248756218905	0.014925373134328358	0.009950248756218905	0.009950248756218905	0.009950248756218905	0.03482587064676617	0.014925373134328358	0.029850746268656716	0.03482587064676617	0.01990049751243781	0.029850746268656716	0.029850746268656716	0.029850746268656716	0.03482587064676617	0.014925373134328358	0.009950248756218905	0.024875621890547265	0.024875621890547265	0.029850746268656716	0.009950248756218905	0.029850746268656716	0.024875621890547265	0.014925373134328358
Lambda_3:	0.04040404040404041	0.025252525252525252	0.04040404040404041	0.020202020202020204	0.030303030303030304	0.030303030303030304	0.010101010101010102	0.04040404040404041	0.025252525252525252	0.020202020202020204	0.010101010101010102	0.04040404040404041	0.015151515151515152	0.03535353535353535	0.04040404040404041	0.03535353535353535	0.025252525252525252	0.025252525252525252	0.025252525252525252	0.010101010101010102	0.020202020202020204	0.030303030303030304	0.020202020202020204	0.020202020202020204	0.025252525252525252	0.04040404040404041	0.04040404040404041	0.015151515151515152	0.025252525252525252	0.030303030303030304	0.025252525252525252	0.015151515151515152	0.020202020202020204	0.010101010101010102	0.020202020202020204	0.025252525252525252	0.015151515151515152	0.010101010101010102	0.030303030303030304	0.015151515151515152
Lambda_4:	0.0425531914893617	0.03723404255319149	0.026595744680851064	0.02127659574468085	0.026595744680851064	0.026595744680851064	0.02127659574468085	0.0425531914893617	0.02127659574468085	0.02127659574468085	0.015957446808510637	0.0425531914893617	0.031914893617021274	0.010638297872340425	0.026595744680851064	0.031914893617021274	0.015957446808510637	0.026595744680851064	0.03723404255319149	0.02127659574468085	0.015957446808510637	0.026595744680851064	0.015957446808510637	0.02127659574468085	0.026595744680851064	0.02127659574468085	0.010638297872340425	0.026595744680851064	0.015957446808510637	0.026595744680851064	0.010638297872340425	0.015957446808510637	0.0425531914893617	0.03723404255319149	0.03723404255319149	0.015957446808510637	0.015957446808510637	0.010638297872340425	0.02127659574468085	0.03723404255319149
Lambda_5:	0.030456852791878174	0.02030456852791878	0.015228426395939087	0.02030456852791878	0.01015228426395939	0.015228426395939087	0.03553299492385787	0.02030456852791878	0.025380710659898477	0.01015228426395939	0.025380710659898477	0.02030456852791878	0.01015228426395939	0.03553299492385787	0.01015228426395939	0.04060913705583756	0.030456852791878174	0.04060913705583756	0.04060913705583756	0.02030456852791878	0.030456852791878174	0.030456852791878174	0.03553299492385787	0.030456852791878174	0.030456852791878174	0.04060913705583756	0.025380710659898477	0.025380710659898477	0.02030456852791878	0.03553299492385787	0.04060913705583756	0.015228426395939087	0.025380710659898477	0.02030456852791878	0.01015228426395939	0.025380710659898477	0.025380710659898477	0.02030456852791878	0.015228426395939087	0.02030456852791878
Lambda_6:	0.010050251256281407	0.04020100502512563	0.01507537688442211	0.035175879396984924	0.04020100502512563	0.035175879396984924	0.04020100502512563	0.020100502512562814	0.010050251256281407	0.04020100502512563	0.02512562814070352	0.035175879396984924	0.020100502512562814	0.010050251256281407	0.03015075376884422	0.010050251256281407	0.03015075376884422	0.02512562814070352	0.01507537688442211	0.03015075376884422	0.03015075376884422	0.04020100502512563	0.03015075376884422	0.01507537688442211	0.04020100502512563	0.010050251256281407	0.03015075376884422	0.020100502512562814	0.010050251256281407	0.04020100502512563	0.020100502512562814	0.01507537688442211	0.020100502512562814	0.04020100502512563	0.020100502512562814	0.010050251256281407	0.04020100502512563	0.03015075376884422	0.010050251256281407	0.010050251256281407
Lambda_7:	0.029411764705882353	0.024509803921568627	0.00980392156862745	0.0392156862745098	0.029411764705882353	0.03431372549019608	0.00980392156862745	0.03431372549019608	0.00980392156862745	0.024509803921568627	0.0196078431372549	0.029411764705882353	0.029411764705882353	0.029411764705882353	0.0196078431372549	0.014705882352941176	0.024509803921568627	0.014705882352941176	0.0392156862745098	0.024509803921568627	0.03431372549019608	0.029411764705882353	0.029411764705882353	0.029411764705882353	0.00980392156862745	0.024509803921568627	0.0196078431372549	0.0392156862745098	0.024509803921568627	0.014705882352941176	0.024509803921568627	0.0392156862745098	0.029411764705882353	0.00980392156862745	0.0392156862745098	0.0196078431372549	0.029411764705882353	0.0196078431372549	0.014705882352941176	0.029411764705882353
Lambda_8:	0.010416666666666666	0.03125	0.03125	0.03125	0.041666666666666664	0.015625	0.036458333333333336	0.036458333333333336	0.015625	0.026041666666666668	0.03125	0.015625	0.015625	0.041666666666666664	0.026041666666666668	0.036458333333333336	0.010416666666666666	0.020833333333333332	0.015625	0.03125	0.020833333333333332	0.010416666666666666	0.03125	0.026041666666666668	0.010416666666666666	0.03125	0.015625	0.03125	0.010416666666666666	0.041666666666666664	0.03125	0.041666666666666664	0.010416666666666666	0.015625	0.026041666666666668	0.026041666666666668	0.03125	0.026041666666666668	0.020833333333333332	0.020833333333333332
Lambda_9:	0.025510204081632654	0.03571428571428571	0.030612244897959183	0.04081632653061224	0.02040816326530612	0.03571428571428571	0.01020408163265306	0.02040816326530612	0.03571428571428571	0.03571428571428571	0.01020408163265306	0.025510204081632654	0.015306122448979591	0.025510204081632654	0.030612244897959183	0.01020408163265306	0.04081632653061224	0.02040816326530612	0.015306122448979591	0.03571428571428571	0.025510204081632654	0.025510204081632654	0.04081632653061224	0.030612244897959183	0.02040816326530612	0.03571428571428571	0.025510204081632654	0.030612244897959183	0.030612244897959183	0.015306122448979591	0.015306122448979591	0.02040816326530612	0.01020408163265306	0.03571428571428571	0.01020408163265306	0.025510204081632654	0.01020408163265306	0.030612244897959183	0.02040816326530612	0.02040816326530612
Lambda_10:	0.015463917525773196	0.041237113402061855	0.02577319587628866	0.015463917525773196	0.020618556701030927	0.030927835051546393	0.010309278350515464	0.020618556701030927	0.015463917525773196	0.030927835051546393	0.041237113402061855	0.030927835051546393	0.010309278350515464	0.020618556701030927	0.041237113402061855	0.020618556701030927	0.010309278350515464	0.02577319587628866	0.020618556701030927	0.015463917525773196	0.03608247422680412	0.030927835051546393	0.015463917525773196	0.03608247422680412	0.030927835051546393	0.015463917525773196	0.041237113402061855	0.041237113402061855	0.010309278350515464	0.030927835051546393	0.015463917525773196	0.030927835051546393	0.010309278350515464	0.030927835051546393	0.010309278350515464	0.041237113402061855	0.010309278350515464	0.041237113402061855	0.015463917525773196	0.041237113402061855
Lambda_11:	0.022099447513812154	0.027624309392265192	0.03314917127071823	0.011049723756906077	0.04419889502762431	0.022099447513812154	0.011049723756906077	0.011049723756906077	0.03314917127071823	0.016574585635359115	0.011049723756906077	0.04419889502762431	0.022099447513812154	0.016574585635359115	0.011049723756906077	0.016574585635359115	0.016574585635359115	0.03314917127071823	0.016574585635359115	0.027624309392265192	0.016574585635359115	0.027624309392265192	0.027624309392265192	0.03867403314917127	0.03867403314917127	0.03314917127071823	0.016574585635359115	0.03314917127071823	0.011049723756906077	0.03314917127071823	0.016574585635359115	0.04419889502762431	0.016574585635359115	0.027624309392265192	0.03867403314917127	0.011049723756906077	0.027624309392265192	0.016574585635359115	0.03314917127071823	0.04419889502762431
Lambda_12:	0.028708133971291867	0.03827751196172249	0.014354066985645933	0.03349282296650718	0.009569377990430622	0.023923444976076555	0.03349282296650718	0.03349282296650718	0.009569377990430622	0.028708133971291867	0.03827751196172249	0.019138755980861243	0.03349282296650718	0.03349282296650718	0.023923444976076555	0.009569377990430622	0.03827751196172249	0.03349282296650718	0.023923444976076555	0.009569377990430622	0.009569377990430622	0.014354066985645933	0.028708133971291867	0.03349282296650718	0.014354066985645933	0.009569377990430622	0.03349282296650718	0.03827751196172249	0.028708133971291867	0.023923444976076555	0.009569377990430622	0.028708133971291867	0.028708133971291867	0.019138755980861243	0.03349282296650718	0.03827751196172249	0.023923444976076555	0.019138755980861243	0.03349282296650718	0.014354066985645933
Lambda_13:	0.031088082901554404	0.031088082901554404	0.02072538860103627	0.015544041450777202	0.025906735751295335	0.015544041450777202	0.025906735751295335	0.015544041450777202	0.025906735751295335	0.025906735751295335	0.025906735751295335	0.025906735751295335	0.03626943005181347	0.015544041450777202	0.03626943005181347	0.025906735751295335	0.031088082901554404	0.015544041450777202	0.031088082901554404	0.02072538860103627	0.04145077720207254	0.03626943005181347	0.025906735751295335	0.04145077720207254	0.010362694300518135	0.010362694300518135	0.015544041450777202	0.04145077720207254	0.031088082901554404	0.010362694300518135	0.010362694300518135	0.025906735751295335	0.03626943005181347	0.02072538860103627	0.010362694300518135	0.04145077720207254	0.03626943005181347	0.025906735751295335	0.02072538860103627	0.010362694300518135
Lambda_14:	0.024096385542168676	0.018072289156626505	0.03614457831325301	0.030120481927710843	0.024096385542168676	0.024096385542168676	0.018072289156626505	0.04216867469879518	0.012048192771084338	0.012048192771084338	0.030120481927710843	0.030120481927710843	0.030120481927710843	0.012048192771084338	0.012048192771084338	0.018072289156626505	0.012048192771084338	0.018072289156626505	0.04216867469879518	0.03614457831325301	0.030120481927710843	0.012048192771084338	0.024096385542168676	0.03614457831325301	0.018072289156626505	0.04216867469879518	0.030120481927710843	0.012048192771084338	0.04819277108433735	0.018072289156626505	0.012048192771084338	0.012048192771084338	0.012048192771084338	0.03614457831325301	0.030120481927710843	0.018072289156626505	0.018072289156626505	0.012048192771084338	0.04819277108433735	0.04819277108433735
Lambda_15:	0.03056768558951965	0.026200873362445413	0.026200873362445413	0.021834061135371178	0.03056768558951965	0.026200873362445413	0.026200873362445413	0.008733624454148471	0.03056768558951965	0.034934497816593885	0.008733624454148471	0.021834061135371178	0.026200873362445413	0.021834061135371178	0.03056768558951965	0.034934497816593885	0.017467248908296942	0.026200873362445413	0.017467248908296942	0.034934497816593885	0.026200873362445413	0.008733624454148471	0.013100436681222707	0.034934497816593885	0.026200873362445413	0.034934497816593885	0.013100436681222707	0.034934497816593885	0.021834061135371178	0.008733624454148471	0.026200873362445413	0.03056768558951965	0.017467248908296942	0.03056768558951965	0.026200873362445413	0.034934497816593885	0.026200873362445413	0.026200873362445413	0.03056768558951965	0.026200873362445413
Lambda_16:	0.021505376344086023	0.010752688172043012	0.016129032258064516	0.03225806451612903	0.010752688172043012	0.03763440860215054	0.021505376344086023	0.03225806451612903	0.010752688172043012	0.026881720430107527	0.010752688172043012	0.010752688172043012	0.021505376344086023	0.03763440860215054	0.026881720430107527	0.03763440860215054	0.03763440860215054	0.03763440860215054	0.03225806451612903	0.026881720430107527	0.043010752688172046	0.026881720430107527	0.016129032258064516	0.026881720430107527	0.03225806451612903	0.021505376344086023	0.03763440860215054	0.010752688172043012	0.010752688172043012	0.043010752688172046	0.010752688172043012	0.03225806451612903	0.03763440860215054	0.016129032258064516	0.026881720430107527	0.021505376344086023	0.03763440860215054	0.026881720430107527	0.010752688172043012	0.010752688172043012
Lambda_17:	0.01020408163265306	0.01020408163265306	0.01020408163265306	0.01020408163265306	0.025510204081632654	0.030612244897959183	0.02040816326530612	0.04081632653061224	0.025510204081632654	0.01020408163265306	0.025510204081632654	0.04081632653061224	0.01020408163265306	0.04081632653061224	0.03571428571428571	0.015306122448979591	0.03571428571428571	0.030612244897959183	0.04081632653061224	0.015306122448979591	0.030612244897959183	0.01020408163265306	0.04081632653061224	0.025510204081632654	0.03571428571428571	0.01020408163265306	0.02040816326530612	0.030612244897959183	0.030612244897959183	0.015306122448979591	0.04081632653061224	0.03571428571428571	0.02040816326530612	0.04081632653061224	0.02040816326530612	0.015306122448979591	0.015306122448979591	0.025510204081632654	0.030612244897959183	0.02040816326530612
Lambda_18:	0.020100502512562814	0.010050251256281407	0.02512562814070352	0.04020100502512563	0.01507537688442211	0.020100502512562814	0.02512562814070352	0.020100502512562814	0.02512562814070352	0.01507537688442211	0.03015075376884422	0.010050251256281407	0.020100502512562814	0.010050251256281407	0.04020100502512563	0.04020100502512563	0.010050251256281407	0.010050251256281407	0.035175879396984924	0.04020100502512563	0.010050251256281407	0.04020100502512563	0.020100502512562814	0.020100502512562814	0.035175879396984924	0.02512562814070352	0.035175879396984924	0.02512562814070352	0.01507537688442211	0.03015075376884422	0.035175879396984924	0.03015075376884422	0.020100502512562814	0.03015075376884422	0.035175879396984924	0.02512562814070352	0.04020100502512563	0.01507537688442211	0.02512562814070352	0.02512562814070352
Lambda_19:	0.03535353535353535	0.010101010101010102	0.03535353535353535	0.020202020202020204	0.030303030303030304	0.010101010101010102	0.030303030303030304	0.04040404040404041	0.020202020202020204	0.010101010101010102	0.020202020202020204	0.030303030303030304	0.03535353535353535	0.020202020202020204	0.010101010101010102	0.04040404040404041	0.020202020202020204	0.010101010101010102	0.03535353535353535	0.04040404040404041	0.020202020202020204	0.010101010101010102	0.03535353535353535	0.025252525252525252	0.020202020202020204	0.03535353535353535	0.010101010101010102	0.025252525252525252	0.030303030303030304	0.03535353535353535	0.025252525252525252	0.030303030303030304	0.03535353535353535	0.025252525252525252	0.020202020202020204	0.010101010101010102	0.04040404040404041	0.010101010101010102	0.020202020202020204	0.030303030303030304
Lambda_20:	0.018691588785046728	0.014018691588785047	0.037383177570093455	0.009345794392523364	0.02336448598130841	0.037383177570093455	0.037383177570093455	0.009345794392523364	0.028037383177570093	0.03271028037383177	0.028037383177570093	0.028037383177570093	0.03271028037383177	0.018691588785046728	0.037383177570093455	0.009345794392523364	0.028037383177570093	0.018691588785046728	0.037383177570093455	0.03271028037383177	0.014018691588785047	0.02336448598130841	0.028037383177570093	0.014018691588785047	0.028037383177570093	0.02336448598130841	0.02336448598130841	0.037383177570093455	0.02336448598130841	0.03271028037383177	0.018691588785046728	0.037383177570093455	0.02336448598130841	0.018691588785046728	0.02336448598130841	0.009345794392523364	0.014018691588785047	0.028037383177570093	0.037383177570093455	0.02336448598130841
Lambda_21:	0.03636363636363636	0.03636363636363636	0.022727272727272728	0.00909090909090909	0.031818181818181815	0.01818181818181818	0.022727272727272728	0.02727272727272727	0.00909090909090909	0.031818181818181815	0.022727272727272728	0.022727272727272728	0.01818181818181818	0.03636363636363636	0.00909090909090909	0.03636363636363636	0.03636363636363636	0.022727272727272728	0.02727272727272727	0.00909090909090909	0.00909090909090909	0.013636363636363636	0.031818181818181815	0.013636363636363636	0.013636363636363636	0.022727272727272728	0.031818181818181815	0.03636363636363636	0.03636363636363636	0.022727272727272728	0.022727272727272728	0.02727272727272727	0.03636363636363636	0.02727272727272727	0.03636363636363636	0.01818181818181818	0.03636363636363636	0.00909090909090909	0.031818181818181815	0.03636363636363636
Lambda_22:	0.010638297872340425	0.015957446808510637	0.02127659574468085	0.010638297872340425	0.010638297872340425	0.026595744680851064	0.015957446808510637	0.010638297872340425	0.015957446808510637	0.026595744680851064	0.02127659574468085	0.02127659574468085	0.0425531914893617	0.02127659574468085	0.02127659574468085	0.031914893617021274	0.010638297872340425	0.02127659574468085	0.03723404255319149	0.03723404255319149	0.010638297872340425	0.0425531914893617	0.02127659574468085	0.03723404255319149	0.03723404255319149	0.010638297872340425	0.02127659574468085	0.015957446808510637	0.0425531914893617	0.026595744680851064	0.03723404255319149	0.03723404255319149	0.02127659574468085	0.03723404255319149	0.010638297872340425	0.031914893617021274	0.02127659574468085	0.03723404255319149	0.026595744680851064	0.0425531914893617
Lambda_23:	0.02577319587628866	0.02577319587628866	0.010309278350515464	0.041237113402061855	0.03608247422680412	0.020618556701030927	0.030927835051546393	0.030927835051546393	0.03608247422680412	0.030927835051546393	0.020618556701030927	0.041237113402061855	0.020618556701030927	0.03608247422680412	0.030927835051546393	0.015463917525773196	0.041237113402061855	0.010309278350515464	0.015463917525773196	0.015463917525773196	0.010309278350515464	0.03608247422680412	0.041237113402061855	0.015463917525773196	0.041237113402061855	0.030927835051546393	0.010309278350515464	0.03608247422680412	0.02577319587628866	0.020618556701030927	0.010309278350515464	0.030927835051546393	0.020618556701030927	0.010309278350515464	0.015463917525773196	0.030927835051546393	0.010309278350515464	0.02577319587628866	0.030927835051546393	0.010309278350515464
Lambda_24:	0.02926829268292683	0.014634146341463415	0.02926829268292683	0.014634146341463415	0.03902439024390244	0.03902439024390244	0.03902439024390244	0.03414634146341464	0.00975609756097561	0.02926829268292683	0.024390243902439025	0.03902439024390244	0.03902439024390244	0.024390243902439025	0.00975609756097561	0.01951219512195122	0.00975609756097561	0.00975609756097561	0.024390243902439025	0.014634146341463415	0.03414634146341464	0.02926829268292683	0.014634146341463415	0.03414634146341464	0.00975609756097561	0.00975609756097561	0.03414634146341464	0.00975609756097561	0.03414634146341464	0.01951219512195122	0.01951219512195122	0.03414634146341464	0.01951219512195122	0.03414634146341464	0.014634146341463415	0.02926829268292683	0.03902439024390244	0.02926829268292683	0.03414634146341464	0.024390243902439025
Lambda_25:	0.03535353535353535	0.025252525252525252	0.03535353535353535	0.015151515151515152	0.015151515151515152	0.025252525252525252	0.030303030303030304	0.04040404040404041	0.025252525252525252	0.030303030303030304	0.020202020202020204	0.03535353535353535	0.020202020202020204	0.010101010101010102	0.025252525252525252	0.025252525252525252	0.04040404040404041	0.020202020202020204	0.015151515151515152	0.03535353535353535	0.015151515151515152	0.030303030303030304	0.020202020202020204	0.025252525252525252	0.010101010101010102	0.03535353535353535	0.04040404040404041	0.015151515151515152	0.010101010101010102	0.010101010101010102	0.04040404040404041	0.015151515151515152	0.010101010101010102	0.030303030303030304	0.015151515151515152	0.020202020202020204	0.03535353535353535	0.03535353535353535	0.04040404040404041	0.020202020202020204
Lambda_26:	0.03482587064676617	0.01990049751243781	0.01990049751243781	0.014925373134328358	0.029850746268656716	0.01990049751243781	0.014925373134328358	0.03482587064676617	0.029850746268656716	0.009950248756218905	0.01990049751243781	0.029850746268656716	0.01990049751243781	0.03482587064676617	0.014925373134328358	0.014925373134328358	0.029850746268656716	0.009950248756218905	0.014925373134328358	0.014925373134328358	0.014925373134328358	0.029850746268656716	0.024875621890547265	0.03980099502487562	0.009950248756218905	0.024875621890547265	0.03482587064676617	0.03980099502487562	0.03980099502487562	0.01990049751243781	0.024875621890547265	0.029850746268656716	0.029850746268656716	0.029850746268656716	0.01990049751243781	0.024875621890547265	0.01990049751243781	0.029850746268656716	0.03980099502487562	0.03980099502487562
Lambda_27:	0.011235955056179775	0.033707865168539325	0.011235955056179775	0.011235955056179775	0.016853932584269662	0.011235955056179775	0.03932584269662921	0.0449438202247191	0.028089887640449437	0.016853932584269662	0.011235955056179775	0.028089887640449437	0.033707865168539325	0.0449438202247191	0.016853932584269662	0.028089887640449437	0.011235955056179775	0.0449438202247191	0.033707865168539325	0.0449438202247191	0.011235955056179775	0.02247191011235955	0.011235955056179775	0.02247191011235955	0.02247191011235955	0.016853932584269662	0.028089887640449437	0.016853932584269662	0.03932584269662921	0.028089887640449437	0.033707865168539325	0.033707865168539325	0.02247191011235955	0.033707865168539325	0.016853932584269662	0.011235955056179775	0.03932584269662921	0.02247191011235955	0.028089887640449437	0.016853932584269662
Lambda_28:	0.01282051282051282	0.021367521367521368	0.02564102564102564	0.029914529914529916	0.021367521367521368	0.008547008547008548	0.03418803418803419	0.03418803418803419	0.02564102564102564	0.008547008547008548	0.02564102564102564	0.021367521367521368	0.029914529914529916	0.021367521367521368	0.03418803418803419	0.029914529914529916	0.008547008547008548	0.017094017094017096	0.03418803418803419	0.03418803418803419	0.03418803418803419	0.017094017094017096	0.02564102564102564	0.03418803418803419	0.03418803418803419	0.029914529914529916	0.02564102564102564	0.03418803418803419	0.03418803418803419	0.017094017094017096	0.03418803418803419	0.01282051282051282	0.029914529914529916	0.029914529914529916	0.008547008547008548	0.008547008547008548	0.03418803418803419	0.029914529914529916	0.01282051282051282	0.03418803418803419
Lambda_29:	0.009478672985781991	0.009478672985781991	0.037914691943127965	0.037914691943127965	0.023696682464454975	0.009478672985781991	0.037914691943127965	0.009478672985781991	0.03317535545023697	0.009478672985781991	0.037914691943127965	0.03317535545023697	0.018957345971563982	0.014218009478672985	0.014218009478672985	0.023696682464454975	0.02843601895734597	0.014218009478672985	0.018957345971563982	0.018957345971563982	0.037914691943127965	0.02843601895734597	0.03317535545023697	0.009478672985781991	0.03317535545023697	0.037914691943127965	0.02843601895734597	0.037914691943127965	0.018957345971563982	0.03317535545023697	0.018957345971563982	0.03317535545023697	0.018957345971563982	0.023696682464454975	0.018957345971563982	0.037914691943127965	0.03317535545023697	0.014218009478672985	0.03317535545023697	0.02843601895734597
q:	5000	1000	3000	3000	1000	7000	8000	5000	2000	2000	3000	6000	5000	1000	3000	9000	9000	6000	1000	9000	3000	5000	9000	4000	3000	6000	6000	2000	7000	9000
