(NUMBER_COMPETITOR,I,J,K)	(5,30,30,30)
COMPETITORS	10	11	9	18	27
k=0:	2	18	17	22	4	20	15	1	3	25	13	11	7	29	24	10	5	8	26	19	28	6	27	23	16	21	9	0	14	12
k=1:	29	26	5	8	22	28	21	12	1	3	20	24	10	4	18	11	19	0	27	25	9	14	6	7	23	16	13	17	2	15
k=2:	17	4	0	20	16	19	25	11	6	29	21	3	7	8	1	14	15	26	22	28	24	5	10	23	13	2	12	18	27	9
k=3:	25	17	27	1	24	5	9	4	8	18	6	22	15	0	7	11	20	21	14	29	12	16	10	2	13	23	28	19	26	3
k=4:	19	28	27	11	3	7	18	17	2	29	22	23	10	9	16	5	21	12	20	4	6	14	24	15	25	13	0	8	1	26
k=5:	19	28	5	4	21	17	13	10	9	20	27	29	0	23	8	22	26	18	12	16	7	25	14	11	24	1	15	2	6	3
k=6:	21	8	26	23	9	14	20	3	27	29	1	6	12	17	19	16	22	24	5	4	13	10	11	18	0	2	25	28	15	7
k=7:	24	26	3	2	25	12	1	11	10	18	6	17	0	8	13	23	4	5	20	15	19	9	27	7	16	14	22	29	28	21
k=8:	23	20	9	26	19	7	1	27	5	24	6	15	10	25	21	2	12	0	8	18	22	28	13	3	11	14	29	16	17	4
k=9:	4	6	3	7	15	12	23	16	10	20	13	25	8	18	19	14	5	21	28	0	29	2	27	17	11	1	24	9	26	22
k=10:	13	12	25	2	10	7	11	24	14	16	27	19	4	6	0	9	29	18	8	21	5	23	26	20	28	3	22	15	1	17
k=11:	15	0	23	12	13	27	10	2	4	26	24	16	19	7	5	3	6	21	14	20	29	18	9	1	28	25	22	8	11	17
k=12:	10	2	26	8	28	19	9	14	20	27	23	16	24	4	11	13	0	1	6	12	15	7	18	21	25	29	22	5	3	17
k=13:	22	17	20	4	14	24	5	18	0	26	25	13	6	10	19	29	1	3	7	2	12	27	21	11	16	8	9	15	28	23
k=14:	1	23	14	15	10	24	8	25	6	21	11	7	29	20	12	5	22	9	13	2	3	16	28	19	27	26	0	17	18	4
k=15:	19	28	18	2	25	10	0	4	26	11	24	23	16	29	15	3	9	6	12	8	13	7	1	22	17	14	21	27	20	5
k=16:	25	0	7	11	14	2	5	27	4	15	8	17	13	23	24	18	10	6	22	28	19	21	12	20	9	16	3	26	1	29
k=17:	1	6	21	18	15	12	27	5	2	13	4	26	7	0	25	20	9	28	3	10	17	8	29	24	19	23	14	16	22	11
k=18:	26	14	7	4	29	1	25	27	28	17	5	16	6	24	9	23	21	12	0	3	19	13	15	2	20	10	11	8	22	18
k=19:	24	10	27	8	5	11	13	28	2	0	9	14	21	22	20	7	15	4	18	12	17	29	1	3	19	25	23	16	6	26
k=20:	24	12	3	29	23	10	20	15	22	7	5	21	27	14	6	9	4	28	0	11	17	2	19	13	26	1	8	18	16	25
k=21:	15	17	20	10	19	13	14	3	12	27	21	5	28	7	29	22	0	9	16	1	23	6	18	24	11	25	4	26	8	2
k=22:	18	27	14	28	9	11	23	13	12	7	19	24	5	2	20	17	1	29	0	25	21	16	26	3	15	10	8	22	6	4
k=23:	19	27	24	2	29	12	0	11	10	17	5	15	28	22	16	14	3	18	7	9	8	26	4	1	6	20	25	21	23	13
k=24:	19	29	25	27	8	20	15	14	3	18	23	28	16	2	13	22	0	12	17	21	26	9	4	11	5	24	1	6	10	7
k=25:	3	26	0	29	8	27	18	6	23	28	4	20	25	15	7	10	12	16	14	9	19	22	11	21	17	1	24	2	5	13
k=26:	28	24	7	17	21	29	6	5	1	23	15	13	11	25	18	8	22	10	16	26	0	4	3	19	12	2	9	20	27	14
k=27:	29	28	7	3	4	1	22	12	24	0	21	18	9	16	5	26	27	25	17	11	14	8	20	15	6	13	2	10	23	19
k=28:	15	20	16	27	7	13	6	3	25	19	22	26	21	11	28	12	10	23	29	5	2	9	4	1	17	8	24	0	14	18
k=29:	22	2	7	4	21	15	20	17	8	24	29	13	27	23	12	14	11	0	6	10	9	19	3	28	1	25	18	26	5	16
Lambda_0:	0.02702702702702703	0.0472972972972973	0.013513513513513514	0.033783783783783786	0.02702702702702703	0.0472972972972973	0.04054054054054054	0.013513513513513514	0.02027027027027027	0.02027027027027027	0.02027027027027027	0.013513513513513514	0.02702702702702703	0.02702702702702703	0.033783783783783786	0.05405405405405406	0.033783783783783786	0.0472972972972973	0.04054054054054054	0.05405405405405406	0.033783783783783786	0.02702702702702703	0.033783783783783786	0.02702702702702703	0.04054054054054054	0.04054054054054054	0.0472972972972973	0.0472972972972973	0.02027027027027027	0.04054054054054054
Lambda_1:	0.02631578947368421	0.039473684210526314	0.046052631578947366	0.013157894736842105	0.019736842105263157	0.013157894736842105	0.05263157894736842	0.02631578947368421	0.03289473684210526	0.02631578947368421	0.03289473684210526	0.039473684210526314	0.013157894736842105	0.013157894736842105	0.013157894736842105	0.05263157894736842	0.046052631578947366	0.019736842105263157	0.05263157894736842	0.039473684210526314	0.039473684210526314	0.046052631578947366	0.03289473684210526	0.039473684210526314	0.02631578947368421	0.05263157894736842	0.03289473684210526	0.039473684210526314	0.05263157894736842	0.019736842105263157
Lambda_2:	0.0392156862745098	0.0457516339869281	0.0457516339869281	0.026143790849673203	0.0392156862745098	0.032679738562091505	0.0457516339869281	0.032679738562091505	0.032679738562091505	0.013071895424836602	0.013071895424836602	0.05228758169934641	0.013071895424836602	0.05228758169934641	0.013071895424836602	0.013071895424836602	0.026143790849673203	0.05228758169934641	0.032679738562091505	0.013071895424836602	0.05228758169934641	0.0392156862745098	0.0196078431372549	0.0392156862745098	0.05228758169934641	0.032679738562091505	0.0196078431372549	0.0196078431372549	0.05228758169934641	0.0392156862745098
Lambda_3:	0.05442176870748299	0.04081632653061224	0.027210884353741496	0.04081632653061224	0.04081632653061224	0.027210884353741496	0.034013605442176874	0.02040816326530612	0.034013605442176874	0.04081632653061224	0.02040816326530612	0.04081632653061224	0.034013605442176874	0.027210884353741496	0.034013605442176874	0.04081632653061224	0.047619047619047616	0.02040816326530612	0.034013605442176874	0.04081632653061224	0.047619047619047616	0.013605442176870748	0.02040816326530612	0.027210884353741496	0.027210884353741496	0.034013605442176874	0.02040816326530612	0.047619047619047616	0.047619047619047616	0.013605442176870748
Lambda_4:	0.05405405405405406	0.05405405405405406	0.013513513513513514	0.05405405405405406	0.02702702702702703	0.05405405405405406	0.02027027027027027	0.05405405405405406	0.02702702702702703	0.013513513513513514	0.04054054054054054	0.02702702702702703	0.02702702702702703	0.02027027027027027	0.013513513513513514	0.02702702702702703	0.033783783783783786	0.0472972972972973	0.04054054054054054	0.02027027027027027	0.033783783783783786	0.033783783783783786	0.013513513513513514	0.02027027027027027	0.013513513513513514	0.04054054054054054	0.0472972972972973	0.04054054054054054	0.0472972972972973	0.04054054054054054
Lambda_5:	0.03870967741935484	0.01935483870967742	0.01935483870967742	0.025806451612903226	0.025806451612903226	0.03870967741935484	0.012903225806451613	0.03870967741935484	0.025806451612903226	0.04516129032258064	0.05161290322580645	0.025806451612903226	0.012903225806451613	0.04516129032258064	0.03225806451612903	0.03225806451612903	0.05161290322580645	0.04516129032258064	0.05161290322580645	0.05161290322580645	0.05161290322580645	0.012903225806451613	0.04516129032258064	0.025806451612903226	0.012903225806451613	0.01935483870967742	0.05161290322580645	0.01935483870967742	0.04516129032258064	0.025806451612903226
Lambda_6:	0.013513513513513514	0.02702702702702703	0.02027027027027027	0.02027027027027027	0.033783783783783786	0.0472972972972973	0.04054054054054054	0.0472972972972973	0.02702702702702703	0.0472972972972973	0.02702702702702703	0.02027027027027027	0.0472972972972973	0.02027027027027027	0.05405405405405406	0.02027027027027027	0.05405405405405406	0.013513513513513514	0.0472972972972973	0.02027027027027027	0.02027027027027027	0.033783783783783786	0.0472972972972973	0.033783783783783786	0.04054054054054054	0.0472972972972973	0.013513513513513514	0.04054054054054054	0.02027027027027027	0.05405405405405406
Lambda_7:	0.043209876543209874	0.030864197530864196	0.043209876543209874	0.024691358024691357	0.04938271604938271	0.018518518518518517	0.030864197530864196	0.018518518518518517	0.037037037037037035	0.018518518518518517	0.030864197530864196	0.037037037037037035	0.037037037037037035	0.043209876543209874	0.043209876543209874	0.04938271604938271	0.043209876543209874	0.043209876543209874	0.04938271604938271	0.037037037037037035	0.018518518518518517	0.012345679012345678	0.018518518518518517	0.012345679012345678	0.012345679012345678	0.043209876543209874	0.04938271604938271	0.04938271604938271	0.037037037037037035	0.018518518518518517
Lambda_8:	0.020833333333333332	0.05555555555555555	0.020833333333333332	0.041666666666666664	0.020833333333333332	0.04861111111111111	0.013888888888888888	0.013888888888888888	0.020833333333333332	0.05555555555555555	0.05555555555555555	0.020833333333333332	0.027777777777777776	0.034722222222222224	0.04861111111111111	0.041666666666666664	0.013888888888888888	0.020833333333333332	0.013888888888888888	0.041666666666666664	0.04861111111111111	0.041666666666666664	0.020833333333333332	0.05555555555555555	0.027777777777777776	0.041666666666666664	0.013888888888888888	0.020833333333333332	0.041666666666666664	0.05555555555555555
Lambda_9:	0.0364963503649635	0.043795620437956206	0.0364963503649635	0.021897810218978103	0.021897810218978103	0.021897810218978103	0.021897810218978103	0.029197080291970802	0.021897810218978103	0.043795620437956206	0.029197080291970802	0.0364963503649635	0.058394160583941604	0.051094890510948905	0.058394160583941604	0.0364963503649635	0.014598540145985401	0.021897810218978103	0.0364963503649635	0.029197080291970802	0.043795620437956206	0.029197080291970802	0.043795620437956206	0.058394160583941604	0.021897810218978103	0.014598540145985401	0.0364963503649635	0.029197080291970802	0.0364963503649635	0.014598540145985401
Lambda_10:	0.06015037593984962	0.015037593984962405	0.015037593984962405	0.045112781954887216	0.022556390977443608	0.022556390977443608	0.022556390977443608	0.03007518796992481	0.03007518796992481	0.045112781954887216	0.015037593984962405	0.015037593984962405	0.03007518796992481	0.022556390977443608	0.015037593984962405	0.022556390977443608	0.03759398496240601	0.015037593984962405	0.03759398496240601	0.045112781954887216	0.06015037593984962	0.05263157894736842	0.05263157894736842	0.03759398496240601	0.03007518796992481	0.03759398496240601	0.05263157894736842	0.06015037593984962	0.015037593984962405	0.03759398496240601
Lambda_11:	0.030303030303030304	0.015151515151515152	0.022727272727272728	0.022727272727272728	0.045454545454545456	0.030303030303030304	0.030303030303030304	0.030303030303030304	0.045454545454545456	0.05303030303030303	0.030303030303030304	0.030303030303030304	0.045454545454545456	0.030303030303030304	0.022727272727272728	0.015151515151515152	0.03787878787878788	0.022727272727272728	0.06060606060606061	0.06060606060606061	0.015151515151515152	0.045454545454545456	0.022727272727272728	0.030303030303030304	0.05303030303030303	0.022727272727272728	0.022727272727272728	0.022727272727272728	0.06060606060606061	0.022727272727272728
Lambda_12:	0.019736842105263157	0.039473684210526314	0.013157894736842105	0.039473684210526314	0.05263157894736842	0.046052631578947366	0.013157894736842105	0.03289473684210526	0.039473684210526314	0.05263157894736842	0.05263157894736842	0.039473684210526314	0.013157894736842105	0.019736842105263157	0.03289473684210526	0.013157894736842105	0.039473684210526314	0.05263157894736842	0.05263157894736842	0.02631578947368421	0.019736842105263157	0.05263157894736842	0.013157894736842105	0.02631578947368421	0.019736842105263157	0.05263157894736842	0.02631578947368421	0.039473684210526314	0.039473684210526314	0.019736842105263157
Lambda_13:	0.025	0.05	0.01875	0.04375	0.03125	0.05	0.03125	0.0375	0.03125	0.0125	0.025	0.0125	0.04375	0.0375	0.03125	0.03125	0.05	0.0125	0.0125	0.04375	0.05	0.025	0.0375	0.05	0.04375	0.05	0.0125	0.0125	0.05	0.0375
Lambda_14:	0.027210884353741496	0.013605442176870748	0.04081632653061224	0.034013605442176874	0.02040816326530612	0.05442176870748299	0.047619047619047616	0.027210884353741496	0.05442176870748299	0.027210884353741496	0.04081632653061224	0.013605442176870748	0.04081632653061224	0.034013605442176874	0.013605442176870748	0.034013605442176874	0.047619047619047616	0.05442176870748299	0.02040816326530612	0.027210884353741496	0.05442176870748299	0.027210884353741496	0.04081632653061224	0.034013605442176874	0.034013605442176874	0.02040816326530612	0.04081632653061224	0.02040816326530612	0.02040816326530612	0.034013605442176874
Lambda_15:	0.011764705882352941	0.029411764705882353	0.03529411764705882	0.047058823529411764	0.01764705882352941	0.03529411764705882	0.01764705882352941	0.03529411764705882	0.03529411764705882	0.047058823529411764	0.01764705882352941	0.047058823529411764	0.041176470588235294	0.01764705882352941	0.03529411764705882	0.041176470588235294	0.047058823529411764	0.03529411764705882	0.041176470588235294	0.047058823529411764	0.047058823529411764	0.041176470588235294	0.01764705882352941	0.047058823529411764	0.03529411764705882	0.029411764705882353	0.023529411764705882	0.01764705882352941	0.047058823529411764	0.011764705882352941
Lambda_16:	0.030864197530864196	0.04938271604938271	0.037037037037037035	0.043209876543209874	0.012345679012345678	0.043209876543209874	0.018518518518518517	0.024691358024691357	0.037037037037037035	0.043209876543209874	0.012345679012345678	0.030864197530864196	0.018518518518518517	0.018518518518518517	0.024691358024691357	0.04938271604938271	0.04938271604938271	0.043209876543209874	0.043209876543209874	0.030864197530864196	0.043209876543209874	0.030864197530864196	0.024691358024691357	0.030864197530864196	0.037037037037037035	0.037037037037037035	0.012345679012345678	0.04938271604938271	0.04938271604938271	0.024691358024691357
Lambda_17:	0.013422818791946308	0.04697986577181208	0.04697986577181208	0.053691275167785234	0.013422818791946308	0.020134228187919462	0.020134228187919462	0.03355704697986577	0.04697986577181208	0.040268456375838924	0.040268456375838924	0.020134228187919462	0.040268456375838924	0.03355704697986577	0.040268456375838924	0.040268456375838924	0.026845637583892617	0.020134228187919462	0.026845637583892617	0.04697986577181208	0.013422818791946308	0.026845637583892617	0.04697986577181208	0.03355704697986577	0.013422818791946308	0.04697986577181208	0.040268456375838924	0.053691275167785234	0.040268456375838924	0.013422818791946308
Lambda_18:	0.020689655172413793	0.020689655172413793	0.027586206896551724	0.020689655172413793	0.013793103448275862	0.034482758620689655	0.05517241379310345	0.041379310344827586	0.034482758620689655	0.034482758620689655	0.04827586206896552	0.013793103448275862	0.05517241379310345	0.027586206896551724	0.013793103448275862	0.027586206896551724	0.020689655172413793	0.05517241379310345	0.034482758620689655	0.05517241379310345	0.041379310344827586	0.034482758620689655	0.013793103448275862	0.041379310344827586	0.034482758620689655	0.041379310344827586	0.034482758620689655	0.034482758620689655	0.013793103448275862	0.05517241379310345
Lambda_19:	0.012987012987012988	0.032467532467532464	0.045454545454545456	0.012987012987012988	0.045454545454545456	0.025974025974025976	0.032467532467532464	0.025974025974025976	0.045454545454545456	0.045454545454545456	0.012987012987012988	0.03896103896103896	0.032467532467532464	0.032467532467532464	0.032467532467532464	0.045454545454545456	0.032467532467532464	0.045454545454545456	0.012987012987012988	0.045454545454545456	0.03896103896103896	0.01948051948051948	0.01948051948051948	0.05194805194805195	0.025974025974025976	0.032467532467532464	0.045454545454545456	0.03896103896103896	0.045454545454545456	0.025974025974025976
Lambda_20:	0.05161290322580645	0.03225806451612903	0.03225806451612903	0.04516129032258064	0.01935483870967742	0.012903225806451613	0.05161290322580645	0.03225806451612903	0.025806451612903226	0.05161290322580645	0.03225806451612903	0.012903225806451613	0.05161290322580645	0.04516129032258064	0.04516129032258064	0.012903225806451613	0.025806451612903226	0.05161290322580645	0.01935483870967742	0.03225806451612903	0.03225806451612903	0.04516129032258064	0.025806451612903226	0.03225806451612903	0.025806451612903226	0.01935483870967742	0.05161290322580645	0.03225806451612903	0.01935483870967742	0.03225806451612903
Lambda_21:	0.03205128205128205	0.038461538461538464	0.019230769230769232	0.02564102564102564	0.05128205128205128	0.03205128205128205	0.05128205128205128	0.04487179487179487	0.04487179487179487	0.01282051282051282	0.01282051282051282	0.01282051282051282	0.04487179487179487	0.05128205128205128	0.019230769230769232	0.02564102564102564	0.03205128205128205	0.04487179487179487	0.01282051282051282	0.038461538461538464	0.02564102564102564	0.038461538461538464	0.038461538461538464	0.05128205128205128	0.03205128205128205	0.04487179487179487	0.038461538461538464	0.03205128205128205	0.01282051282051282	0.038461538461538464
Lambda_22:	0.045454545454545456	0.045454545454545456	0.01948051948051948	0.045454545454545456	0.03896103896103896	0.012987012987012988	0.05194805194805195	0.045454545454545456	0.05194805194805195	0.045454545454545456	0.012987012987012988	0.012987012987012988	0.03896103896103896	0.03896103896103896	0.032467532467532464	0.01948051948051948	0.01948051948051948	0.032467532467532464	0.03896103896103896	0.03896103896103896	0.025974025974025976	0.05194805194805195	0.01948051948051948	0.012987012987012988	0.025974025974025976	0.05194805194805195	0.03896103896103896	0.01948051948051948	0.05194805194805195	0.012987012987012988
Lambda_23:	0.049079754601226995	0.012269938650306749	0.049079754601226995	0.012269938650306749	0.049079754601226995	0.018404907975460124	0.04294478527607362	0.04294478527607362	0.04294478527607362	0.024539877300613498	0.03680981595092025	0.018404907975460124	0.03067484662576687	0.012269938650306749	0.049079754601226995	0.04294478527607362	0.04294478527607362	0.024539877300613498	0.03067484662576687	0.024539877300613498	0.049079754601226995	0.049079754601226995	0.049079754601226995	0.018404907975460124	0.03067484662576687	0.04294478527607362	0.012269938650306749	0.018404907975460124	0.03680981595092025	0.03680981595092025
Lambda_24:	0.04666666666666667	0.03333333333333333	0.02	0.05333333333333334	0.013333333333333334	0.05333333333333334	0.02	0.02666666666666667	0.02	0.02	0.05333333333333334	0.04666666666666667	0.05333333333333334	0.04	0.013333333333333334	0.02666666666666667	0.03333333333333333	0.03333333333333333	0.05333333333333334	0.02666666666666667	0.05333333333333334	0.02	0.05333333333333334	0.02	0.04	0.013333333333333334	0.03333333333333333	0.02	0.02	0.04
Lambda_25:	0.034013605442176874	0.04081632653061224	0.027210884353741496	0.05442176870748299	0.02040816326530612	0.013605442176870748	0.02040816326530612	0.034013605442176874	0.047619047619047616	0.05442176870748299	0.034013605442176874	0.013605442176870748	0.04081632653061224	0.013605442176870748	0.05442176870748299	0.013605442176870748	0.013605442176870748	0.04081632653061224	0.013605442176870748	0.047619047619047616	0.034013605442176874	0.034013605442176874	0.05442176870748299	0.04081632653061224	0.034013605442176874	0.047619047619047616	0.013605442176870748	0.047619047619047616	0.034013605442176874	0.027210884353741496
Lambda_26:	0.03977272727272727	0.022727272727272728	0.03977272727272727	0.03409090909090909	0.022727272727272728	0.03977272727272727	0.03977272727272727	0.03409090909090909	0.045454545454545456	0.045454545454545456	0.028409090909090908	0.028409090909090908	0.011363636363636364	0.022727272727272728	0.022727272727272728	0.022727272727272728	0.03977272727272727	0.045454545454545456	0.03977272727272727	0.03977272727272727	0.03409090909090909	0.022727272727272728	0.03977272727272727	0.03409090909090909	0.045454545454545456	0.028409090909090908	0.03977272727272727	0.03977272727272727	0.028409090909090908	0.022727272727272728
Lambda_27:	0.014705882352941176	0.058823529411764705	0.03676470588235294	0.058823529411764705	0.03676470588235294	0.022058823529411766	0.051470588235294115	0.029411764705882353	0.058823529411764705	0.014705882352941176	0.051470588235294115	0.03676470588235294	0.051470588235294115	0.051470588235294115	0.04411764705882353	0.04411764705882353	0.014705882352941176	0.029411764705882353	0.029411764705882353	0.014705882352941176	0.022058823529411766	0.014705882352941176	0.04411764705882353	0.014705882352941176	0.014705882352941176	0.029411764705882353	0.03676470588235294	0.04411764705882353	0.014705882352941176	0.014705882352941176
Lambda_28:	0.04225352112676056	0.035211267605633804	0.014084507042253521	0.035211267605633804	0.02112676056338028	0.056338028169014086	0.035211267605633804	0.028169014084507043	0.056338028169014086	0.014084507042253521	0.04225352112676056	0.04929577464788732	0.02112676056338028	0.014084507042253521	0.028169014084507043	0.035211267605633804	0.028169014084507043	0.014084507042253521	0.02112676056338028	0.028169014084507043	0.028169014084507043	0.02112676056338028	0.056338028169014086	0.04225352112676056	0.014084507042253521	0.04225352112676056	0.035211267605633804	0.035211267605633804	0.04929577464788732	0.056338028169014086
Lambda_29:	0.03546099290780142	0.02127659574468085	0.05673758865248227	0.04964539007092199	0.028368794326241134	0.03546099290780142	0.03546099290780142	0.02127659574468085	0.04964539007092199	0.02127659574468085	0.014184397163120567	0.03546099290780142	0.05673758865248227	0.0425531914893617	0.0425531914893617	0.05673758865248227	0.028368794326241134	0.014184397163120567	0.05673758865248227	0.014184397163120567	0.03546099290780142	0.02127659574468085	0.028368794326241134	0.028368794326241134	0.014184397163120567	0.028368794326241134	0.0425531914893617	0.014184397163120567	0.014184397163120567	0.05673758865248227
q:	2000	2000	7000	4000	1000	5000	3000	6000	4000	3000	1000	9000	8000	6000	4000	7000	4000	7000	6000	2000	4000	3000	7000	1000	2000	7000	5000	3000	4000	5000
