Number of options: 100
Size of codes: 100
21 57 93 98 7 53 23 39 96 33 3 30 63 81 93 36 33 2 12 53 60 32 59 87 61 5 62 71 98 10 75 87 67 96 80 64 42 34 6 29 8 73 38 20 43 4 92 73 26 66 29 38 49 45 62 70 38 58 51 16 35 71 50 34 11 91 19 9 38 62 89 52 83 90 84 92 12 65 75 43 23 53 47 46 15 33 78 57 4 6 36 8 72 82 57 88 33 25 68 80 
Size of probabilities: 100
0.48 0.13 0.02 0.1 0.26 0.11 0.15 0.23 0.15 0.36 0.13 0.15 0.15 0.54 0.04 0.39 0.28 0.04 0.21 0.09 0.03 0.16 0.42 0.24 0.14 0.21 0.09 0.12 0.2 0.38 0.35 0.31 0.1 0.1 0.14 0.1 0.2 0.13 0.08 0.49 0.24 0.01 0.25 0.04 0.46 0.29 0.38 0.03 0.19 0.12 0.35 0.46 0.09 0.04 0.06 0.28 0.27 0.07 0.17 0.22 0.15 0.15 0.4 0.16 0.14 0.3 0.08 0.3 0.28 0.04 0.11 0.53 0.07 0.2 0.09 0.17 0.07 0.17 0.13 0.46 0.09 0.07 0.48 0.31 0.05 0.2 0.22 0.22 0.28 0.07 0.17 0.31 0.14 0.24 0.14 0.12 0.24 0.05 0.44 0.15 
Number of assortments: 20
Sizes of assortments: 5 5 5 5 5 5 5 5 5 5 5 5 5 5 5 5 5 5 5 5 
-------------------Iteration: 1
CPXPARAM_MIP_Display                             1
CPXPARAM_MIP_Strategy_CallbackReducedLP          0
Tried aggregator 1 time.
LP Presolve eliminated 101 rows and 201 columns.
All rows and columns eliminated.
Presolve time = 0.00 sec. (0.04 ticks)
***********************************************************
Objective value of restricted master problem: 32.09
Lamda: 1 
***********************************************************
