Number of options: 100
Size of codes: 100
20 57 69 84 52 60 19 54 20 89 19 96 97 57 2 82 35 11 78 19 12 3 52 23 74 11 69 56 71 12 68 53 11 5 93 40 89 21 99 2 2 3 90 29 68 3 49 75 85 30 33 63 43 42 41 7 75 76 85 0 31 64 86 48 23 88 11 46 43 3 61 37 56 44 19 28 9 48 59 62 91 53 46 38 15 78 89 51 76 7 29 55 26 34 16 40 71 62 86 88 
Size of probabilities: 100
0.14 0.47 0.22 0.07 0.1 0.17 0.33 0.16 0.21 0.13 0.19 0.22 0.09 0.42 0.08 0.33 0.17 0.13 0.15 0.21 0.18 0.15 0.16 0.36 0.14 0.16 0.26 0.25 0.2 0.13 0.38 0.21 0.14 0.09 0.19 0.49 0.09 0.18 0.14 0.1 0.1 0.09 0.32 0.11 0.38 0.07 0.07 0.66 0.14 0.05 0.08 0.04 0.2 0.2 0.47 0.18 0.55 0.06 0.12 0.09 0.24 0.15 0.17 0.24 0.19 0.41 0.17 0.05 0.25 0.11 0.3 0.23 0.2 0.08 0.19 0.08 0.23 0.3 0.18 0.21 0.17 0.27 0.05 0.39 0.12 0.16 0.09 0.35 0.1 0.3 0.08 0.16 0.27 0.17 0.32 0.34 0.13 0.14 0.15 0.24 
Number of assortments: 20
Sizes of assortments: 5 5 5 5 5 5 5 5 5 5 5 5 5 5 5 5 5 5 5 5 
-------------------Iteration: 1
CPXPARAM_MIP_Display                             1
CPXPARAM_MIP_Strategy_CallbackReducedLP          0
Tried aggregator 1 time.
LP Presolve eliminated 101 rows and 201 columns.
All rows and columns eliminated.
Presolve time = 0.00 sec. (0.04 ticks)
***********************************************************
Objective value of restricted master problem: 33.31
Lamda: 1 
***********************************************************
