Number of options: 100
Size of codes: 100
19 87 68 53 23 22 7 17 83 72 49 34 8 48 10 1 29 2 46 34 41 30 80 34 19 25 86 68 52 24 51 8 18 19 55 87 73 52 50 36 12 86 99 33 43 99 85 20 17 53 29 19 8 63 26 16 1 72 64 17 59 90 91 72 4 5 35 65 46 28 8 41 32 29 4 35 15 72 60 52 41 29 96 37 83 29 44 60 14 63 9 91 81 45 61 9 48 84 76 88 
Size of probabilities: 100
0.25 0.05 0.36 0.23 0.11 0.3 0.37 0.11 0.17 0.04 0.08 0.35 0.11 0.34 0.13 0.04 0.13 0.55 0.03 0.24 0.31 0.08 0.09 0.29 0.23 0.09 0.49 0.23 0.13 0.06 0.21 0.06 0.2 0.14 0.39 0.03 0.27 0.12 0.05 0.53 0.07 0.45 0.33 0.08 0.07 0.29 0.34 0.19 0.05 0.12 0.11 0.16 0.06 0.04 0.63 0.49 0.07 0.04 0.29 0.11 0.2 0.57 0.08 0.05 0.1 0.17 0.56 0.19 0.02 0.05 0.1 0.34 0.31 0.18 0.07 0.54 0.26 0.02 0.06 0.11 0.19 0.1 0.16 0.47 0.08 0.27 0.16 0.16 0.31 0.09 0.09 0.04 0.11 0.4 0.35 0.08 0.19 0.03 0.09 0.61 
Number of assortments: 20
Sizes of assortments: 5 5 5 5 5 5 5 5 5 5 5 5 5 5 5 5 5 5 5 5 
-------------------Iteration: 1
CPXPARAM_MIP_Display                             1
CPXPARAM_MIP_Strategy_CallbackReducedLP          0
Tried aggregator 1 time.
LP Presolve eliminated 101 rows and 201 columns.
All rows and columns eliminated.
Presolve time = 0.00 sec. (0.04 ticks)
***********************************************************
Objective value of restricted master problem: 33.78
Lamda: 1 
***********************************************************
