Number of options: 100
Size of codes: 100
65 37 77 61 49 18 54 34 94 55 13 33 98 8 9 44 81 84 15 77 80 4 97 43 67 1 13 52 8 76 70 61 30 42 6 35 69 75 86 70 90 70 41 76 21 94 76 7 62 96 87 85 98 59 58 61 4 93 36 5 25 30 59 16 27 67 34 20 31 4 33 66 35 96 83 53 42 54 21 96 98 77 34 27 78 66 7 27 64 14 2 14 3 60 50 69 61 42 78 43 
Size of probabilities: 100
0.04 0.38 0.1 0.33 0.14 0.13 0.23 0.42 0.06 0.17 0.32 0.31 0.21 0.06 0.1 0.45 0.21 0.1 0.08 0.15 0.06 0.07 0.16 0.26 0.44 0.08 0.3 0.11 0.06 0.45 0.05 0.45 0.03 0.18 0.3 0.18 0.15 0.28 0.35 0.05 0.19 0.06 0.39 0.29 0.07 0.04 0.27 0.09 0.22 0.38 0.07 0.48 0.1 0.04 0.31 0.54 0.04 0.07 0.3 0.05 0.35 0.05 0.08 0.14 0.39 0.28 0.41 0.12 0.14 0.05 0.13 0.25 0.15 0.28 0.19 0.4 0.14 0.13 0.05 0.28 0.14 0.16 0.37 0.27 0.06 0.25 0.07 0.18 0.14 0.36 0.19 0.47 0.03 0.28 0.04 0.16 0.47 0.18 0.05 0.13 
Number of assortments: 20
Sizes of assortments: 5 5 5 5 5 5 5 5 5 5 5 5 5 5 5 5 5 5 5 5 
-------------------Iteration: 1
CPXPARAM_MIP_Display                             1
CPXPARAM_MIP_Strategy_CallbackReducedLP          0
Tried aggregator 1 time.
LP Presolve eliminated 101 rows and 201 columns.
All rows and columns eliminated.
Presolve time = 0.00 sec. (0.04 ticks)
***********************************************************
Objective value of restricted master problem: 34.27
Lamda: 1 
***********************************************************
