Number of options: 100
Size of codes: 100
88 22 38 53 56 2 74 33 19 55 97 81 63 58 88 66 83 29 47 34 10 6 54 73 82 53 44 29 91 43 41 26 11 17 62 65 99 88 51 46 15 58 45 25 68 50 19 58 59 83 10 1 38 74 78 16 56 50 4 85 9 98 94 53 41 44 7 22 95 80 39 95 80 11 48 88 82 31 30 80 31 43 29 37 95 86 61 59 91 54 15 1 37 69 11 14 47 29 24 18 
Size of probabilities: 100
0.46 0.18 0.12 0.16 0.08 0.65 0.04 0.03 0.14 0.14 0.08 0.09 0.02 0.37 0.44 0.61 0.09 0.03 0.05 0.22 0.04 0.17 0.06 0.62 0.12 0.27 0.42 0.08 0.1 0.13 0.28 0.31 0.16 0.08 0.16 0.1 0.53 0.27 0.09 0.01 0.27 0.11 0.53 0.02 0.08 0.03 0.34 0.41 0.05 0.16 0.23 0.07 0.24 0.18 0.28 0.12 0.08 0.03 0.08 0.69 0.08 0.12 0.28 0.18 0.34 0.34 0.18 0.24 0.12 0.13 0.36 0.09 0.11 0.19 0.25 0.39 0.32 0.11 0.1 0.08 0.13 0.07 0.04 0.67 0.08 0.53 0.25 0.04 0.05 0.13 0.45 0.02 0.33 0.13 0.08 0.47 0.1 0.06 0.09 0.29 
Number of assortments: 20
Sizes of assortments: 5 5 5 5 5 5 5 5 5 5 5 5 5 5 5 5 5 5 5 5 
-------------------Iteration: 1
CPXPARAM_MIP_Display                             1
CPXPARAM_MIP_Strategy_CallbackReducedLP          0
Tried aggregator 1 time.
LP Presolve eliminated 101 rows and 201 columns.
All rows and columns eliminated.
Presolve time = 0.00 sec. (0.04 ticks)
***********************************************************
Objective value of restricted master problem: 32.78
Lamda: 1 
***********************************************************
