Number of options: 100
Size of codes: 100
21 66 78 69 95 39 53 44 40 4 68 69 24 81 55 18 45 97 85 35 20 82 47 19 87 2 35 39 83 33 7 29 85 41 93 10 11 83 27 26 67 64 27 44 41 61 82 85 77 78 64 7 53 42 5 38 72 12 0 33 89 95 54 24 7 8 16 91 36 7 81 97 66 40 59 31 0 17 78 21 11 31 75 8 52 46 50 37 98 28 54 67 50 27 53 53 14 97 11 91 
Size of probabilities: 100
0.24 0.05 0.36 0.1 0.25 0.04 0.02 0.02 0.06 0.86 0.12 0.13 0.17 0.38 0.19 0.28 0.03 0.56 0.04 0.09 0.11 0.15 0.52 0.05 0.17 0.07 0.25 0.17 0.14 0.37 0.19 0.64 0.03 0.1 0.03 0.67 0.05 0.05 0.04 0.18 0.17 0.12 0.14 0.08 0.5 0.07 0.22 0.05 0.07 0.59 0.05 0.44 0.05 0.27 0.18 0.35 0.35 0.11 0.04 0.15 0.37 0.28 0.02 0.14 0.19 0.46 0.15 0.22 0.04 0.14 0.29 0.38 0.06 0.06 0.21 0.11 0.01 0.44 0.26 0.17 0.03 0.14 0.05 0.51 0.27 0.33 0.43 0.06 0.13 0.04 0.07 0.11 0.66 0.09 0.07 0.03 0.04 0.51 0.04 0.38 
Number of assortments: 20
Sizes of assortments: 5 5 5 5 5 5 5 5 5 5 5 5 5 5 5 5 5 5 5 5 
-------------------Iteration: 1
CPXPARAM_MIP_Display                             1
CPXPARAM_MIP_Strategy_CallbackReducedLP          0
Tried aggregator 1 time.
LP Presolve eliminated 101 rows and 201 columns.
All rows and columns eliminated.
Presolve time = 0.00 sec. (0.04 ticks)
***********************************************************
Objective value of restricted master problem: 31.88
Lamda: 1 
***********************************************************
