Number of options: 100
Size of codes: 100
76 27 31 17 70 28 77 89 69 56 79 14 25 20 9 68 52 89 92 95 28 81 98 90 49 83 0 17 94 76 36 29 13 65 43 39 46 96 10 28 74 42 62 67 30 50 69 28 96 46 35 52 76 19 34 36 64 51 61 56 56 13 7 68 90 69 8 56 10 16 88 16 50 78 33 75 60 90 68 91 15 63 79 69 36 81 64 96 68 55 21 3 61 57 59 41 50 55 92 47 
Size of probabilities: 100
0.24 0.33 0.28 0.06 0.09 0.36 0.25 0.08 0.2 0.11 0.08 0.47 0.21 0.1 0.14 0.46 0.19 0.09 0.21 0.05 0.29 0.11 0.13 0.3 0.17 0.4 0.19 0.06 0.11 0.25 0.3 0.04 0.43 0.13 0.11 0.54 0.03 0.19 0.06 0.18 0.1 0.2 0.5 0.15 0.04 0.06 0.19 0.34 0.36 0.06 0.2 0.09 0.15 0.33 0.23 0.23 0.13 0.05 0.53 0.05 0.06 0.35 0.15 0.23 0.21 0.27 0.09 0.14 0.16 0.33 0.23 0.34 0.09 0.17 0.18 0.31 0.19 0.22 0.24 0.04 0.28 0.04 0.1 0.18 0.4 0.1 0.18 0.27 0.29 0.17 0.13 0.04 0.56 0.2 0.06 0.64 0.04 0.16 0.13 0.04 
Number of assortments: 20
Sizes of assortments: 5 5 5 5 5 5 5 5 5 5 5 5 5 5 5 5 5 5 5 5 
-------------------Iteration: 1
CPXPARAM_MIP_Display                             1
CPXPARAM_MIP_Strategy_CallbackReducedLP          0
Tried aggregator 1 time.
LP Presolve eliminated 101 rows and 201 columns.
All rows and columns eliminated.
Presolve time = 0.00 sec. (0.04 ticks)
***********************************************************
Objective value of restricted master problem: 30.9
Lamda: 1 
***********************************************************
