Number of options: 100
Size of codes: 100
64 63 78 28 91 8 82 56 21 1 22 61 44 29 76 16 84 24 12 80 35 84 2 87 30 2 4 11 7 9 4 78 84 86 40 28 11 30 25 37 79 10 90 74 86 3 41 68 30 97 46 15 44 83 40 47 49 64 91 98 7 19 22 77 61 37 83 49 7 79 29 18 9 4 27 66 23 36 43 7 25 85 28 38 22 62 44 46 0 25 7 93 5 12 52 57 81 93 47 20 
Size of probabilities: 100
0.11 0.19 0.28 0.13 0.3 0.08 0.08 0.35 0.27 0.22 0.23 0.18 0.11 0.33 0.15 0.49 0.17 0.18 0.11 0.04 0.11 0.34 0.04 0.34 0.16 0.02 0.33 0.06 0.23 0.36 0.39 0.21 0.21 0.12 0.07 0.25 0.18 0.24 0.09 0.23 0.29 0.28 0.12 0.19 0.12 0.18 0.2 0.22 0.08 0.31 0.3 0.08 0.19 0.27 0.16 0.36 0.1 0.09 0.25 0.2 0.37 0.12 0.22 0.12 0.18 0.11 0.14 0.11 0.32 0.32 0.19 0.08 0.34 0.31 0.07 0.07 0.08 0.07 0.58 0.2 0.03 0.09 0.1 0.63 0.15 0.13 0.22 0.34 0.21 0.1 0.29 0.03 0.13 0.14 0.42 0.11 0.5 0.03 0.31 0.05 
Number of assortments: 20
Sizes of assortments: 5 5 5 5 5 5 5 5 5 5 5 5 5 5 5 5 5 5 5 5 
-------------------Iteration: 1
CPXPARAM_MIP_Display                             1
CPXPARAM_MIP_Strategy_CallbackReducedLP          0
Tried aggregator 1 time.
LP Presolve eliminated 101 rows and 201 columns.
All rows and columns eliminated.
Presolve time = 0.00 sec. (0.04 ticks)
***********************************************************
Objective value of restricted master problem: 32.06
Lamda: 1 
***********************************************************
