Number of options: 100
Size of codes: 100
17 16 25 90 27 64 71 89 87 36 81 6 86 93 8 19 5 67 28 68 31 34 79 68 41 35 23 33 11 81 68 66 95 72 99 40 45 80 86 24 55 21 97 35 22 78 54 85 4 29 28 54 29 0 83 57 84 52 11 67 69 29 13 54 7 69 18 99 48 43 53 14 27 58 7 29 32 77 11 5 41 43 88 59 12 85 43 77 70 49 86 20 5 63 29 80 56 50 18 79 
Size of probabilities: 100
0.24 0.32 0.09 0.22 0.14 0.16 0.12 0.11 0.46 0.15 0.6 0.1 0.06 0.05 0.19 0.13 0.08 0.11 0.23 0.45 0.27 0.15 0.14 0.24 0.2 0.09 0.11 0.18 0.08 0.53 0.42 0.13 0.13 0.24 0.09 0.26 0.06 0.12 0.11 0.46 0.11 0.25 0.33 0.09 0.23 0.23 0.2 0.14 0.19 0.25 0.22 0.2 0.25 0.11 0.21 0.24 0.29 0.27 0.12 0.08 0.12 0.23 0.27 0.18 0.2 0.09 0.1 0.06 0.4 0.34 0.17 0.23 0.16 0.23 0.21 0.28 0.37 0.09 0.18 0.08 0.19 0.27 0.04 0.23 0.28 0.11 0.42 0.07 0.27 0.13 0.13 0.09 0.09 0.38 0.3 0.08 0.37 0.28 0.1 0.17 
Number of assortments: 20
Sizes of assortments: 5 5 5 5 5 5 5 5 5 5 5 5 5 5 5 5 5 5 5 5 
-------------------Iteration: 1
CPXPARAM_MIP_Display                             1
CPXPARAM_MIP_Strategy_CallbackReducedLP          0
Tried aggregator 1 time.
LP Presolve eliminated 101 rows and 201 columns.
All rows and columns eliminated.
Presolve time = 0.00 sec. (0.04 ticks)
***********************************************************
Objective value of restricted master problem: 32.54
Lamda: 1 
***********************************************************
