Number of options: 100
Size of codes: 100
33 69 32 6 18 78 62 87 55 47 37 71 18 5 12 37 98 35 76 90 20 42 73 37 93 94 98 11 66 93 70 78 64 83 59 23 96 64 70 83 73 80 64 3 66 4 15 66 26 20 54 92 23 9 77 70 63 90 17 39 72 15 43 22 86 22 92 28 77 69 31 36 46 63 57 88 19 64 62 13 30 91 48 74 56 85 61 67 6 90 86 96 56 2 66 82 0 30 83 32 
Size of probabilities: 100
0.2 0.07 0.5 0.17 0.06 0.1 0.41 0.22 0.17 0.09 0.27 0.12 0.08 0.05 0.48 0.2 0.15 0.1 0.4 0.15 0.12 0.28 0.11 0.33 0.16 0.07 0.15 0.44 0.25 0.09 0.08 0.08 0.26 0.41 0.18 0.33 0.16 0.18 0.05 0.28 0.1 0.04 0.39 0.05 0.41 0.17 0.1 0.42 0.2 0.12 0.28 0.12 0.44 0.1 0.06 0.09 0.11 0.19 0.09 0.52 0.06 0.05 0.2 0.45 0.24 0.55 0.13 0.17 0.07 0.08 0.29 0.24 0.11 0.1 0.25 0.07 0.4 0.17 0.2 0.16 0.09 0.15 0.25 0.11 0.4 0.24 0.27 0.17 0.17 0.14 0.28 0.23 0.18 0.05 0.26 0.09 0.15 0.03 0.31 0.42 
Number of assortments: 20
Sizes of assortments: 5 5 5 5 5 5 5 5 5 5 5 5 5 5 5 5 5 5 5 5 
-------------------Iteration: 1
CPXPARAM_MIP_Display                             1
CPXPARAM_MIP_Strategy_CallbackReducedLP          0
Tried aggregator 1 time.
LP Presolve eliminated 101 rows and 201 columns.
All rows and columns eliminated.
Presolve time = 0.00 sec. (0.04 ticks)
***********************************************************
Objective value of restricted master problem: 33.18
Lamda: 1 
***********************************************************
