Number of options: 100
Size of codes: 100
53 99 28 68 80 73 65 30 66 77 62 1 48 53 95 46 98 99 35 68 80 67 46 15 36 10 70 19 49 16 12 25 76 63 39 59 91 23 40 75 38 3 45 90 74 42 13 60 25 88 47 85 41 99 28 79 76 78 52 20 74 67 79 88 21 33 90 94 80 73 91 64 59 81 97 91 41 16 45 86 21 83 75 88 1 92 33 69 52 12 23 81 28 87 7 18 11 89 50 12 
Size of probabilities: 100
0.03 0.11 0.04 0.19 0.63 0.04 0.43 0.27 0.08 0.18 0.04 0.06 0.26 0.01 0.63 0.25 0.11 0.14 0.25 0.25 0.58 0.02 0.18 0.07 0.15 0.26 0.54 0.03 0.03 0.14 0.2 0.09 0.08 0.49 0.14 0.2 0.3 0.05 0.17 0.27 0.07 0.4 0.02 0.11 0.4 0.23 0.31 0.06 0.06 0.33 0.72 0.08 0.11 0.06 0.03 0.17 0.01 0.44 0.23 0.15 0.57 0.01 0.21 0.1 0.12 0.04 0.2 0.34 0.37 0.05 0.21 0.02 0.14 0.28 0.35 0.36 0.2 0.27 0.07 0.1 0.28 0.05 0.31 0.24 0.13 0.21 0.04 0.29 0.39 0.06 0.05 0.4 0.04 0.14 0.37 0.25 0.03 0.61 0.07 0.04 
Number of assortments: 20
Sizes of assortments: 5 5 5 5 5 5 5 5 5 5 5 5 5 5 5 5 5 5 5 5 
-------------------Iteration: 1
CPXPARAM_MIP_Display                             1
CPXPARAM_MIP_Strategy_CallbackReducedLP          0
Tried aggregator 1 time.
LP Presolve eliminated 101 rows and 201 columns.
All rows and columns eliminated.
Presolve time = 0.01 sec. (0.04 ticks)
***********************************************************
Objective value of restricted master problem: 33.49
Lamda: 1 
***********************************************************
