Number of options: 100
Size of codes: 100
64 66 95 47 71 21 39 80 40 56 19 67 31 45 40 67 99 2 75 15 13 22 64 48 6 56 39 6 74 80 84 60 92 25 74 22 33 99 18 51 91 80 48 25 86 82 37 26 50 72 23 30 57 10 93 91 38 87 65 99 84 32 37 96 18 65 85 36 57 28 83 54 51 34 67 39 10 88 86 70 88 46 49 50 83 88 9 41 64 18 90 61 53 79 94 38 50 94 43 28 
Size of probabilities: 100
0.05 0.15 0.18 0.41 0.21 0.36 0.07 0.1 0.04 0.43 0.14 0.09 0.66 0.04 0.07 0.18 0.1 0.06 0.57 0.1 0.09 0.22 0.03 0.6 0.06 0.39 0.07 0.04 0.42 0.09 0.24 0.04 0.2 0.02 0.49 0.26 0.12 0.04 0.21 0.37 0.25 0.11 0.56 0.02 0.06 0.26 0.06 0.13 0.24 0.31 0.04 0.08 0.22 0.63 0.03 0.26 0.31 0.16 0.23 0.03 0.4 0.11 0.12 0.11 0.25 0.34 0.1 0.13 0.35 0.07 0.11 0.1 0.52 0.16 0.11 0.06 0.47 0.04 0.04 0.39 0.09 0.19 0.12 0.49 0.1 0.05 0.59 0.16 0.03 0.16 0.26 0.15 0.04 0.29 0.26 0.23 0.21 0.13 0.39 0.04 
Number of assortments: 20
Sizes of assortments: 5 5 5 5 5 5 5 5 5 5 5 5 5 5 5 5 5 5 5 5 
-------------------Iteration: 1
CPXPARAM_MIP_Display                             1
CPXPARAM_MIP_Strategy_CallbackReducedLP          0
Tried aggregator 1 time.
LP Presolve eliminated 101 rows and 201 columns.
All rows and columns eliminated.
Presolve time = 0.00 sec. (0.04 ticks)
***********************************************************
Objective value of restricted master problem: 31.56
Lamda: 1 
***********************************************************
