Number of options: 100
Size of codes: 100
41 32 33 78 0 86 48 45 39 50 68 25 45 37 69 65 44 32 70 48 39 98 37 52 90 39 27 40 84 86 16 87 65 17 34 65 43 31 69 90 2 57 70 85 56 29 42 50 20 43 58 12 38 74 36 12 28 36 84 6 38 19 66 78 46 3 98 52 38 58 9 52 61 39 99 98 15 0 51 77 1 41 4 77 94 91 81 1 46 86 99 70 94 69 73 90 34 81 98 64 
Size of probabilities: 100
0.12 0.23 0.18 0.4 0.07 0.06 0.46 0.03 0.11 0.34 0.48 0.08 0.08 0.08 0.28 0.3 0.02 0.06 0.42 0.2 0.1 0.14 0.03 0.44 0.3 0.22 0.11 0.15 0.41 0.11 0.21 0.12 0.36 0.25 0.06 0.33 0.29 0.17 0.05 0.16 0.01 0.11 0.5 0.03 0.35 0.42 0.05 0.15 0.1 0.27 0.14 0.07 0.23 0.41 0.15 0.13 0.11 0.29 0.33 0.14 0.32 0.07 0.09 0.29 0.23 0.26 0.1 0.34 0.19 0.11 0.32 0.45 0.08 0.1 0.04 0.24 0.09 0.07 0.5 0.11 0.19 0.04 0.64 0.04 0.09 0.29 0.18 0.3 0.19 0.05 0.03 0.74 0.11 0.09 0.03 0.4 0.15 0.23 0.18 0.05 
Number of assortments: 20
Sizes of assortments: 5 5 5 5 5 5 5 5 5 5 5 5 5 5 5 5 5 5 5 5 
-------------------Iteration: 1
CPXPARAM_MIP_Display                             1
CPXPARAM_MIP_Strategy_CallbackReducedLP          0
Tried aggregator 1 time.
LP Presolve eliminated 101 rows and 201 columns.
All rows and columns eliminated.
Presolve time = 0.00 sec. (0.04 ticks)
***********************************************************
Objective value of restricted master problem: 34.8
Lamda: 1 
***********************************************************
