Number of options: 100
Size of codes: 100
15 20 40 95 70 10 55 69 19 70 28 4 84 27 78 60 70 68 26 48 27 93 92 50 20 95 73 40 77 3 88 13 43 83 65 22 32 17 54 77 85 39 11 65 81 14 92 79 36 46 36 39 12 30 22 68 76 80 84 47 10 82 45 49 70 88 78 67 13 9 99 1 50 44 36 46 34 49 32 0 99 9 80 35 87 35 76 40 26 5 33 78 45 56 99 36 33 64 26 83 
Size of probabilities: 100
0.37 0.13 0.43 0.04 0.03 0.12 0.27 0.25 0.3 0.06 0.05 0.03 0.02 0.81 0.08 0.06 0.05 0.33 0.36 0.2 0.66 0.15 0.06 0.01 0.11 0.04 0.22 0.41 0.27 0.05 0.35 0.35 0.07 0.07 0.16 0.14 0.19 0.11 0.07 0.49 0.33 0.2 0.17 0.15 0.15 0.13 0.11 0.1 0.65 0.01 0.6 0.16 0.04 0.08 0.11 0.51 0.25 0.08 0.05 0.11 0.1 0.17 0.58 0.09 0.06 0.35 0.14 0.04 0.35 0.12 0.53 0.01 0.01 0.07 0.37 0.03 0.35 0.16 0.36 0.1 0.43 0.05 0.02 0.48 0.02 0.44 0.07 0.29 0.15 0.05 0.02 0.06 0.29 0.08 0.54 0.54 0.04 0.08 0.29 0.05 
Number of assortments: 20
Sizes of assortments: 5 5 5 5 5 5 5 5 5 5 5 5 5 5 5 5 5 5 5 5 
-------------------Iteration: 1
CPXPARAM_MIP_Display                             1
CPXPARAM_MIP_Strategy_CallbackReducedLP          0
Tried aggregator 1 time.
LP Presolve eliminated 101 rows and 201 columns.
All rows and columns eliminated.
Presolve time = 0.00 sec. (0.04 ticks)
***********************************************************
Objective value of restricted master problem: 34.56
Lamda: 1 
***********************************************************
