Number of options: 100
Size of codes: 100
29 74 21 57 71 34 59 70 56 16 50 72 80 52 44 61 45 9 83 32 18 64 88 83 71 85 67 52 18 73 25 55 59 49 10 27 6 81 46 34 6 38 36 1 72 83 30 46 57 18 40 83 8 42 60 38 58 68 32 15 61 44 83 90 7 18 9 70 23 63 24 27 63 42 93 9 40 10 74 82 33 22 70 35 29 70 40 33 86 81 81 28 71 97 79 97 56 53 34 49 
Size of probabilities: 100
0.17 0.12 0.36 0.23 0.12 0.1 0.11 0.08 0.34 0.37 0.12 0.19 0.11 0.51 0.07 0.12 0.04 0.54 0.06 0.23 0.38 0.1 0.14 0.11 0.27 0.15 0.05 0.53 0.2 0.07 0.04 0.18 0.27 0.11 0.4 0.06 0.11 0.57 0.1 0.16 0.12 0.35 0.13 0.2 0.19 0.09 0.09 0.15 0.39 0.28 0.18 0.08 0.3 0.38 0.05 0.33 0.24 0.18 0.2 0.05 0.13 0.08 0.07 0.28 0.45 0.18 0.45 0.13 0.1 0.15 0.29 0.08 0.2 0.34 0.08 0.34 0.09 0.2 0.1 0.27 0.11 0.45 0.15 0.1 0.21 0.13 0.12 0.09 0.11 0.56 0.42 0.05 0.09 0.18 0.26 0.22 0.5 0.07 0.15 0.06 
Number of assortments: 20
Sizes of assortments: 5 5 5 5 5 5 5 5 5 5 5 5 5 5 5 5 5 5 5 5 
-------------------Iteration: 1
CPXPARAM_MIP_Display                             1
CPXPARAM_MIP_Strategy_CallbackReducedLP          0
Tried aggregator 1 time.
LP Presolve eliminated 101 rows and 201 columns.
All rows and columns eliminated.
Presolve time = 0.00 sec. (0.04 ticks)
***********************************************************
Objective value of restricted master problem: 28.95
Lamda: 1 
***********************************************************
