Number of options: 100
Size of codes: 100
26 81 79 2 35 28 2 31 22 68 36 67 27 30 45 85 65 67 68 78 79 27 16 78 10 16 66 72 51 68 56 14 64 86 7 8 92 93 40 16 32 93 80 85 36 23 11 60 10 78 66 92 31 94 78 2 13 32 48 90 63 88 54 95 6 4 77 53 34 74 70 81 95 96 98 24 1 7 8 98 18 95 33 69 11 87 13 88 78 53 54 0 35 17 51 85 11 66 77 29 
Size of probabilities: 100
0.1 0.38 0.14 0.22 0.17 0.62 0.05 0.07 0.13 0.12 0.05 0.82 0.08 0.01 0.04 0.13 0.03 0.69 0.13 0.02 0.14 0.26 0.4 0.07 0.13 0.25 0.19 0.11 0.14 0.32 0.04 0.19 0.64 0.08 0.05 0.11 0.28 0.11 0.21 0.28 0.45 0.1 0.02 0.32 0.11 0.3 0.21 0.45 0.03 0.01 0.26 0.34 0.28 0.06 0.06 0.12 0.26 0.39 0.13 0.1 0.06 0.04 0.74 0.02 0.14 0.06 0.07 0.44 0.39 0.04 0.03 0.16 0.01 0.33 0.46 0.25 0.08 0.1 0.07 0.5 0.05 0.01 0.54 0.03 0.37 0.19 0.26 0.05 0.04 0.46 0.31 0.58 0.03 0.03 0.05 0.25 0.49 0.15 0.06 0.04 
Number of assortments: 20
Sizes of assortments: 5 5 5 5 5 5 5 5 5 5 5 5 5 5 5 5 5 5 5 5 
-------------------Iteration: 1
CPXPARAM_MIP_Display                             1
CPXPARAM_MIP_Strategy_CallbackReducedLP          0
Tried aggregator 1 time.
LP Presolve eliminated 101 rows and 201 columns.
All rows and columns eliminated.
Presolve time = 0.01 sec. (0.04 ticks)
***********************************************************
Objective value of restricted master problem: 32.36
Lamda: 1 
***********************************************************
CPXPARAM_MIP_Display                             1
CPXPARAM_MIP_Strategy_CallbackReducedLP          0
