Number of options: 100
Size of codes: 100
55 15 73 77 93 75 81 47 43 5 97 85 50 40 98 31 22 27 34 17 75 1 30 29 73 61 2 51 98 45 69 26 65 14 15 47 32 65 84 3 36 11 48 72 5 68 4 93 75 77 47 81 2 19 32 17 26 31 80 90 14 48 29 40 39 30 1 85 31 47 72 18 91 66 29 76 94 13 92 72 29 74 65 24 96 74 13 66 62 68 69 38 81 30 28 96 49 81 19 46 
Size of probabilities: 100
0.37 0.13 0.14 0.26 0.11 0.2 0.35 0.12 0.26 0.07 0.35 0.1 0.12 0.19 0.24 0.35 0.15 0.09 0.17 0.24 0.28 0.15 0.14 0.36 0.07 0.28 0.05 0.29 0.32 0.06 0.2 0.19 0.24 0.27 0.09 0.18 0.28 0.2 0.2 0.15 0.32 0.14 0.34 0.14 0.06 0.5 0.21 0.04 0.17 0.08 0.15 0.44 0.05 0.14 0.23 0.26 0.07 0.39 0.04 0.24 0.12 0.33 0.23 0.19 0.13 0.1 0.11 0.11 0.57 0.11 0.16 0.24 0.15 0.15 0.29 0.11 0.09 0.36 0.26 0.18 0.29 0.13 0.14 0.27 0.17 0.09 0.23 0.11 0.12 0.45 0.11 0.33 0.35 0.11 0.1 0.19 0.15 0.43 0.13 0.1 
Number of assortments: 20
Sizes of assortments: 5 5 5 5 5 5 5 5 5 5 5 5 5 5 5 5 5 5 5 5 
-------------------Iteration: 1
CPXPARAM_MIP_Display                             1
CPXPARAM_MIP_Strategy_CallbackReducedLP          0
Tried aggregator 1 time.
LP Presolve eliminated 101 rows and 201 columns.
All rows and columns eliminated.
Presolve time = 0.00 sec. (0.04 ticks)
***********************************************************
Objective value of restricted master problem: 33.23
Lamda: 1 
***********************************************************
