Number of options: 100
Size of codes: 100
50 86 12 69 64 26 21 22 11 77 37 93 48 13 82 30 3 48 89 65 99 92 39 44 22 78 90 93 15 45 41 74 75 57 91 26 76 8 98 93 38 52 97 77 39 66 58 15 55 78 42 19 7 21 67 79 12 63 15 62 18 27 38 78 83 59 69 60 26 24 13 30 58 23 48 78 21 35 18 22 72 11 54 82 99 73 26 0 46 19 8 82 13 34 11 97 35 48 14 12 
Size of probabilities: 100
0.34 0.1 0.31 0.07 0.17 0.09 0.3 0.33 0.22 0.06 0.13 0.07 0.43 0.14 0.23 0.13 0.1 0.41 0.13 0.24 0.04 0.46 0.13 0.14 0.22 0.24 0.37 0.12 0.14 0.13 0.16 0.09 0.12 0.08 0.54 0.06 0.22 0.16 0.52 0.03 0.26 0.26 0.33 0.04 0.12 0.11 0.48 0.08 0.19 0.14 0.51 0.1 0.09 0.16 0.13 0.1 0.34 0.33 0.04 0.18 0.15 0.06 0.43 0.1 0.25 0.48 0.05 0.09 0.04 0.33 0.1 0.1 0.34 0.14 0.32 0.1 0.32 0.08 0.16 0.35 0.38 0.21 0.2 0.15 0.06 0.03 0.08 0.19 0.52 0.18 0.22 0.15 0.09 0.33 0.21 0.35 0.05 0.19 0.1 0.31 
Number of assortments: 20
Sizes of assortments: 5 5 5 5 5 5 5 5 5 5 5 5 5 5 5 5 5 5 5 5 
-------------------Iteration: 1
CPXPARAM_MIP_Display                             1
CPXPARAM_MIP_Strategy_CallbackReducedLP          0
Tried aggregator 1 time.
LP Presolve eliminated 101 rows and 201 columns.
All rows and columns eliminated.
Presolve time = 0.01 sec. (0.04 ticks)
***********************************************************
Objective value of restricted master problem: 32.17
Lamda: 1 
***********************************************************
