Number of options: 100
Size of codes: 100
17 85 73 84 56 16 43 23 52 24 5 40 83 24 35 17 59 49 60 48 21 91 12 49 55 82 14 43 73 41 17 61 0 80 55 92 48 10 5 97 74 55 10 99 16 98 3 34 69 60 56 3 21 40 33 73 23 52 96 38 68 70 52 66 95 34 37 33 77 21 83 2 33 53 3 64 39 77 94 98 96 93 87 10 8 32 71 93 27 53 97 54 87 61 50 46 79 22 27 3 
Size of probabilities: 100
0.35 0.06 0.08 0.1 0.41 0.43 0.19 0.07 0.24 0.08 0.32 0.24 0.08 0.16 0.2 0.31 0.13 0.04 0.02 0.51 0.37 0.17 0.14 0.08 0.23 0.53 0.07 0.18 0.08 0.14 0.5 0.07 0.07 0.19 0.17 0.09 0.39 0.22 0.1 0.21 0.28 0.09 0.26 0.05 0.32 0.11 0.38 0.19 0.28 0.03 0.4 0.25 0.18 0.1 0.07 0.14 0.11 0.4 0.1 0.25 0.32 0.24 0.22 0.09 0.13 0.23 0.1 0.13 0.2 0.34 0.07 0.14 0.15 0.13 0.52 0.09 0.21 0.19 0.38 0.13 0.08 0.06 0.07 0.46 0.33 0.22 0.34 0.09 0.22 0.13 0.54 0.09 0.09 0.08 0.2 0.09 0.38 0.13 0.12 0.28 
Number of assortments: 20
Sizes of assortments: 5 5 5 5 5 5 5 5 5 5 5 5 5 5 5 5 5 5 5 5 
-------------------Iteration: 1
CPXPARAM_MIP_Display                             1
CPXPARAM_MIP_Strategy_CallbackReducedLP          0
Tried aggregator 1 time.
LP Presolve eliminated 101 rows and 201 columns.
All rows and columns eliminated.
Presolve time = 0.00 sec. (0.04 ticks)
***********************************************************
Objective value of restricted master problem: 30.56
Lamda: 1 
***********************************************************
