Number of options: 100
Size of codes: 100
74 12 50 88 94 35 1 0 90 12 46 72 91 48 57 95 66 70 34 21 97 41 46 69 86 63 17 71 8 36 2 68 69 92 47 17 47 8 81 42 59 28 22 92 47 91 95 2 17 33 29 71 24 76 64 44 70 37 11 68 65 71 80 35 59 47 39 73 45 58 33 10 77 87 19 93 16 85 19 77 85 24 2 84 99 98 27 76 75 48 19 61 9 32 91 93 34 73 53 99 
Size of probabilities: 100
0.19 0.18 0.53 0.05 0.05 0.02 0.79 0.04 0.04 0.11 0.25 0.23 0.34 0.13 0.05 0.1 0.03 0.23 0.12 0.52 0.48 0.08 0.38 0.04 0.02 0.35 0.41 0.06 0.12 0.06 0.02 0.2 0.06 0.44 0.27 0.38 0.18 0.11 0.19 0.14 0.32 0.06 0.13 0.3 0.19 0.47 0.06 0.01 0.31 0.13 0.35 0.08 0.45 0.07 0.05 0.07 0.37 0.09 0.19 0.28 0.26 0.1 0.05 0.05 0.54 0.6 0.11 0.04 0.04 0.2 0.19 0.27 0.03 0.45 0.06 0.05 0.58 0.12 0.17 0.08 0.05 0.44 0.02 0.46 0.04 0.47 0.04 0.07 0.08 0.33 0.04 0.05 0.31 0.1 0.49 0.07 0.51 0.06 0.22 0.14 
Number of assortments: 20
Sizes of assortments: 5 5 5 5 5 5 5 5 5 5 5 5 5 5 5 5 5 5 5 5 
-------------------Iteration: 1
CPXPARAM_MIP_Display                             1
CPXPARAM_MIP_Strategy_CallbackReducedLP          0
Tried aggregator 1 time.
LP Presolve eliminated 101 rows and 201 columns.
All rows and columns eliminated.
Presolve time = 0.01 sec. (0.04 ticks)
***********************************************************
Objective value of restricted master problem: 31.97
Lamda: 1 
***********************************************************
