Number of options: 100
Size of codes: 100
82 95 66 0 72 94 68 79 1 75 27 87 53 88 98 96 82 90 65 54 89 17 40 42 71 6 92 58 65 83 45 3 34 30 8 7 18 37 78 41 61 30 34 67 59 11 33 61 98 25 79 59 76 90 28 7 97 23 50 18 38 73 96 97 14 64 54 25 80 62 10 20 60 47 76 25 12 28 66 32 88 52 95 59 38 42 45 34 89 26 4 12 56 87 65 38 40 51 3 12 
Size of probabilities: 100
0.11 0.06 0.17 0.36 0.29 0.06 0.23 0.12 0.32 0.27 0.04 0.32 0.08 0.05 0.52 0.21 0.1 0.21 0.11 0.37 0.03 0.08 0.13 0.71 0.05 0.05 0.43 0.25 0.05 0.22 0.09 0.12 0.58 0.04 0.18 0.29 0.11 0.18 0.13 0.29 0.17 0.02 0.28 0.17 0.35 0.12 0.36 0.09 0.33 0.1 0.07 0.38 0.24 0.13 0.17 0.16 0.21 0.32 0.24 0.06 0.38 0.04 0.16 0.24 0.19 0.18 0.29 0.28 0.06 0.19 0.14 0.07 0.26 0.09 0.44 0.17 0.51 0.13 0.08 0.11 0.07 0.15 0.04 0.4 0.34 0.69 0.03 0.22 0.03 0.03 0.08 0.47 0.1 0.3 0.05 0.24 0.13 0.09 0.05 0.49 
Number of assortments: 20
Sizes of assortments: 5 5 5 5 5 5 5 5 5 5 5 5 5 5 5 5 5 5 5 5 
-------------------Iteration: 1
CPXPARAM_MIP_Display                             1
CPXPARAM_MIP_Strategy_CallbackReducedLP          0
Tried aggregator 1 time.
LP Presolve eliminated 101 rows and 201 columns.
All rows and columns eliminated.
Presolve time = 0.01 sec. (0.04 ticks)
***********************************************************
Objective value of restricted master problem: 32.55
Lamda: 1 
***********************************************************
