Number of options: 100
Size of codes: 100
97 81 45 20 88 11 0 76 93 21 18 70 21 41 84 66 65 89 85 76 58 77 11 78 97 34 70 17 90 13 78 55 93 8 46 92 75 19 11 0 88 95 48 22 68 26 1 6 2 45 43 85 24 63 99 99 81 11 19 98 55 42 68 85 54 4 13 43 51 98 3 30 70 57 38 63 7 69 86 65 92 85 18 83 24 44 63 58 19 88 49 41 55 85 13 34 78 95 36 80 
Size of probabilities: 100
0.06 0.04 0.46 0.14 0.29 0.1 0.02 0.09 0.72 0.06 0.25 0.07 0.19 0.45 0.04 0.63 0.07 0.06 0.14 0.1 0.13 0.51 0.13 0.14 0.09 0.13 0.05 0.08 0.34 0.4 0.1 0.16 0.69 0.03 0.01 0.14 0.39 0.19 0.22 0.05 0.47 0.11 0.16 0.09 0.17 0.16 0.02 0.16 0.35 0.31 0.07 0.13 0.06 0.02 0.73 0.73 0.05 0.1 0.09 0.03 0.36 0.05 0.24 0.27 0.08 0.07 0.52 0.16 0.19 0.07 0.14 0.19 0.04 0.49 0.13 0.04 0.17 0.32 0.33 0.14 0.18 0.35 0.23 0.09 0.15 0.14 0.03 0.16 0.15 0.52 0.04 0.22 0.25 0.19 0.3 0.12 0.18 0.13 0.42 0.15 
Number of assortments: 20
Sizes of assortments: 5 5 5 5 5 5 5 5 5 5 5 5 5 5 5 5 5 5 5 5 
-------------------Iteration: 1
CPXPARAM_MIP_Display                             1
CPXPARAM_MIP_Strategy_CallbackReducedLP          0
Tried aggregator 1 time.
LP Presolve eliminated 101 rows and 201 columns.
All rows and columns eliminated.
Presolve time = 0.02 sec. (0.04 ticks)
***********************************************************
Objective value of restricted master problem: 34.79
Lamda: 1 
***********************************************************
