Number of options: 100
Size of codes: 100
56 16 27 51 55 51 54 48 36 49 21 13 89 75 71 42 53 51 39 23 51 10 87 15 47 76 35 64 37 16 60 81 85 24 64 42 6 11 55 4 19 93 14 69 13 35 68 8 16 77 78 0 45 82 30 48 27 16 10 33 58 61 42 67 94 80 31 78 58 23 7 95 54 64 34 62 23 56 63 4 53 88 11 26 4 42 51 81 12 93 7 12 17 78 30 7 79 89 99 75 
Size of probabilities: 100
0.23 0.36 0.07 0.21 0.12 0.11 0.22 0.27 0.09 0.32 0.43 0.18 0.05 0.27 0.07 0.71 0.05 0.07 0.09 0.08 0.16 0.3 0.4 0.05 0.09 0.27 0.1 0.18 0.19 0.25 0.14 0.29 0.07 0.42 0.08 0.68 0.05 0.16 0.04 0.07 0.28 0.03 0.33 0.08 0.28 0.11 0.36 0.19 0.26 0.08 0.18 0.51 0.08 0.16 0.07 0.17 0.02 0.12 0.13 0.55 0.15 0.12 0.56 0.15 0.02 0.04 0.27 0.14 0.38 0.17 0.26 0.04 0.25 0.16 0.29 0.31 0.2 0.18 0.13 0.18 0.13 0.1 0.45 0.12 0.2 0.55 0.05 0.23 0.15 0.01 0.25 0.37 0.21 0.12 0.05 0.32 0.15 0.06 0.1 0.37 
Number of assortments: 20
Sizes of assortments: 5 5 5 5 5 5 5 5 5 5 5 5 5 5 5 5 5 5 5 5 
-------------------Iteration: 1
CPXPARAM_MIP_Display                             1
CPXPARAM_MIP_Strategy_CallbackReducedLP          0
Tried aggregator 1 time.
LP Presolve eliminated 101 rows and 201 columns.
All rows and columns eliminated.
Presolve time = 0.00 sec. (0.04 ticks)
***********************************************************
Objective value of restricted master problem: 30.07
Lamda: 1 
***********************************************************
