Number of options: 100
Size of codes: 100
33 34 54 42 16 92 52 77 41 5 19 50 88 54 58 28 5 59 32 58 67 6 94 66 7 56 7 82 65 72 83 53 11 80 8 85 57 27 41 67 8 41 58 77 71 51 46 41 74 62 27 54 88 49 57 20 92 11 1 5 95 35 77 63 46 94 27 30 83 28 26 22 99 7 77 56 60 41 6 22 78 6 71 17 94 88 65 62 75 82 97 34 42 22 17 45 84 9 85 92 
Size of probabilities: 100
0.22 0.21 0.35 0.16 0.06 0.18 0.13 0.12 0.52 0.05 0.32 0.05 0.05 0.34 0.24 0.53 0.02 0.07 0.16 0.22 0.55 0.16 0.02 0.19 0.08 0.34 0.21 0.2 0.13 0.12 0.4 0.22 0.35 0.02 0.01 0.31 0.15 0.05 0.23 0.27 0.03 0.41 0.42 0.09 0.05 0.05 0.02 0.2 0.03 0.7 0.05 0.37 0.06 0.35 0.17 0.06 0.13 0.72 0.06 0.03 0.05 0.25 0.29 0.24 0.16 0.01 0.04 0.01 0.44 0.5 0.12 0.41 0.21 0.1 0.15 0.06 0.49 0.23 0.08 0.14 0.11 0.48 0.17 0.18 0.07 0.05 0.02 0.76 0.14 0.03 0.06 0.36 0.27 0.25 0.05 0.08 0.09 0.09 0.59 0.15 
Number of assortments: 20
Sizes of assortments: 5 5 5 5 5 5 5 5 5 5 5 5 5 5 5 5 5 5 5 5 
-------------------Iteration: 1
CPXPARAM_MIP_Display                             1
CPXPARAM_MIP_Strategy_CallbackReducedLP          0
Tried aggregator 1 time.
LP Presolve eliminated 101 rows and 201 columns.
All rows and columns eliminated.
Presolve time = 0.00 sec. (0.04 ticks)
***********************************************************
Objective value of restricted master problem: 33.85
Lamda: 1 
***********************************************************
