Number of options: 100
Size of codes: 100
49 99 41 13 40 36 55 84 72 59 4 50 82 44 12 14 75 8 97 76 78 22 38 44 25 91 59 82 46 32 88 32 93 52 18 58 84 89 37 16 64 94 83 65 3 81 8 58 22 43 61 39 14 17 13 92 32 66 54 1 97 6 23 26 5 59 78 91 12 17 52 29 43 83 99 13 42 50 23 34 80 52 18 97 87 74 53 4 49 30 13 87 91 58 2 95 4 22 41 51 
Size of probabilities: 100
0.2 0.08 0.22 0.19 0.3 0.45 0.18 0.13 0.07 0.18 0.04 0.05 0.12 0.58 0.21 0.4 0.26 0.03 0.08 0.22 0.07 0.16 0.15 0.45 0.18 0.09 0.1 0.2 0.08 0.53 0.14 0.48 0.12 0.15 0.11 0.28 0.06 0.06 0.45 0.14 0.57 0.03 0.28 0.07 0.05 0.32 0.06 0.26 0.27 0.09 0.23 0.26 0.35 0.03 0.14 0.2 0.35 0.12 0.29 0.05 0.15 0.27 0.46 0.1 0.02 0.14 0.2 0.12 0.45 0.1 0.17 0.08 0.12 0.45 0.17 0.15 0.13 0.03 0.24 0.45 0.08 0.26 0.2 0.31 0.15 0.05 0.58 0.05 0.3 0.03 0.35 0.09 0.08 0.32 0.16 0.03 0.06 0.32 0.42 0.18 
Number of assortments: 20
Sizes of assortments: 5 5 5 5 5 5 5 5 5 5 5 5 5 5 5 5 5 5 5 5 
-------------------Iteration: 1
CPXPARAM_MIP_Display                             1
CPXPARAM_MIP_Strategy_CallbackReducedLP          0
Tried aggregator 1 time.
LP Presolve eliminated 101 rows and 201 columns.
All rows and columns eliminated.
Presolve time = 0.01 sec. (0.04 ticks)
***********************************************************
Objective value of restricted master problem: 33.79
Lamda: 1 
***********************************************************
