Number of options: 100
Size of codes: 100
12 26 83 92 64 0 96 58 3 7 1 97 55 54 35 81 83 26 33 56 80 71 17 43 78 55 99 98 62 83 57 0 42 19 36 19 86 70 58 21 34 66 70 50 56 64 19 66 30 20 52 66 23 55 97 5 80 72 15 96 81 98 70 28 85 39 63 86 93 40 14 68 30 0 83 19 55 27 37 91 94 30 86 77 90 59 86 56 6 63 28 32 70 17 9 24 9 87 65 92 
Size of probabilities: 100
0.19 0.07 0.04 0.65 0.04 0.08 0.1 0.12 0.2 0.51 0.36 0.44 0.12 0.04 0.04 0.32 0.04 0.06 0.22 0.36 0.04 0.07 0.2 0.55 0.14 0.24 0.08 0.47 0.14 0.07 0.15 0.09 0.42 0.15 0.19 0.12 0.08 0.28 0.11 0.41 0.15 0.07 0.2 0.22 0.35 0.11 0.27 0.23 0.26 0.13 0.41 0.06 0.05 0.1 0.37 0.19 0.11 0.52 0.05 0.14 0.38 0.29 0.24 0.04 0.05 0.11 0.52 0.12 0.05 0.2 0.12 0.43 0.21 0.14 0.09 0.17 0.25 0.06 0.05 0.48 0.14 0.2 0.13 0.1 0.41 0.21 0.06 0.41 0.04 0.27 0.03 0.11 0.19 0.25 0.42 0.12 0.28 0.15 0.11 0.33 
Number of assortments: 20
Sizes of assortments: 5 5 5 5 5 5 5 5 5 5 5 5 5 5 5 5 5 5 5 5 
-------------------Iteration: 1
CPXPARAM_MIP_Display                             1
CPXPARAM_MIP_Strategy_CallbackReducedLP          0
Tried aggregator 1 time.
LP Presolve eliminated 101 rows and 201 columns.
All rows and columns eliminated.
Presolve time = 0.00 sec. (0.04 ticks)
***********************************************************
Objective value of restricted master problem: 33.15
Lamda: 1 
***********************************************************
