Number of options: 100
Size of codes: 100
72 37 33 22 97 62 58 24 57 52 69 70 28 96 14 66 16 78 86 12 17 73 47 64 93 21 79 24 67 1 10 45 64 24 63 86 12 22 96 18 84 6 85 32 41 52 36 22 4 31 23 68 56 12 35 39 34 37 54 31 63 84 39 95 43 39 45 35 81 70 82 2 39 4 30 71 82 40 2 92 37 51 8 44 91 53 63 70 82 83 70 93 34 31 62 49 50 70 42 31 
Size of probabilities: 100
0.15 0.07 0.11 0.14 0.54 0.05 0.13 0.18 0.2 0.45 0.13 0.67 0.06 0.05 0.08 0.06 0.6 0.19 0.09 0.07 0.51 0.04 0.35 0.07 0.03 0.4 0.32 0.13 0.04 0.12 0.49 0.05 0.06 0.21 0.19 0.16 0.13 0.23 0.08 0.41 0.31 0.15 0.18 0.2 0.16 0.37 0.08 0.09 0.27 0.19 0.09 0.26 0.45 0.08 0.12 0.13 0.27 0.1 0.08 0.43 0.17 0.13 0.07 0.16 0.47 0.08 0.05 0.1 0.23 0.54 0.27 0.03 0.09 0.42 0.18 0.22 0.27 0.14 0.03 0.34 0.06 0.31 0.39 0.03 0.21 0.03 0.18 0.51 0.23 0.06 0.51 0.02 0.16 0.26 0.05 0.04 0.13 0.48 0.1 0.25 
Number of assortments: 20
Sizes of assortments: 5 5 5 5 5 5 5 5 5 5 5 5 5 5 5 5 5 5 5 5 
-------------------Iteration: 1
CPXPARAM_MIP_Display                             1
CPXPARAM_MIP_Strategy_CallbackReducedLP          0
Tried aggregator 1 time.
LP Presolve eliminated 101 rows and 201 columns.
All rows and columns eliminated.
Presolve time = 0.00 sec. (0.04 ticks)
***********************************************************
Objective value of restricted master problem: 32.43
Lamda: 1 
***********************************************************
