Number of options: 100
Size of codes: 100
70 27 84 7 13 39 78 29 64 53 85 26 56 69 87 30 18 17 4 55 52 28 34 48 42 75 26 39 93 83 86 26 42 69 75 29 36 74 85 20 56 68 98 51 67 10 98 72 4 55 97 28 80 17 92 92 46 38 53 8 58 0 83 45 64 68 7 85 53 51 74 39 49 6 96 93 99 54 10 45 37 57 67 10 47 35 74 44 51 72 69 62 74 75 12 25 82 16 83 78 
Size of probabilities: 100
0.02 0.65 0.01 0.13 0.18 0.3 0.21 0.06 0.14 0.28 0.4 0.24 0.05 0.28 0.02 0.13 0.23 0.08 0.09 0.48 0.1 0.11 0.48 0.21 0.11 0.15 0.15 0.11 0.55 0.04 0.22 0.23 0.04 0.28 0.24 0.03 0.37 0.06 0.4 0.13 0.16 0.28 0.17 0.29 0.11 0.16 0.17 0.06 0.1 0.52 0.13 0.16 0.36 0.11 0.23 0.17 0.05 0.19 0.45 0.14 0.19 0.04 0.06 0.63 0.08 0.1 0.17 0.45 0.18 0.11 0.08 0.21 0.04 0.51 0.15 0.38 0.3 0.03 0.03 0.26 0.57 0.23 0.06 0.09 0.05 0.75 0.06 0.08 0.1 0.02 0.38 0.11 0.08 0.33 0.1 0.14 0.32 0.14 0.13 0.27 
Number of assortments: 20
Sizes of assortments: 5 5 5 5 5 5 5 5 5 5 5 5 5 5 5 5 5 5 5 5 
-------------------Iteration: 1
CPXPARAM_MIP_Display                             1
CPXPARAM_MIP_Strategy_CallbackReducedLP          0
Tried aggregator 1 time.
LP Presolve eliminated 101 rows and 201 columns.
All rows and columns eliminated.
Presolve time = 0.01 sec. (0.04 ticks)
***********************************************************
Objective value of restricted master problem: 32.79
Lamda: 1 
***********************************************************
CPXPARAM_MIP_Display                             1
CPXPARAM_MIP_Strategy_CallbackReducedLP          0
