Number of options: 100
Size of codes: 100
58 31 38 59 56 5 23 84 59 87 22 30 91 78 19 81 47 97 92 93 97 51 70 84 55 71 10 56 73 15 36 63 87 88 10 86 56 4 74 43 59 2 25 82 42 71 3 65 31 90 27 66 76 77 95 69 8 61 49 77 7 5 99 85 40 97 52 19 90 50 81 1 41 19 59 40 17 68 19 51 72 87 90 63 92 51 8 83 43 85 17 2 14 48 64 21 62 27 1 69 
Size of probabilities: 100
0.28 0.34 0.18 0.06 0.14 0.44 0.28 0.06 0.1 0.12 0.19 0.1 0.07 0.25 0.4 0.16 0.1 0.06 0.06 0.62 0.07 0.33 0.05 0.03 0.52 0.15 0.06 0.06 0.46 0.27 0.31 0.04 0.05 0.5 0.09 0.5 0.11 0.13 0.09 0.17 0.05 0.48 0.05 0.3 0.12 0.19 0.08 0.11 0.2 0.42 0.36 0.4 0.07 0.14 0.03 0.34 0.05 0.26 0.04 0.3 0.14 0.09 0.33 0.11 0.33 0.05 0.14 0.31 0.48 0.03 0.17 0.05 0.38 0.36 0.05 0.44 0.05 0.12 0.21 0.18 0.05 0.08 0.73 0.06 0.09 0.35 0.09 0.08 0.19 0.3 0.07 0.4 0.27 0.16 0.1 0.05 0.05 0.6 0.03 0.27 
Number of assortments: 20
Sizes of assortments: 5 5 5 5 5 5 5 5 5 5 5 5 5 5 5 5 5 5 5 5 
-------------------Iteration: 1
CPXPARAM_MIP_Display                             1
CPXPARAM_MIP_Strategy_CallbackReducedLP          0
Tried aggregator 1 time.
LP Presolve eliminated 101 rows and 201 columns.
All rows and columns eliminated.
Presolve time = 0.00 sec. (0.04 ticks)
***********************************************************
Objective value of restricted master problem: 32.15
Lamda: 1 
***********************************************************
