Number of options: 100
Size of codes: 100
70 80 19 22 21 25 74 13 70 64 5 9 82 15 40 79 58 36 86 85 65 90 7 38 12 37 28 36 83 88 7 68 10 11 2 16 80 44 63 31 48 72 38 81 43 91 76 71 89 61 59 69 13 67 60 91 98 78 56 29 20 72 6 57 34 30 13 46 86 52 28 81 38 36 19 35 37 0 72 9 43 25 45 50 44 3 1 92 50 15 7 35 52 33 43 74 57 11 3 42 
Size of probabilities: 100
0.11 0.19 0.21 0.25 0.24 0.04 0.23 0.53 0.11 0.09 0.2 0.06 0.24 0.3 0.19 0.24 0.17 0.28 0.2 0.11 0.17 0.55 0.16 0.08 0.04 0.18 0.04 0.35 0.03 0.4 0.25 0.28 0.14 0.12 0.21 0.42 0.24 0.07 0.06 0.21 0.37 0.06 0.18 0.24 0.14 0.08 0.08 0.59 0.11 0.13 0.07 0.52 0.33 0.05 0.03 0.12 0.09 0.44 0.15 0.19 0.39 0.03 0.2 0.26 0.12 0.13 0.39 0.04 0.34 0.1 0.06 0.14 0.1 0.53 0.16 0.41 0.38 0.05 0.05 0.11 0.13 0.04 0.66 0.09 0.07 0.19 0.05 0.18 0.08 0.51 0.27 0.4 0.14 0.07 0.11 0.21 0.37 0.12 0.16 0.13 
Number of assortments: 20
Sizes of assortments: 5 5 5 5 5 5 5 5 5 5 5 5 5 5 5 5 5 5 5 5 
-------------------Iteration: 1
CPXPARAM_MIP_Display                             1
CPXPARAM_MIP_Strategy_CallbackReducedLP          0
Tried aggregator 1 time.
LP Presolve eliminated 101 rows and 201 columns.
All rows and columns eliminated.
Presolve time = 0.01 sec. (0.04 ticks)
***********************************************************
Objective value of restricted master problem: 31.53
Lamda: 1 
***********************************************************
