Number of options: 100
Size of codes: 100
93 18 11 60 82 10 36 75 46 57 98 13 41 32 49 79 56 48 51 38 1 84 42 87 54 80 98 44 51 9 4 60 31 38 61 83 73 69 64 85 78 2 32 27 81 17 95 36 38 79 96 57 77 76 85 93 78 2 26 73 98 72 90 42 13 7 96 4 40 85 83 34 19 15 94 52 38 59 43 6 32 36 99 85 23 36 66 47 68 38 79 57 14 20 36 0 10 35 8 57 
Size of probabilities: 100
0.04 0.21 0.26 0.16 0.32 0.26 0.1 0.08 0.48 0.07 0.41 0.1 0.18 0.1 0.22 0.1 0.19 0.15 0.15 0.41 0.28 0.32 0.15 0.21 0.05 0.05 0.27 0.07 0.16 0.46 0.21 0.07 0.23 0.44 0.05 0.18 0.05 0.24 0.29 0.23 0.23 0.03 0.13 0.06 0.55 0.43 0.06 0.1 0.34 0.08 0.26 0.25 0.13 0.18 0.18 0.07 0.48 0.07 0.32 0.06 0.17 0.54 0.06 0.2 0.04 0.26 0.16 0.4 0.07 0.11 0.15 0.29 0.24 0.05 0.27 0.21 0.21 0.31 0.25 0.02 0.17 0.34 0.08 0.15 0.26 0.14 0.07 0.19 0.13 0.47 0.22 0.17 0.15 0.18 0.27 0.14 0.43 0.07 0.26 0.11 
Number of assortments: 20
Sizes of assortments: 5 5 5 5 5 5 5 5 5 5 5 5 5 5 5 5 5 5 5 5 
-------------------Iteration: 1
CPXPARAM_MIP_Display                             1
CPXPARAM_MIP_Strategy_CallbackReducedLP          0
Tried aggregator 1 time.
LP Presolve eliminated 101 rows and 201 columns.
All rows and columns eliminated.
Presolve time = 0.00 sec. (0.04 ticks)
***********************************************************
Objective value of restricted master problem: 31.52
Lamda: 1 
***********************************************************
