Number of options: 100
Size of codes: 100
46 73 85 50 20 39 86 72 8 30 85 19 38 41 13 33 53 18 69 4 78 12 88 72 79 51 28 60 85 50 56 29 36 10 11 41 31 59 19 99 77 47 26 75 72 15 34 0 86 44 83 8 50 55 48 76 43 37 31 21 7 61 59 78 18 63 66 90 32 2 7 16 32 96 79 7 98 61 96 80 88 64 5 86 85 91 23 35 48 99 62 45 13 70 33 77 24 18 6 47 
Size of probabilities: 100
0.37 0.03 0.07 0.35 0.18 0.05 0.02 0.2 0.61 0.12 0.07 0.06 0.38 0.21 0.27 0.05 0.02 0.16 0.15 0.63 0.41 0.06 0.09 0.21 0.23 0.38 0.09 0.06 0.08 0.38 0.39 0.26 0.07 0.26 0.02 0.24 0.29 0.31 0.07 0.09 0.05 0.5 0.12 0.1 0.23 0.1 0.36 0.22 0.14 0.19 0.02 0.46 0.13 0.06 0.32 0.05 0.25 0.05 0.15 0.49 0.24 0.03 0.14 0.42 0.18 0.56 0.07 0.19 0.14 0.04 0.26 0.35 0.1 0.03 0.26 0.49 0.13 0.07 0.06 0.26 0.28 0.07 0.46 0.08 0.11 0.28 0.04 0.04 0.58 0.05 0.03 0.05 0.15 0.7 0.06 0.06 0.1 0.22 0.05 0.58 
Number of assortments: 20
Sizes of assortments: 5 5 5 5 5 5 5 5 5 5 5 5 5 5 5 5 5 5 5 5 
-------------------Iteration: 1
CPXPARAM_MIP_Display                             1
CPXPARAM_MIP_Strategy_CallbackReducedLP          0
Tried aggregator 1 time.
LP Presolve eliminated 101 rows and 201 columns.
All rows and columns eliminated.
Presolve time = 0.00 sec. (0.04 ticks)
***********************************************************
Objective value of restricted master problem: 29.61
Lamda: 1 
***********************************************************
