Number of options: 100
Size of codes: 100
33 59 13 68 26 24 6 89 85 31 33 23 91 47 83 38 73 96 88 91 60 61 59 96 0 89 31 30 19 67 54 66 28 11 27 19 72 85 86 47 35 61 46 67 95 52 98 14 75 12 71 18 3 54 26 96 17 1 85 66 52 86 30 59 8 36 60 84 70 6 83 29 38 16 24 16 39 18 60 49 88 82 7 51 84 40 80 6 0 96 99 53 15 32 57 96 92 42 35 87 
Size of probabilities: 100
0.26 0.21 0.27 0.16 0.11 0.23 0.24 0.02 0.34 0.17 0.1 0.38 0.02 0.01 0.49 0.12 0.1 0.68 0.06 0.04 0.34 0.1 0.06 0.28 0.22 0.01 0.11 0.01 0.25 0.62 0.28 0.06 0.33 0.3 0.04 0.41 0.03 0.36 0.18 0.02 0.05 0.19 0.04 0.71 0.01 0.05 0.11 0.51 0.1 0.23 0.03 0.03 0.02 0.82 0.1 0.56 0.04 0.05 0.25 0.1 0.17 0.35 0.04 0.32 0.11 0.09 0.64 0.09 0.02 0.17 0.66 0.04 0.1 0.04 0.16 0.03 0.22 0.01 0.51 0.23 0.17 0.15 0.13 0.25 0.3 0.09 0.01 0.13 0.34 0.43 0.05 0.5 0.03 0.31 0.11 0.6 0.12 0.13 0.06 0.1 
Number of assortments: 20
Sizes of assortments: 5 5 5 5 5 5 5 5 5 5 5 5 5 5 5 5 5 5 5 5 
-------------------Iteration: 1
CPXPARAM_MIP_Display                             1
CPXPARAM_MIP_Strategy_CallbackReducedLP          0
Tried aggregator 1 time.
LP Presolve eliminated 101 rows and 201 columns.
All rows and columns eliminated.
Presolve time = 0.00 sec. (0.04 ticks)
***********************************************************
Objective value of restricted master problem: 33.13
Lamda: 1 
***********************************************************
