Number of options: 100
Size of codes: 100
40 56 44 6 26 23 55 44 57 21 9 10 68 44 66 72 38 19 84 54 2 27 28 41 29 91 90 1 76 47 75 18 65 22 99 11 6 39 13 95 48 24 18 93 49 41 1 49 91 77 65 10 21 95 5 35 1 42 2 19 83 16 9 18 59 50 43 2 74 26 69 39 3 90 70 69 40 28 63 44 89 98 67 45 39 57 81 65 93 90 92 50 78 59 70 44 82 90 28 32 
Size of probabilities: 100
0.18 0.03 0.59 0.18 0.03 0.26 0.05 0.55 0.08 0.05 0.05 0.05 0.14 0.64 0.13 0.02 0.09 0.38 0.06 0.44 0.17 0.13 0.39 0.27 0.04 0.1 0.12 0.08 0.64 0.06 0.42 0.05 0.06 0.29 0.17 0.3 0.2 0.26 0.23 0.01 0.22 0.21 0.07 0.14 0.37 0.34 0.12 0.31 0.14 0.09 0.17 0.29 0.35 0.07 0.12 0.16 0.07 0.15 0.12 0.5 0.58 0.18 0.11 0.05 0.09 0.13 0.24 0.39 0.09 0.16 0.14 0.58 0.04 0.17 0.06 0.05 0.17 0.19 0.02 0.57 0.03 0.23 0.27 0.1 0.38 0.31 0.21 0.09 0.16 0.23 0.39 0.14 0.15 0.21 0.11 0.55 0.06 0.06 0.18 0.14 
Number of assortments: 20
Sizes of assortments: 5 5 5 5 5 5 5 5 5 5 5 5 5 5 5 5 5 5 5 5 
-------------------Iteration: 1
CPXPARAM_MIP_Display                             1
CPXPARAM_MIP_Strategy_CallbackReducedLP          0
Tried aggregator 1 time.
LP Presolve eliminated 101 rows and 201 columns.
All rows and columns eliminated.
Presolve time = 0.01 sec. (0.04 ticks)
***********************************************************
Objective value of restricted master problem: 33.45
Lamda: 1 
***********************************************************
