Number of options: 100
Size of codes: 100
29 72 77 39 41 44 91 8 66 75 11 76 28 31 36 63 74 76 31 82 59 29 69 8 25 35 25 27 73 79 81 11 25 73 28 49 5 32 71 79 43 69 5 33 20 62 67 53 21 20 46 10 26 15 76 35 41 53 90 70 20 38 85 75 57 79 22 65 51 78 8 78 46 71 61 40 3 52 98 82 67 9 76 94 44 1 55 69 8 14 76 51 77 62 69 1 81 96 25 53 
Size of probabilities: 100
0.06 0.02 0.09 0.49 0.34 0.43 0.1 0.08 0.15 0.24 0.21 0.25 0.32 0.11 0.11 0.03 0.04 0.55 0.25 0.13 0.13 0.12 0.18 0.12 0.45 0.18 0.35 0.2 0.11 0.16 0.1 0.26 0.19 0.06 0.4 0.25 0.04 0.42 0.12 0.17 0.24 0.22 0.06 0.31 0.16 0.24 0.24 0.44 0.05 0.04 0.05 0.1 0.1 0.09 0.65 0.09 0.26 0.52 0.11 0.02 0.06 0.19 0.42 0.16 0.17 0.21 0.46 0.13 0.12 0.08 0.09 0.06 0.04 0.1 0.71 0.41 0.08 0.07 0.28 0.16 0.3 0.08 0.33 0.03 0.27 0.06 0.08 0.1 0.06 0.7 0.4 0.06 0.09 0.36 0.09 0.04 0.08 0.32 0.14 0.42 
Number of assortments: 20
Sizes of assortments: 5 5 5 5 5 5 5 5 5 5 5 5 5 5 5 5 5 5 5 5 
-------------------Iteration: 1
CPXPARAM_MIP_Display                             1
CPXPARAM_MIP_Strategy_CallbackReducedLP          0
Tried aggregator 1 time.
LP Presolve eliminated 101 rows and 201 columns.
All rows and columns eliminated.
Presolve time = 0.00 sec. (0.04 ticks)
***********************************************************
Objective value of restricted master problem: 34.83
Lamda: 1 
***********************************************************
