Number of options: 100
Size of codes: 100
71 84 32 87 0 98 64 17 82 38 28 39 3 22 27 18 41 62 80 42 73 26 15 97 88 59 34 58 7 25 58 44 5 73 48 10 44 34 17 80 45 39 5 63 67 87 29 7 89 27 33 7 64 14 98 11 14 51 39 71 25 89 54 27 72 37 82 7 43 84 67 80 7 43 4 4 85 3 0 22 15 85 61 69 77 36 55 80 3 25 80 28 30 39 8 34 82 23 10 31 
Size of probabilities: 100
0.14 0.07 0.58 0.06 0.14 0.14 0.45 0.05 0.21 0.15 0.14 0.4 0.03 0.19 0.23 0.13 0.45 0.26 0.03 0.12 0.18 0.18 0.33 0.08 0.24 0.09 0.25 0.35 0.15 0.16 0.31 0.25 0.07 0.24 0.12 0.1 0.4 0.35 0.08 0.06 0.32 0.49 0.05 0.03 0.1 0.08 0.06 0.18 0.08 0.6 0.08 0.12 0.41 0.27 0.13 0.13 0.19 0.1 0.49 0.08 0.15 0.07 0.26 0.47 0.05 0.66 0.16 0.1 0.05 0.04 0.37 0.09 0.3 0.15 0.08 0.03 0.53 0.05 0.1 0.29 0.18 0.27 0.39 0.1 0.07 0.57 0.22 0.03 0.06 0.13 0.03 0.24 0.04 0.65 0.03 0.24 0.23 0.26 0.07 0.19 
Number of assortments: 20
Sizes of assortments: 5 5 5 5 5 5 5 5 5 5 5 5 5 5 5 5 5 5 5 5 
-------------------Iteration: 1
CPXPARAM_MIP_Display                             1
CPXPARAM_MIP_Strategy_CallbackReducedLP          0
Tried aggregator 1 time.
LP Presolve eliminated 101 rows and 201 columns.
All rows and columns eliminated.
Presolve time = 0.00 sec. (0.04 ticks)
***********************************************************
Objective value of restricted master problem: 35.45
Lamda: 1 
***********************************************************
