Number of options: 100
Size of codes: 100
66 11 20 40 80 2 77 82 95 6 52 86 54 64 62 68 80 62 65 1 18 76 95 3 8 41 47 26 3 35 45 73 89 86 78 58 67 40 8 38 24 98 32 14 87 44 57 8 13 26 84 56 70 9 38 86 81 15 55 60 97 41 12 60 20 37 55 15 32 18 72 90 12 49 39 37 25 45 62 15 51 70 34 0 50 58 47 99 52 76 68 90 36 91 41 67 43 28 71 38 
Size of probabilities: 100
0.26 0.13 0.19 0.32 0.1 0.21 0.34 0.14 0.08 0.23 0.16 0.37 0.09 0.17 0.22 0.44 0.13 0.18 0.14 0.1 0.27 0.19 0.18 0.14 0.22 0.27 0.08 0.32 0.05 0.28 0.2 0.16 0.09 0.32 0.23 0.27 0.08 0.42 0.12 0.12 0.16 0.1 0.55 0.12 0.07 0.03 0.35 0.05 0.33 0.24 0.13 0.24 0.2 0.21 0.21 0.27 0.25 0.11 0.31 0.06 0.13 0.45 0.09 0.07 0.26 0.17 0.23 0.09 0.42 0.09 0.05 0.44 0.09 0.13 0.3 0.32 0.06 0.24 0.22 0.16 0.23 0.16 0.47 0.08 0.06 0.29 0.14 0.32 0.14 0.11 0.18 0.18 0.44 0.02 0.18 0.13 0.22 0.21 0.22 0.22 
Number of assortments: 20
Sizes of assortments: 5 5 5 5 5 5 5 5 5 5 5 5 5 5 5 5 5 5 5 5 
-------------------Iteration: 1
CPXPARAM_MIP_Display                             1
CPXPARAM_MIP_Strategy_CallbackReducedLP          0
Tried aggregator 1 time.
LP Presolve eliminated 101 rows and 201 columns.
All rows and columns eliminated.
Presolve time = 0.13 sec. (0.04 ticks)
***********************************************************
Objective value of restricted master problem: 34.21
Lamda: 1 
***********************************************************
CPXPARAM_MIP_Display                             1
CPXPARAM_MIP_Strategy_CallbackReducedLP          0
