Number of options: 100
Size of codes: 100
22 73 74 58 35 14 35 46 13 11 88 19 52 77 34 10 92 86 45 37 51 85 77 8 21 52 10 7 48 58 29 51 37 96 91 14 34 38 46 70 34 70 2 41 63 11 30 19 22 16 64 11 94 76 5 35 24 77 40 26 5 92 9 11 4 66 83 48 33 38 53 18 1 0 86 46 21 24 74 66 76 26 83 6 74 53 68 80 54 76 61 30 57 95 54 4 21 12 48 61 
Size of probabilities: 100
0.25 0.03 0.52 0.14 0.07 0.03 0.03 0.82 0.07 0.05 0.09 0.06 0.63 0.1 0.12 0.35 0.5 0.06 0.04 0.05 0.26 0.04 0.07 0.24 0.39 0.31 0.23 0.23 0.17 0.07 0.21 0.2 0.04 0.04 0.51 0.02 0.04 0.12 0.58 0.23 0.04 0.21 0.01 0.07 0.66 0.11 0.12 0.06 0.27 0.45 0.1 0.2 0.32 0.18 0.2 0.06 0.61 0.1 0.12 0.11 0.04 0.3 0.4 0.05 0.21 0.06 0.1 0.29 0.25 0.29 0.03 0.08 0.76 0.08 0.04 0.48 0.16 0.19 0.15 0.02 0.1 0.13 0.13 0.08 0.56 0.1 0.3 0.21 0.21 0.17 0.08 0.15 0.19 0.42 0.16 0.3 0.34 0.11 0.21 0.04 
Number of assortments: 20
Sizes of assortments: 5 5 5 5 5 5 5 5 5 5 5 5 5 5 5 5 5 5 5 5 
-------------------Iteration: 1
CPXPARAM_MIP_Display                             1
CPXPARAM_MIP_Strategy_CallbackReducedLP          0
Tried aggregator 1 time.
LP Presolve eliminated 101 rows and 201 columns.
All rows and columns eliminated.
Presolve time = 0.00 sec. (0.04 ticks)
***********************************************************
Objective value of restricted master problem: 32.64
Lamda: 1 
***********************************************************
