Number of options: 100
Size of codes: 100
53 56 44 72 46 87 88 89 3 92 33 28 10 46 89 9 64 72 90 8 19 11 42 79 29 3 89 86 56 45 96 27 6 15 86 69 52 24 55 81 12 7 29 71 22 49 93 69 96 1 52 42 84 85 6 76 67 42 74 95 73 57 15 54 65 88 73 5 83 50 97 93 32 30 9 61 4 91 53 84 81 96 21 9 5 47 64 52 5 34 85 32 66 94 46 29 49 9 62 18 
Size of probabilities: 100
0.27 0.27 0.33 0.07 0.07 0.07 0.46 0.13 0.13 0.21 0.32 0.14 0.22 0.08 0.25 0.23 0.17 0.04 0.46 0.11 0.3 0.17 0.12 0.3 0.1 0.11 0.11 0.46 0.15 0.16 0.13 0.2 0.3 0.1 0.27 0.46 0.16 0.09 0.15 0.15 0.1 0.33 0.07 0.19 0.32 0.07 0.22 0.48 0.17 0.07 0.2 0.08 0.04 0.21 0.46 0.35 0.17 0.16 0.15 0.17 0.13 0.34 0.15 0.08 0.31 0.42 0.16 0.14 0.19 0.09 0.11 0.28 0.29 0.08 0.23 0.31 0.18 0.2 0.24 0.07 0.2 0.22 0.22 0.23 0.13 0.17 0.15 0.19 0.11 0.38 0.23 0.28 0.34 0.12 0.04 0.11 0.13 0.34 0.17 0.25 
Number of assortments: 20
Sizes of assortments: 5 5 5 5 5 5 5 5 5 5 5 5 5 5 5 5 5 5 5 5 
-------------------Iteration: 1
CPXPARAM_MIP_Display                             1
CPXPARAM_MIP_Strategy_CallbackReducedLP          0
Tried aggregator 1 time.
LP Presolve eliminated 101 rows and 201 columns.
All rows and columns eliminated.
Presolve time = 0.00 sec. (0.04 ticks)
***********************************************************
Objective value of restricted master problem: 31.96
Lamda: 1 
***********************************************************
