Number of options: 100
Size of codes: 100
86 21 88 66 30 58 44 24 41 76 81 94 46 28 84 20 9 53 67 76 47 30 70 90 92 66 35 88 32 87 0 29 48 84 9 78 84 48 70 34 81 4 21 47 52 97 9 45 28 71 44 2 59 56 12 70 8 72 69 3 68 78 81 2 9 68 61 40 23 89 23 68 43 45 97 96 22 52 40 43 84 7 95 96 27 46 11 12 47 80 85 65 77 75 99 45 84 4 43 6 
Size of probabilities: 100
0.08 0.66 0.08 0.11 0.07 0.18 0.1 0.42 0.19 0.11 0.27 0.03 0.36 0.06 0.28 0.08 0.58 0.07 0.13 0.14 0.12 0.04 0.36 0.16 0.32 0.11 0.1 0.08 0.18 0.53 0.09 0.15 0.18 0.36 0.22 0.09 0.32 0.16 0.29 0.14 0.23 0.18 0.22 0.07 0.29 0.57 0.25 0.02 0.09 0.07 0.04 0.01 0.69 0.17 0.09 0.29 0.21 0.31 0.08 0.11 0.15 0.12 0.44 0.02 0.27 0.27 0.12 0.09 0.23 0.3 0.1 0.12 0.24 0.02 0.51 0.07 0.24 0.43 0.04 0.22 0.51 0.18 0.12 0.11 0.08 0.57 0.09 0.13 0.14 0.07 0.22 0.28 0.17 0.28 0.06 0.02 0.39 0.31 0.24 0.04 
Number of assortments: 20
Sizes of assortments: 5 5 5 5 5 5 5 5 5 5 5 5 5 5 5 5 5 5 5 5 
-------------------Iteration: 1
CPXPARAM_MIP_Display                             1
CPXPARAM_MIP_Strategy_CallbackReducedLP          0
Tried aggregator 1 time.
LP Presolve eliminated 101 rows and 201 columns.
All rows and columns eliminated.
Presolve time = 0.00 sec. (0.04 ticks)
***********************************************************
Objective value of restricted master problem: 31.66
Lamda: 1 
***********************************************************
