Number of options: 100
Size of codes: 100
98 50 66 11 99 75 40 21 55 6 71 45 99 79 23 47 93 48 95 84 6 77 66 60 93 2 27 42 49 41 41 79 47 59 58 5 77 17 74 4 47 3 66 40 1 84 61 41 74 56 9 50 7 77 49 81 86 36 96 29 46 72 15 74 40 56 89 77 86 30 90 67 92 96 4 60 68 17 30 38 65 29 1 94 20 70 41 37 91 81 88 71 96 98 21 3 81 68 76 60 
Size of probabilities: 100
0.1 0.09 0.23 0.2 0.38 0.19 0.44 0.05 0.08 0.23 0.11 0.17 0.34 0.11 0.27 0.07 0.37 0.29 0.13 0.14 0.28 0.2 0.16 0.19 0.16 0.08 0.19 0.14 0.15 0.44 0.54 0.09 0.03 0.07 0.27 0.15 0.48 0.15 0.1 0.12 0.04 0.06 0.2 0.66 0.04 0.04 0.48 0.4 0.03 0.05 0.15 0.1 0.13 0.32 0.3 0.1 0.31 0.25 0.3 0.04 0.05 0.03 0.13 0.05 0.74 0.1 0.06 0.29 0.49 0.05 0.21 0.12 0.18 0.42 0.07 0.33 0.36 0.11 0.05 0.15 0.33 0.16 0.12 0.11 0.28 0.02 0.49 0.34 0.05 0.1 0.24 0.12 0.44 0.1 0.09 0.06 0.13 0.25 0.33 0.23 
Number of assortments: 20
Sizes of assortments: 5 5 5 5 5 5 5 5 5 5 5 5 5 5 5 5 5 5 5 5 
-------------------Iteration: 1
CPXPARAM_MIP_Display                             1
CPXPARAM_MIP_Strategy_CallbackReducedLP          0
Tried aggregator 1 time.
LP Presolve eliminated 101 rows and 201 columns.
All rows and columns eliminated.
Presolve time = 0.00 sec. (0.04 ticks)
***********************************************************
Objective value of restricted master problem: 33.22
Lamda: 1 
***********************************************************
