Number of options: 100
Size of codes: 100
24 63 38 41 46 2 18 96 15 94 60 17 25 33 52 79 21 12 35 88 44 85 75 7 17 97 76 3 46 83 70 19 37 93 26 99 90 29 43 12 32 53 6 5 97 8 71 87 5 39 86 7 88 65 84 38 92 84 91 72 14 96 64 19 88 4 32 75 87 20 53 14 97 79 55 25 88 13 18 30 77 72 5 46 49 0 69 4 7 10 92 65 7 38 73 54 67 5 93 16 
Size of probabilities: 100
0.08 0.18 0.07 0.05 0.61 0.07 0.28 0.31 0.09 0.25 0.09 0.35 0.06 0.21 0.28 0.28 0.39 0.19 0.04 0.09 0.05 0.14 0.2 0.21 0.39 0.25 0.03 0.02 0.68 0.02 0.76 0.1 0.05 0.02 0.06 0.03 0.13 0.44 0.28 0.13 0.1 0.06 0.03 0.04 0.76 0.26 0.12 0.47 0.04 0.11 0.03 0.13 0.05 0.16 0.63 0.08 0.13 0.29 0.3 0.19 0.2 0.26 0.22 0.15 0.17 0.33 0.09 0.15 0.38 0.06 0.06 0.07 0.67 0.17 0.04 0.15 0.16 0.16 0.23 0.3 0.01 0.2 0.01 0.72 0.06 0.12 0.08 0.32 0.15 0.33 0.38 0.2 0.17 0.24 0.01 0.18 0.14 0.07 0.03 0.59 
Number of assortments: 20
Sizes of assortments: 5 5 5 5 5 5 5 5 5 5 5 5 5 5 5 5 5 5 5 5 
-------------------Iteration: 1
CPXPARAM_MIP_Display                             1
CPXPARAM_MIP_Strategy_CallbackReducedLP          0
Tried aggregator 1 time.
LP Presolve eliminated 101 rows and 201 columns.
All rows and columns eliminated.
Presolve time = 0.01 sec. (0.04 ticks)
***********************************************************
Objective value of restricted master problem: 34.83
Lamda: 1 
***********************************************************
