Number of options: 100
Size of codes: 100
22 59 57 41 82 38 15 12 99 94 83 91 68 75 73 5 6 78 68 44 78 86 68 98 41 62 38 7 56 97 33 34 96 74 87 72 56 11 3 94 87 68 77 79 12 29 71 88 16 53 31 1 45 39 96 39 10 94 41 31 50 21 34 59 14 73 76 21 81 13 79 81 91 51 63 47 89 25 56 21 87 66 18 32 56 27 28 49 44 71 77 28 52 95 86 23 24 52 67 27 
Size of probabilities: 100
0.19 0.05 0.23 0.34 0.2 0.05 0.49 0.03 0.37 0.07 0.07 0.01 0.09 0.12 0.7 0.14 0.39 0.15 0.21 0.11 0.1 0.37 0.15 0.04 0.34 0.17 0.24 0.21 0.22 0.16 0.11 0.31 0.35 0.15 0.09 0.07 0.21 0.16 0.25 0.31 0.05 0.15 0.52 0.23 0.06 0.05 0.22 0.5 0.13 0.1 0.09 0.02 0.72 0.07 0.11 0.15 0.06 0.19 0.42 0.18 0.05 0.2 0.34 0.11 0.3 0.67 0.07 0.06 0.04 0.15 0.56 0.16 0.05 0.19 0.04 0.13 0.22 0.09 0.28 0.27 0.04 0.5 0.09 0.28 0.09 0.68 0.06 0.03 0.07 0.16 0.48 0.06 0.04 0.09 0.34 0.07 0.04 0.04 0.05 0.79 
Number of assortments: 20
Sizes of assortments: 5 5 5 5 5 5 5 5 5 5 5 5 5 5 5 5 5 5 5 5 
-------------------Iteration: 1
CPXPARAM_MIP_Display                             1
CPXPARAM_MIP_Strategy_CallbackReducedLP          0
Tried aggregator 1 time.
LP Presolve eliminated 101 rows and 201 columns.
All rows and columns eliminated.
Presolve time = 0.00 sec. (0.04 ticks)
***********************************************************
Objective value of restricted master problem: 33.14
Lamda: 1 
***********************************************************
CPXPARAM_MIP_Display                             1
CPXPARAM_MIP_Strategy_CallbackReducedLP          0
