Number of options: 100
Size of codes: 100
77 76 40 95 47 50 60 66 63 47 83 40 59 71 3 1 14 56 77 93 0 95 71 84 78 17 9 73 64 89 69 91 67 68 58 0 57 36 2 15 44 46 55 20 42 95 72 37 58 60 70 55 94 84 66 99 10 32 82 56 69 35 93 11 73 97 62 87 3 94 41 97 47 77 0 39 14 61 65 37 72 59 18 30 36 25 74 21 24 5 87 58 82 10 54 12 29 42 18 21 
Size of probabilities: 100
0.17 0.08 0.21 0.23 0.31 0.22 0.03 0.15 0.24 0.36 0.04 0.15 0.18 0.41 0.22 0.17 0.1 0.49 0.15 0.09 0.04 0.16 0.37 0.06 0.37 0.29 0.35 0.05 0.06 0.25 0.21 0.12 0.07 0.26 0.34 0.08 0.42 0.29 0.08 0.13 0.05 0.18 0.25 0.41 0.12 0.25 0.21 0.13 0.38 0.03 0.34 0.21 0.24 0.08 0.12 0.06 0.21 0.09 0.42 0.23 0.33 0.29 0.15 0.15 0.09 0.34 0.09 0.08 0.26 0.23 0.25 0.31 0.25 0.14 0.05 0.06 0.1 0.06 0.67 0.11 0.15 0.18 0.36 0.14 0.17 0.06 0.29 0.29 0.13 0.23 0.05 0.19 0.49 0.25 0.03 0.08 0.33 0.07 0.34 0.19 
Number of assortments: 20
Sizes of assortments: 5 5 5 5 5 5 5 5 5 5 5 5 5 5 5 5 5 5 5 5 
-------------------Iteration: 1
CPXPARAM_MIP_Display                             1
CPXPARAM_MIP_Strategy_CallbackReducedLP          0
Tried aggregator 1 time.
LP Presolve eliminated 101 rows and 201 columns.
All rows and columns eliminated.
Presolve time = 0.01 sec. (0.04 ticks)
***********************************************************
Objective value of restricted master problem: 31.62
Lamda: 1 
***********************************************************
