Number of options: 100
Size of codes: 100
33 94 99 97 11 79 36 77 71 32 81 9 35 43 78 24 14 92 81 41 3 84 31 82 15 19 2 35 93 70 64 43 33 48 49 36 4 47 46 92 91 83 9 11 62 75 84 93 32 29 33 43 25 93 89 67 97 45 93 80 66 65 79 6 63 10 57 5 27 93 68 72 33 69 80 53 8 63 39 31 94 18 85 60 37 81 71 78 55 97 33 22 43 92 95 54 92 9 34 5 
Size of probabilities: 100
0.35 0.07 0.02 0.47 0.1 0.4 0.18 0.08 0.15 0.19 0.17 0.32 0.04 0.38 0.09 0.32 0.06 0.37 0.12 0.12 0.04 0.55 0.28 0.12 0.01 0.2 0.04 0.11 0.05 0.59 0.08 0.37 0.33 0.12 0.09 0.05 0.2 0.08 0.24 0.43 0.47 0.09 0.29 0.09 0.06 0.09 0.63 0.02 0.06 0.2 0.4 0.44 0.09 0.02 0.06 0.15 0.72 0.05 0.03 0.05 0.06 0.18 0.22 0.1 0.45 0.4 0.3 0.13 0.12 0.05 0.19 0.36 0.36 0.05 0.03 0.04 0.2 0.31 0.09 0.36 0.2 0.2 0.2 0.24 0.15 0.2 0.07 0.11 0.06 0.56 0.23 0.16 0.25 0.33 0.03 0.06 0.43 0.28 0.19 0.04 
Number of assortments: 20
Sizes of assortments: 5 5 5 5 5 5 5 5 5 5 5 5 5 5 5 5 5 5 5 5 
-------------------Iteration: 1
CPXPARAM_MIP_Display                             1
CPXPARAM_MIP_Strategy_CallbackReducedLP          0
Tried aggregator 1 time.
LP Presolve eliminated 101 rows and 201 columns.
All rows and columns eliminated.
Presolve time = 0.00 sec. (0.04 ticks)
***********************************************************
Objective value of restricted master problem: 33.66
Lamda: 1 
***********************************************************
