Number of options: 100
Size of codes: 100
55 13 37 54 81 33 47 4 25 36 70 48 62 33 81 10 75 22 62 2 97 27 72 6 93 56 26 43 8 68 58 94 54 24 17 46 43 11 99 61 46 3 32 8 43 74 90 58 82 37 52 61 84 37 21 77 69 50 70 6 30 55 54 64 11 28 80 12 94 15 28 26 55 3 92 36 85 74 72 27 6 34 18 1 83 10 48 65 43 0 87 76 9 48 21 74 6 58 65 27 
Size of probabilities: 100
0.34 0.33 0.07 0.05 0.21 0.11 0.18 0.18 0.05 0.48 0.09 0.45 0.07 0.1 0.29 0.28 0.22 0.35 0.09 0.07 0.19 0.3 0.1 0.24 0.17 0.16 0.21 0.12 0.29 0.21 0.25 0.29 0.06 0.13 0.27 0.12 0.21 0.17 0.24 0.25 0.09 0.25 0.16 0.36 0.15 0.09 0.4 0.2 0.24 0.07 0.32 0.18 0.1 0.11 0.29 0.26 0.32 0.11 0.09 0.22 0.2 0.55 0.07 0.06 0.12 0.05 0.15 0.13 0.44 0.22 0.04 0.21 0.45 0.2 0.1 0.41 0.15 0.11 0.08 0.25 0.3 0.24 0.3 0.11 0.05 0.22 0.42 0.22 0.12 0.03 0.07 0.1 0.18 0.42 0.23 0.11 0.19 0.25 0.22 0.24 
Number of assortments: 20
Sizes of assortments: 5 5 5 5 5 5 5 5 5 5 5 5 5 5 5 5 5 5 5 5 
-------------------Iteration: 1
CPXPARAM_MIP_Display                             1
CPXPARAM_MIP_Strategy_CallbackReducedLP          0
Tried aggregator 1 time.
LP Presolve eliminated 101 rows and 201 columns.
All rows and columns eliminated.
Presolve time = 0.00 sec. (0.04 ticks)
***********************************************************
Objective value of restricted master problem: 32.63
Lamda: 1 
***********************************************************
