Number of options: 100
Size of codes: 100
94 72 23 99 93 54 60 65 90 41 45 65 89 23 21 80 1 76 98 31 86 48 13 60 78 63 84 35 29 95 82 24 29 0 31 70 30 52 15 3 67 56 55 82 93 68 28 63 45 21 61 34 8 99 10 33 44 3 38 71 60 71 58 83 92 24 34 10 50 12 93 40 64 55 99 31 77 86 12 88 98 4 96 72 33 99 49 53 31 22 99 53 92 30 6 99 24 96 85 67 
Size of probabilities: 100
0.15 0.13 0.25 0.22 0.26 0.08 0.07 0.23 0.31 0.31 0.14 0.36 0.1 0.14 0.26 0.07 0.22 0.22 0.16 0.34 0.18 0.32 0.25 0.07 0.18 0.15 0.22 0.28 0.21 0.14 0.24 0.17 0.11 0.13 0.34 0.24 0.15 0.25 0.18 0.19 0.18 0.21 0.22 0.24 0.15 0.47 0.17 0.06 0.11 0.19 0.17 0.36 0.18 0.09 0.2 0.19 0.13 0.14 0.45 0.1 0.07 0.09 0.5 0.11 0.22 0.13 0.41 0.23 0.11 0.11 0.14 0.34 0.19 0.21 0.12 0.24 0.28 0.19 0.1 0.19 0.16 0.11 0.4 0.08 0.24 0.08 0.14 0.06 0.2 0.52 0.12 0.1 0.3 0.13 0.35 0.1 0.13 0.3 0.33 0.14 
Number of assortments: 20
Sizes of assortments: 5 5 5 5 5 5 5 5 5 5 5 5 5 5 5 5 5 5 5 5 
-------------------Iteration: 1
CPXPARAM_MIP_Display                             1
CPXPARAM_MIP_Strategy_CallbackReducedLP          0
Tried aggregator 1 time.
LP Presolve eliminated 101 rows and 201 columns.
All rows and columns eliminated.
Presolve time = 0.00 sec. (0.04 ticks)
***********************************************************
Objective value of restricted master problem: 30.34
Lamda: 1 
***********************************************************
