Number of options: 100
Size of codes: 100
62 49 28 47 52 51 61 91 88 54 33 14 13 59 72 6 4 32 79 63 82 31 89 57 72 52 71 98 59 92 90 8 29 6 54 94 6 73 3 36 24 88 79 61 81 72 15 83 98 63 5 39 24 18 34 40 2 46 56 76 18 46 30 33 31 20 43 71 70 4 8 0 74 51 77 85 17 70 42 69 69 28 33 92 9 4 35 27 9 81 54 93 19 38 8 40 7 46 88 93 
Size of probabilities: 100
0.21 0.4 0.33 0.02 0.05 0.11 0.29 0.1 0.03 0.48 0.38 0.22 0.06 0.27 0.05 0.29 0.09 0.34 0.19 0.09 0.18 0.46 0.04 0.21 0.11 0.09 0.03 0.24 0.31 0.33 0.13 0.04 0.04 0.18 0.61 0.08 0.37 0.11 0.12 0.33 0.46 0.03 0.1 0.3 0.12 0.06 0.04 0.6 0.25 0.05 0.02 0.25 0.45 0.03 0.25 0.16 0.05 0.14 0.11 0.54 0.04 0.12 0.04 0.51 0.3 0.08 0.49 0.1 0.17 0.17 0.03 0.79 0.04 0.1 0.03 0.21 0.11 0.06 0.52 0.1 0.05 0.42 0.27 0.21 0.06 0.11 0.24 0.12 0.23 0.29 0.55 0.03 0.18 0.21 0.04 0.3 0.3 0.27 0.07 0.06 
Number of assortments: 20
Sizes of assortments: 5 5 5 5 5 5 5 5 5 5 5 5 5 5 5 5 5 5 5 5 
-------------------Iteration: 1
CPXPARAM_MIP_Display                             1
CPXPARAM_MIP_Strategy_CallbackReducedLP          0
Tried aggregator 1 time.
LP Presolve eliminated 101 rows and 201 columns.
All rows and columns eliminated.
Presolve time = 0.08 sec. (0.04 ticks)
***********************************************************
Objective value of restricted master problem: 32.78
Lamda: 1 
***********************************************************
