Number of options: 100
Size of codes: 100
45 62 19 59 61 6 73 91 70 21 8 56 23 95 20 80 33 83 37 72 30 92 28 35 83 57 13 42 72 8 53 75 18 37 26 28 75 40 73 60 54 86 59 85 28 52 23 3 67 18 56 69 70 21 44 90 79 99 34 12 6 8 59 77 0 15 47 72 16 61 54 72 46 89 69 73 2 75 44 67 71 44 75 28 86 92 66 72 42 54 19 24 85 51 13 69 3 78 28 9 
Size of probabilities: 100
0.03 0.23 0.11 0.44 0.19 0.09 0.04 0.4 0.11 0.36 0.14 0.25 0.5 0.06 0.05 0.02 0.61 0.16 0.06 0.15 0.03 0.58 0.16 0.04 0.2 0.09 0.09 0.59 0.16 0.07 0.28 0.35 0.16 0.14 0.07 0.23 0.28 0.17 0.05 0.26 0.2 0.1 0.4 0.12 0.18 0.25 0.31 0.06 0.29 0.1 0.18 0.11 0.13 0.4 0.19 0.12 0.15 0.06 0.35 0.32 0.11 0.11 0.49 0.08 0.22 0.03 0.07 0.25 0.43 0.22 0.27 0.29 0.2 0.1 0.13 0.05 0.05 0.29 0.22 0.38 0.06 0.23 0.31 0.25 0.15 0.35 0.03 0.11 0.4 0.11 0.08 0.64 0.1 0.08 0.09 0.12 0.07 0.08 0.22 0.51 
Number of assortments: 20
Sizes of assortments: 5 5 5 5 5 5 5 5 5 5 5 5 5 5 5 5 5 5 5 5 
-------------------Iteration: 1
CPXPARAM_MIP_Display                             1
CPXPARAM_MIP_Strategy_CallbackReducedLP          0
Tried aggregator 1 time.
LP Presolve eliminated 101 rows and 201 columns.
All rows and columns eliminated.
Presolve time = 0.00 sec. (0.04 ticks)
***********************************************************
Objective value of restricted master problem: 32.32
Lamda: 1 
***********************************************************
