Number of options: 100
Size of codes: 100
44 70 32 16 94 5 88 55 52 89 66 13 76 52 96 2 69 79 62 95 39 55 58 28 20 64 49 47 54 79 41 11 21 94 55 63 21 8 24 91 86 96 2 4 36 17 8 81 64 83 91 87 37 96 22 30 18 99 16 84 19 81 35 11 99 65 81 41 17 77 7 19 50 1 84 23 57 67 30 90 44 75 1 19 18 69 45 78 62 17 79 99 54 56 37 87 48 0 88 86 
Size of probabilities: 100
0.09 0.29 0.12 0.44 0.05 0.05 0.06 0.12 0.65 0.12 0.05 0.13 0.14 0.51 0.17 0.07 0.19 0.31 0.17 0.26 0.22 0.13 0.4 0.18 0.07 0.14 0.22 0.26 0.19 0.19 0.15 0.2 0.52 0.04 0.09 0.16 0.17 0.04 0.27 0.35 0.18 0.28 0.06 0.27 0.21 0.25 0.1 0.43 0.1 0.13 0.42 0.34 0.03 0.06 0.16 0.02 0.08 0.02 0.23 0.65 0.13 0.56 0.06 0.21 0.04 0.1 0.46 0.13 0.27 0.03 0.08 0.04 0.22 0.29 0.37 0.19 0.26 0.25 0.05 0.25 0.06 0.09 0.66 0.09 0.1 0.14 0.04 0.25 0.13 0.43 0.23 0.05 0.23 0.4 0.09 0.55 0.22 0.14 0.03 0.07 
Number of assortments: 20
Sizes of assortments: 5 5 5 5 5 5 5 5 5 5 5 5 5 5 5 5 5 5 5 5 
-------------------Iteration: 1
CPXPARAM_MIP_Display                             1
CPXPARAM_MIP_Strategy_CallbackReducedLP          0
Tried aggregator 1 time.
LP Presolve eliminated 101 rows and 201 columns.
All rows and columns eliminated.
Presolve time = 0.00 sec. (0.04 ticks)
***********************************************************
Objective value of restricted master problem: 31.81
Lamda: 1 
***********************************************************
