Number of options: 100
Size of codes: 100
32 44 60 66 99 36 46 33 83 74 60 42 53 89 29 56 68 43 10 47 35 72 27 1 79 91 7 80 20 23 25 15 38 37 17 27 1 81 88 15 3 46 0 38 74 64 5 69 73 62 93 85 24 40 73 47 38 4 21 37 42 68 15 89 45 74 18 95 9 20 26 67 97 43 79 29 93 45 20 24 67 97 12 11 91 93 78 83 25 39 64 14 39 30 99 85 65 60 94 80 
Size of probabilities: 100
0.25 0.31 0.14 0.1 0.2 0.38 0.03 0.17 0.34 0.07 0.2 0.11 0.6 0.03 0.06 0.24 0.47 0.1 0.12 0.08 0.41 0.05 0.35 0.07 0.12 0.08 0.15 0.07 0.08 0.63 0.16 0.11 0.15 0.5 0.08 0.34 0.07 0.25 0.19 0.16 0.1 0.08 0.4 0.26 0.16 0.26 0.05 0.08 0.09 0.52 0.05 0.51 0.14 0.24 0.07 0.07 0.17 0.1 0.11 0.56 0.18 0.47 0.14 0.04 0.17 0.22 0.2 0.13 0.27 0.17 0.31 0.31 0.12 0.12 0.13 0.11 0.15 0.21 0.11 0.42 0.15 0.06 0.2 0.53 0.06 0.04 0.03 0.21 0.08 0.64 0.11 0.32 0.45 0.01 0.11 0.67 0.08 0.17 0.03 0.05 
Number of assortments: 20
Sizes of assortments: 5 5 5 5 5 5 5 5 5 5 5 5 5 5 5 5 5 5 5 5 
-------------------Iteration: 1
CPXPARAM_MIP_Display                             1
CPXPARAM_MIP_Strategy_CallbackReducedLP          0
Tried aggregator 1 time.
LP Presolve eliminated 101 rows and 201 columns.
All rows and columns eliminated.
Presolve time = 0.00 sec. (0.04 ticks)
***********************************************************
Objective value of restricted master problem: 32.78
Lamda: 1 
***********************************************************
