Number of options: 100
Size of codes: 100
56 33 90 19 77 68 97 5 19 59 61 96 64 55 14 54 12 19 25 49 52 47 41 36 14 34 87 84 2 7 8 25 61 65 49 4 49 37 72 31 94 81 66 96 49 97 30 64 63 58 90 42 54 83 82 76 22 46 86 60 20 37 85 60 76 69 2 52 24 30 1 25 29 85 97 26 82 15 20 35 55 52 92 11 38 66 62 95 33 49 93 55 6 62 36 9 97 30 79 6 
Size of probabilities: 100
0.36 0.05 0.22 0.05 0.31 0.12 0.24 0.46 0.06 0.12 0.1 0.1 0.06 0.65 0.1 0.14 0.21 0.34 0.1 0.22 0.39 0.39 0.06 0.11 0.05 0.08 0.06 0.12 0.05 0.69 0.58 0.01 0.04 0.34 0.03 0.5 0.05 0.07 0.21 0.17 0.61 0.16 0.13 0.06 0.04 0.2 0.59 0.03 0.1 0.08 0.3 0.08 0.03 0.05 0.55 0.12 0.46 0.2 0.18 0.04 0.6 0.11 0.17 0.03 0.09 0.29 0.02 0.24 0.07 0.38 0.17 0.02 0.45 0.11 0.26 0.19 0.38 0.07 0.27 0.09 0.3 0.38 0.16 0.02 0.13 0.09 0.03 0.8 0.05 0.03 0.08 0.5 0.18 0.05 0.18 0.11 0.13 0.38 0.31 0.07 
Number of assortments: 20
Sizes of assortments: 5 5 5 5 5 5 5 5 5 5 5 5 5 5 5 5 5 5 5 5 
-------------------Iteration: 1
CPXPARAM_MIP_Display                             1
CPXPARAM_MIP_Strategy_CallbackReducedLP          0
Tried aggregator 1 time.
LP Presolve eliminated 101 rows and 201 columns.
All rows and columns eliminated.
Presolve time = 0.00 sec. (0.04 ticks)
***********************************************************
Objective value of restricted master problem: 31.31
Lamda: 1 
***********************************************************
