Number of options: 100
Size of codes: 100
33 27 71 42 96 49 37 8 34 89 23 98 61 71 60 27 6 37 95 47 1 24 4 66 55 5 6 89 44 98 59 54 25 18 48 46 63 50 62 3 97 19 46 40 47 81 23 11 90 93 14 94 3 88 89 59 90 74 23 11 68 94 80 69 49 41 31 81 85 71 23 3 4 57 22 49 7 72 43 93 20 99 4 11 66 49 56 77 40 80 0 11 88 3 21 98 3 5 76 90 
Size of probabilities: 100
0.05 0.17 0.64 0.08 0.06 0.03 0.04 0.48 0.05 0.4 0.05 0.09 0.09 0.74 0.03 0.1 0.06 0.03 0.61 0.2 0.1 0.06 0.23 0.19 0.42 0.57 0.06 0.3 0.01 0.05 0.1 0.05 0.03 0.55 0.28 0.04 0.09 0.06 0.04 0.78 0.25 0.12 0.05 0.18 0.4 0.29 0.06 0.08 0.46 0.12 0.03 0.31 0.34 0.14 0.18 0.09 0.34 0.46 0.04 0.06 0.09 0.29 0.41 0.2 0.01 0.11 0.2 0.15 0.05 0.49 0.03 0.54 0.15 0.19 0.08 0.06 0.5 0.1 0.22 0.13 0.43 0.13 0.21 0.05 0.17 0.02 0.14 0.23 0.07 0.54 0.02 0.04 0.26 0.6 0.08 0.04 0.39 0.4 0.03 0.15 
Number of assortments: 20
Sizes of assortments: 5 5 5 5 5 5 5 5 5 5 5 5 5 5 5 5 5 5 5 5 
-------------------Iteration: 1
CPXPARAM_MIP_Display                             1
CPXPARAM_MIP_Strategy_CallbackReducedLP          0
Tried aggregator 1 time.
LP Presolve eliminated 101 rows and 201 columns.
All rows and columns eliminated.
Presolve time = 0.01 sec. (0.04 ticks)
***********************************************************
Objective value of restricted master problem: 29.41
Lamda: 1 
***********************************************************
