Number of options: 100
Size of codes: 100
1 4 11 78 95 26 58 49 62 54 75 7 74 50 11 15 76 59 66 53 25 23 87 80 47 65 48 60 80 18 18 6 62 86 33 79 48 5 55 49 0 13 89 35 49 19 5 51 90 83 4 63 70 0 21 86 72 49 60 34 56 19 31 69 20 85 88 70 83 41 64 40 53 17 63 45 49 68 17 75 69 34 14 82 46 28 88 22 21 93 72 40 69 71 81 24 56 72 80 14 
Size of probabilities: 100
0.06 0.22 0.03 0.26 0.44 0.41 0.37 0.1 0.08 0.05 0.12 0.43 0.36 0.05 0.04 0.14 0.07 0.27 0.41 0.1 0.01 0.01 0.01 0.7 0.26 0.13 0.06 0.01 0.54 0.27 0.8 0.07 0.03 0.07 0.04 0.16 0.1 0.49 0.23 0.02 0.03 0.13 0.69 0.1 0.05 0.04 0.56 0.17 0.22 0.01 0.42 0.09 0.27 0.03 0.19 0.18 0.39 0.09 0.07 0.26 0.16 0.05 0.09 0.32 0.38 0.13 0.3 0.33 0.03 0.21 0.04 0.2 0.06 0.58 0.12 0.17 0.05 0.16 0.46 0.17 0.43 0.1 0.07 0.36 0.04 0.04 0.34 0.19 0.26 0.17 0.1 0.08 0.28 0.47 0.07 0.03 0.09 0.07 0.77 0.03 
Number of assortments: 20
Sizes of assortments: 5 5 5 5 5 5 5 5 5 5 5 5 5 5 5 5 5 5 5 5 
-------------------Iteration: 1
CPXPARAM_MIP_Display                             1
CPXPARAM_MIP_Strategy_CallbackReducedLP          0
Tried aggregator 1 time.
LP Presolve eliminated 101 rows and 201 columns.
All rows and columns eliminated.
Presolve time = 0.01 sec. (0.04 ticks)
***********************************************************
Objective value of restricted master problem: 31.01
Lamda: 1 
***********************************************************
