#Number of options
10

#Assortments data
6 1 7 3 2
0.17 0.5 0.11 0.12 0.11
9 2 5 6 8
0.21 0.24 0.06 0.38 0.11
2 6 7 5 3
0.2 0.32 0.2 0.05 0.24
2 3 5 1 7
0.12 0.14 0.03 0.58 0.12
3 8 2 1 5
0.16 0.06 0.13 0.62 0.03
9 0 7 8 3
0.14 0.44 0.16 0.07 0.19
3 6 4 7 2
0.18 0.24 0.28 0.15 0.15
1 6 7 2 3
0.5 0.17 0.11 0.11 0.12
2 5 8 9 0
0.19 0.04 0.08 0.16 0.52
8 9 2 1 7
0.05 0.11 0.12 0.59 0.13
2 8 1 6 7
0.11 0.05 0.54 0.18 0.12
4 3 7 0 8
0.26 0.16 0.14 0.38 0.06
5 0 9 4 8
0.04 0.45 0.14 0.3 0.07
8 5 3 0 7
0.08 0.04 0.21 0.49 0.18
7 2 4 8 9
0.19 0.19 0.36 0.08 0.17
6 5 3 4 2
0.27 0.04 0.2 0.32 0.17
0 2 7 3 9
0.41 0.15 0.15 0.17 0.13
1 2 5 0 4
0.44 0.09 0.02 0.26 0.18
8 1 4 6 2
0.05 0.49 0.2 0.16 0.1
2 7 8 5 4
0.22 0.22 0.1 0.05 0.41
