#Number of options
10

#Assortments data
6 0 2 4 7
0.03 0.13 0.04 0.06 0.74
9 4 3 6 8
0.63 0.06 0.21 0.03 0.06
0 7 5 6 4
0.12 0.71 0.09 0.03 0.05
0 3 5 2 1
0.2 0.32 0.15 0.07 0.26
0 5 8 3 9
0.12 0.09 0.05 0.19 0.55
8 1 4 5 3
0.1 0.29 0.1 0.17 0.35
4 5 3 0 1
0.09 0.15 0.31 0.2 0.26
0 9 1 4 8
0.13 0.59 0.17 0.06 0.05
1 8 3 4 6
0.32 0.11 0.39 0.11 0.06
2 1 8 6 5
0.11 0.42 0.14 0.08 0.25
7 0 3 1 2
0.58 0.1 0.15 0.13 0.03
9 3 2 7 6
0.37 0.12 0.03 0.46 0.02
2 1 8 4 9
0.05 0.18 0.06 0.06 0.65
5 4 0 6 8
0.26 0.16 0.34 0.09 0.15
7 9 0 2 6
0.49 0.38 0.08 0.03 0.02
6 4 7 1 9
0.02 0.04 0.47 0.1 0.37
6 2 1 7 0
0.03 0.04 0.15 0.67 0.11
5 4 6 9 7
0.06 0.04 0.02 0.39 0.49
6 9 4 2 7
0.02 0.4 0.04 0.03 0.51
8 3 2 4 0
0.11 0.41 0.09 0.12 0.26
