#Number of options
10

#Assortments data
6 0 4 2 1
0.11 0.35 0.28 0.12 0.14
3 6 7 1 8
0.1 0.3 0.17 0.38 0.06
9 7 6 5 0
0.07 0.1 0.18 0.04 0.6
2 5 6 8 1
0.29 0.06 0.26 0.05 0.33
0 8 4 1 3
0.42 0.03 0.34 0.17 0.04
5 6 0 3 2
0.04 0.17 0.55 0.05 0.19
5 8 1 3 4
0.05 0.04 0.27 0.07 0.57
1 3 9 0 4
0.16 0.04 0.05 0.42 0.33
1 2 0 6 7
0.18 0.16 0.45 0.14 0.08
1 0 3 4 2
0.15 0.38 0.04 0.31 0.13
4 8 1 0 2
0.31 0.02 0.15 0.38 0.13
5 6 7 9 4
0.04 0.21 0.12 0.08 0.55
8 0 9 5 2
0.04 0.63 0.07 0.04 0.22
1 8 2 0 3
0.21 0.03 0.18 0.53 0.05
3 8 6 1 7
0.1 0.06 0.3 0.38 0.17
9 2 6 5 1
0.1 0.28 0.25 0.05 0.32
6 7 1 5 8
0.3 0.17 0.39 0.07 0.06
8 7 0 4 2
0.03 0.07 0.42 0.34 0.14
7 1 4 6 8
0.1 0.22 0.46 0.18 0.04
7 2 6 4 5
0.1 0.2 0.18 0.48 0.04
