#Number of options
10

#Assortments data
2 3 6 0 4
0.06 0.45 0.12 0.23 0.14
6 1 5 3 9
0.08 0.09 0.05 0.3 0.47
0 4 3 7 2
0.1 0.06 0.19 0.62 0.03
0 1 9 8 4
0.17 0.1 0.52 0.1 0.11
9 8 4 3 2
0.47 0.09 0.1 0.3 0.04
1 2 8 6 9
0.12 0.06 0.11 0.1 0.61
0 5 8 1 4
0.32 0.11 0.18 0.2 0.2
7 5 4 0 3
0.62 0.03 0.06 0.1 0.19
1 6 8 5 2
0.27 0.22 0.25 0.14 0.12
3 2 6 5 7
0.21 0.03 0.05 0.04 0.67
3 2 1 0 4
0.44 0.06 0.14 0.22 0.14
5 8 0 7 3
0.03 0.06 0.1 0.62 0.19
0 6 9 5 4
0.18 0.09 0.56 0.06 0.11
7 1 5 8 0
0.71 0.07 0.04 0.07 0.11
9 2 4 6 1
0.6 0.06 0.12 0.1 0.12
5 4 1 7 9
0.03 0.06 0.06 0.58 0.28
5 2 8 9 1
0.07 0.06 0.12 0.63 0.13
0 5 7 9 6
0.09 0.03 0.56 0.27 0.04
9 2 6 0 3
0.45 0.04 0.07 0.15 0.29
9 1 2 7 5
0.29 0.06 0.03 0.59 0.03
