#Number of options
10

#Assortments data
3 0 8 9 6
0.08 0.48 0.07 0.13 0.24
2 9 1 0 4
0.13 0.07 0.24 0.26 0.3
0 6 7 4 1
0.26 0.13 0.06 0.3 0.24
2 4 6 3 9
0.19 0.45 0.2 0.07 0.1
8 9 2 3 4
0.06 0.12 0.22 0.08 0.52
4 9 2 1 5
0.39 0.09 0.16 0.31 0.04
3 6 2 5 7
0.11 0.33 0.32 0.08 0.16
3 2 5 1 6
0.08 0.22 0.06 0.42 0.23
1 3 7 5 8
0.58 0.11 0.15 0.08 0.09
6 8 0 9 7
0.24 0.06 0.46 0.12 0.11
4 0 1 7 3
0.33 0.28 0.26 0.07 0.05
4 8 9 2 5
0.54 0.06 0.12 0.22 0.06
7 9 0 5 6
0.12 0.12 0.47 0.06 0.24
8 4 0 9 5
0.05 0.43 0.37 0.1 0.05
7 0 4 5 9
0.09 0.36 0.42 0.04 0.09
8 3 2 9 1
0.07 0.09 0.25 0.13 0.47
5 9 3 0 8
0.07 0.16 0.1 0.59 0.08
8 6 4 1 0
0.04 0.14 0.31 0.25 0.27
5 4 1 9 8
0.05 0.45 0.35 0.1 0.05
0 2 9 7 4
0.32 0.15 0.08 0.08 0.37
1 5 8 9 7
0.55 0.07 0.08 0.16 0.15
2 8 6 4 5
0.2 0.06 0.21 0.48 0.05
6 1 3 7 4
0.17 0.31 0.06 0.08 0.39
4 8 9 0 5
0.43 0.05 0.1 0.37 0.05
3 1 9 6 4
0.06 0.31 0.09 0.17 0.38
9 0 3 8 5
0.16 0.59 0.1 0.08 0.07
2 4 0 1 9
0.13 0.3 0.26 0.24 0.07
4 7 2 8 5
0.54 0.11 0.23 0.06 0.06
1 6 3 2 5
0.42 0.23 0.08 0.22 0.06
7 9 0 3 8
0.14 0.15 0.55 0.09 0.08
7 5 9 8 2
0.2 0.1 0.21 0.11 0.39
9 6 4 0 5
0.09 0.17 0.38 0.33 0.04
2 8 7 1 9
0.24 0.07 0.12 0.45 0.13
1 0 6 3 9
0.32 0.35 0.18 0.06 0.09
4 0 5 7 9
0.42 0.36 0.04 0.09 0.09
7 6 4 9 0
0.08 0.16 0.37 0.08 0.31
4 3 2 8 6
0.47 0.07 0.2 0.06 0.21
0 6 8 9 4
0.32 0.17 0.04 0.09 0.38
9 1 6 5 2
0.11 0.4 0.22 0.05 0.21
5 7 4 0 2
0.04 0.08 0.39 0.33 0.16
2 6 0 1 7
0.15 0.16 0.31 0.29 0.08
2 5 1 9 8
0.25 0.06 0.48 0.14 0.07
5 4 7 2 8
0.06 0.54 0.11 0.23 0.06
7 3 9 8 2
0.19 0.13 0.2 0.1 0.37
7 1 0 3 2
0.09 0.33 0.35 0.06 0.17
6 3 7 8 1
0.26 0.08 0.12 0.07 0.47
3 0 2 9 6
0.07 0.41 0.2 0.11 0.21
7 8 6 9 2
0.15 0.08 0.31 0.16 0.3
7 0 3 2 8
0.12 0.49 0.08 0.24 0.07
9 0 3 5 1
0.11 0.4 0.07 0.05 0.37
