#Number of options
10

#Assortments data
0 2 1 4 7
0.19 0.16 0.15 0.34 0.16
9 7 3 4 1
0.23 0.18 0.06 0.37 0.16
4 7 8 0 1
0.12 0.06 0.7 0.07 0.05
9 7 8 5 3
0.05 0.04 0.45 0.45 0.01
8 2 9 1 0
0.74 0.06 0.08 0.05 0.07
0 7 3 2 8
0.08 0.06 0.02 0.06 0.78
3 2 4 8 9
0.02 0.06 0.12 0.72 0.08
2 4 7 3 9
0.17 0.36 0.18 0.06 0.23
0 8 5 3 6
0.05 0.46 0.46 0.01 0.02
8 2 3 5 1
0.46 0.04 0.01 0.46 0.03
6 9 3 0 5
0.04 0.08 0.02 0.08 0.78
2 6 1 4 9
0.17 0.1 0.15 0.35 0.22
9 0 2 1 3
0.28 0.25 0.21 0.19 0.07
2 1 4 8 3
0.06 0.06 0.13 0.74 0.02
2 5 3 8 6
0.04 0.46 0.01 0.46 0.02
8 4 5 6 7
0.43 0.07 0.44 0.02 0.04
9 8 5 6 1
0.05 0.45 0.45 0.02 0.03
9 8 0 1 7
0.08 0.74 0.07 0.05 0.06
0 2 5 9 1
0.07 0.06 0.74 0.08 0.05
1 0 8 5 2
0.03 0.04 0.44 0.44 0.04
0 8 1 4 7
0.07 0.7 0.05 0.12 0.06
9 4 8 6 2
0.08 0.12 0.71 0.04 0.06
4 0 9 7 6
0.33 0.19 0.21 0.16 0.1
8 3 2 4 0
0.73 0.02 0.06 0.12 0.07
5 2 4 9 3
0.72 0.06 0.12 0.08 0.02
7 3 5 4 8
0.04 0.01 0.44 0.07 0.44
3 7 2 5 1
0.02 0.06 0.06 0.79 0.06
9 0 1 7 3
0.27 0.25 0.19 0.21 0.07
9 0 2 6 1
0.26 0.24 0.2 0.12 0.18
2 9 0 4 3
0.17 0.22 0.2 0.35 0.05
1 0 6 5 8
0.03 0.04 0.02 0.45 0.45
9 4 5 0 1
0.07 0.12 0.69 0.07 0.05
7 2 5 6 3
0.07 0.07 0.81 0.04 0.02
3 4 1 2 0
0.06 0.38 0.17 0.18 0.22
3 4 2 1 7
0.06 0.39 0.19 0.17 0.19
0 5 3 7 4
0.07 0.73 0.02 0.06 0.12
2 8 7 0 3
0.06 0.78 0.06 0.08 0.02
7 4 9 8 3
0.06 0.12 0.08 0.72 0.02
2 1 5 4 8
0.03 0.03 0.43 0.07 0.43
0 5 4 2 1
0.07 0.7 0.12 0.06 0.05
4 1 2 7 0
0.34 0.15 0.16 0.16 0.19
7 1 8 4 0
0.06 0.05 0.7 0.12 0.07
1 4 7 6 5
0.05 0.12 0.06 0.04 0.73
5 3 7 0 8
0.45 0.01 0.04 0.04 0.45
7 1 6 2 4
0.18 0.16 0.11 0.18 0.37
4 6 5 0 1
0.12 0.04 0.72 0.07 0.05
5 7 0 9 6
0.75 0.06 0.07 0.08 0.04
3 4 7 0 2
0.06 0.37 0.18 0.21 0.18
9 5 7 3 1
0.08 0.78 0.06 0.02 0.06
8 5 6 0 3
0.46 0.46 0.02 0.05 0.01
