#Number of options
10

#Assortments data
3 5 4 1 7
0.08 0.04 0.34 0.46 0.07
0 8 9 7 5
0.74 0.09 0.05 0.08 0.05
2 1 8 4 0
0.45 0.16 0.03 0.12 0.24
5 8 1 7 4
0.04 0.08 0.46 0.07 0.34
6 0 5 3 8
0.44 0.43 0.03 0.05 0.05
5 3 7 8 4
0.07 0.13 0.12 0.13 0.55
9 1 7 2 5
0.03 0.24 0.04 0.67 0.02
0 1 4 3 7
0.42 0.28 0.21 0.05 0.04
9 1 6 7 2
0.02 0.18 0.28 0.03 0.49
4 0 7 2 3
0.14 0.28 0.03 0.52 0.03
3 2 7 9 1
0.04 0.65 0.04 0.03 0.24
6 7 8 3 5
0.72 0.07 0.08 0.08 0.04
6 2 4 8 0
0.23 0.41 0.11 0.03 0.22
4 9 8 6 1
0.21 0.03 0.05 0.43 0.28
3 6 0 5 7
0.05 0.44 0.43 0.03 0.05
4 6 5 9 2
0.14 0.29 0.02 0.02 0.53
3 2 0 5 6
0.03 0.45 0.25 0.02 0.25
2 4 7 1 8
0.57 0.15 0.03 0.21 0.04
9 3 0 8 6
0.03 0.05 0.43 0.05 0.44
9 6 0 1 7
0.02 0.36 0.35 0.23 0.04
3 6 4 7 5
0.07 0.57 0.27 0.06 0.03
7 9 4 6 3
0.06 0.04 0.27 0.56 0.07
8 3 9 6 7
0.08 0.08 0.05 0.71 0.07
3 2 4 7 1
0.04 0.57 0.15 0.03 0.21
0 8 1 7 3
0.49 0.06 0.33 0.05 0.06
8 6 1 3 9
0.06 0.51 0.33 0.06 0.04
7 0 4 8 9
0.06 0.56 0.28 0.07 0.04
1 5 4 2 0
0.17 0.02 0.12 0.45 0.24
4 9 7 5 8
0.58 0.08 0.12 0.07 0.14
9 3 1 2 0
0.02 0.03 0.18 0.5 0.27
4 0 6 9 1
0.15 0.3 0.31 0.02 0.21
4 5 7 0 9
0.29 0.04 0.06 0.57 0.04
0 2 7 3 4
0.28 0.52 0.03 0.03 0.14
0 2 6 4 5
0.23 0.42 0.23 0.11 0.01
6 2 3 8 0
0.25 0.45 0.03 0.03 0.24
1 2 5 3 7
0.24 0.66 0.02 0.04 0.04
8 3 5 2 6
0.04 0.04 0.02 0.58 0.32
0 1 9 7 3
0.51 0.34 0.04 0.05 0.06
4 2 7 0 5
0.14 0.53 0.03 0.28 0.02
7 8 0 4 9
0.06 0.07 0.56 0.28 0.04
9 5 6 3 0
0.03 0.03 0.45 0.05 0.44
1 0 6 7 3
0.23 0.34 0.35 0.04 0.04
9 5 4 1 6
0.03 0.03 0.21 0.29 0.44
3 8 7 0 9
0.09 0.08 0.08 0.7 0.05
5 2 4 3 1
0.02 0.58 0.16 0.04 0.21
5 7 0 3 6
0.03 0.05 0.43 0.05 0.44
9 1 5 8 0
0.04 0.35 0.03 0.06 0.52
8 5 2 0 7
0.04 0.02 0.59 0.32 0.03
4 1 0 5 9
0.22 0.29 0.43 0.03 0.03
9 4 8 7 2
0.03 0.19 0.04 0.04 0.7
8 9 5 2 4
0.05 0.03 0.02 0.71 0.19
2 9 5 1 0
0.51 0.02 0.02 0.18 0.27
4 8 9 6 0
0.18 0.04 0.03 0.38 0.37
1 6 8 4 0
0.2 0.31 0.04 0.15 0.3
9 4 6 7 0
0.03 0.18 0.38 0.04 0.37
7 0 1 2 8
0.03 0.27 0.18 0.49 0.03
5 1 2 4 9
0.02 0.21 0.59 0.16 0.02
0 8 5 6 1
0.35 0.04 0.02 0.36 0.23
7 8 0 1 9
0.05 0.06 0.51 0.34 0.04
3 2 1 4 5
0.04 0.58 0.21 0.16 0.02
9 3 2 8 5
0.03 0.06 0.83 0.05 0.03
1 0 9 5 6
0.24 0.35 0.03 0.02 0.36
3 5 6 4 0
0.05 0.02 0.38 0.18 0.37
0 5 4 6 7
0.37 0.02 0.18 0.38 0.04
0 6 2 9 5
0.25 0.26 0.46 0.02 0.02
4 0 2 8 6
0.11 0.22 0.41 0.03 0.23
7 8 3 5 9
0.22 0.24 0.25 0.13 0.15
3 0 5 7 2
0.04 0.32 0.02 0.03 0.59
5 4 7 0 8
0.03 0.28 0.06 0.56 0.07
3 1 5 7 4
0.08 0.46 0.04 0.07 0.34
0 8 9 4 5
0.57 0.07 0.04 0.29 0.04
9 2 5 3 8
0.03 0.83 0.03 0.06 0.05
8 0 6 5 7
0.05 0.43 0.45 0.03 0.05
0 9 2 6 8
0.25 0.02 0.45 0.25 0.03
1 2 5 8 0
0.18 0.5 0.02 0.03 0.27
8 6 0 2 4
0.03 0.23 0.22 0.41 0.11
5 6 8 2 3
0.02 0.32 0.04 0.58 0.04
6 0 3 1 7
0.35 0.34 0.04 0.23 0.04
3 5 4 2 1
0.04 0.02 0.16 0.58 0.21
0 3 8 6 9
0.43 0.05 0.05 0.44 0.03
2 6 7 5 3
0.58 0.33 0.03 0.02 0.04
2 3 8 1 7
0.64 0.04 0.04 0.24 0.04
0 6 9 4 1
0.3 0.31 0.02 0.15 0.21
6 8 1 5 0
0.36 0.04 0.23 0.02 0.35
2 4 5 9 6
0.53 0.14 0.02 0.02 0.29
9 3 4 6 8
0.04 0.07 0.27 0.56 0.06
3 7 4 2 0
0.03 0.03 0.14 0.52 0.28
2 4 9 3 5
0.71 0.19 0.03 0.05 0.02
6 9 2 3 5
0.33 0.02 0.59 0.04 0.02
7 2 1 9 6
0.03 0.49 0.18 0.02 0.28
4 3 1 0 7
0.21 0.05 0.28 0.42 0.04
7 4 3 6 2
0.03 0.14 0.03 0.29 0.51
7 0 4 8 6
0.04 0.36 0.18 0.04 0.37
2 6 7 5 9
0.59 0.33 0.03 0.02 0.02
4 5 0 3 2
0.14 0.02 0.28 0.03 0.52
1 0 6 9 4
0.21 0.3 0.31 0.02 0.15
2 9 6 0 8
0.45 0.02 0.25 0.25 0.03
5 8 7 4 9
0.07 0.14 0.12 0.58 0.08
6 9 8 1 4
0.43 0.03 0.05 0.28 0.21
8 0 2 7 9
0.04 0.32 0.59 0.03 0.02
3 0 8 6 5
0.05 0.43 0.05 0.44 0.03
5 7 6 4 0
0.02 0.04 0.38 0.18 0.37
3 1 9 0 7
0.06 0.34 0.04 0.51 0.05
9 5 4 7 3
0.08 0.07 0.58 0.12 0.14
2 6 7 3 1
0.49 0.27 0.03 0.03 0.18
2 3 0 9 6
0.45 0.03 0.25 0.02 0.25
0 4 5 8 7
0.56 0.28 0.03 0.07 0.06
3 2 8 1 6
0.03 0.49 0.03 0.18 0.27
0 7 9 1 8
0.51 0.05 0.04 0.34 0.06
7 4 9 3 6
0.06 0.27 0.04 0.07 0.56
2 0 6 1 9
0.4 0.22 0.22 0.15 0.02
8 0 6 2 4
0.03 0.22 0.23 0.41 0.11
8 0 6 5 9
0.05 0.44 0.45 0.03 0.03
8 4 1 5 9
0.08 0.35 0.47 0.04 0.05
3 9 2 6 4
0.03 0.02 0.52 0.29 0.14
4 0 5 6 2
0.11 0.23 0.01 0.23 0.42
7 9 1 4 6
0.04 0.03 0.28 0.21 0.43
7 2 0 8 3
0.03 0.58 0.31 0.04 0.04
2 7 3 6 9
0.58 0.03 0.04 0.32 0.02
2 4 1 0 5
0.45 0.12 0.17 0.24 0.02
6 8 4 7 0
0.37 0.04 0.18 0.04 0.36
0 4 7 2 1
0.24 0.12 0.03 0.45 0.16
5 4 1 2 7
0.02 0.16 0.21 0.58 0.03
3 1 4 5 9
0.09 0.47 0.35 0.04 0.05
6 2 5 3 7
0.33 0.58 0.02 0.04 0.03
7 0 5 8 4
0.06 0.56 0.03 0.07 0.28
8 6 4 3 1
0.05 0.42 0.2 0.05 0.28
2 1 0 8 7
0.49 0.18 0.27 0.03 0.03
1 3 9 0 2
0.18 0.03 0.02 0.27 0.5
6 9 2 4 5
0.29 0.02 0.53 0.14 0.02
7 4 6 2 0
0.02 0.11 0.23 0.41 0.22
3 8 2 7 6
0.04 0.04 0.57 0.03 0.32
4 3 9 7 1
0.34 0.08 0.05 0.07 0.46
5 1 6 7 8
0.03 0.34 0.52 0.05 0.06
5 7 2 0 9
0.02 0.03 0.6 0.32 0.02
3 1 9 8 4
0.08 0.45 0.05 0.08 0.34
8 4 9 1 2
0.04 0.16 0.02 0.21 0.58
4 1 0 5 7
0.21 0.29 0.43 0.03 0.05
2 8 7 4 6
0.51 0.03 0.03 0.14 0.29
5 7 8 1 6
0.03 0.05 0.06 0.34 0.52
8 4 3 5 0
0.07 0.28 0.07 0.03 0.55
3 7 2 8 5
0.05 0.05 0.82 0.05 0.03
2 4 0 8 5
0.52 0.14 0.28 0.03 0.02
8 6 9 1 3
0.06 0.51 0.04 0.33 0.06
1 9 3 4 6
0.28 0.03 0.05 0.21 0.43
8 1 9 6 2
0.03 0.18 0.02 0.28 0.49
0 6 4 7 3
0.36 0.37 0.18 0.04 0.04
8 6 3 1 7
0.06 0.5 0.06 0.33 0.05
7 5 8 0 2
0.03 0.02 0.04 0.32 0.59
2 7 1 8 5
0.66 0.04 0.24 0.04 0.02
2 3 0 5 9
0.6 0.04 0.32 0.02 0.02
6 4 2 8 9
0.29 0.14 0.52 0.03 0.02
8 0 4 6 3
0.04 0.36 0.18 0.37 0.04
3 2 1 8 5
0.04 0.65 0.24 0.04 0.02
1 2 9 7 6
0.18 0.49 0.02 0.03 0.28
9 0 6 2 7
0.02 0.25 0.25 0.46 0.03
5 9 4 7 0
0.04 0.04 0.29 0.06 0.57
5 2 4 9 6
0.02 0.53 0.14 0.02 0.29
8 0 4 3 5
0.07 0.55 0.28 0.07 0.03
3 8 2 9 6
0.04 0.04 0.58 0.02 0.32
6 5 2 4 8
0.29 0.02 0.52 0.14 0.03
2 4 6 1 3
0.44 0.12 0.25 0.16 0.03
8 9 3 5 1
0.11 0.07 0.12 0.06 0.64
2 5 4 1 9
0.59 0.02 0.16 0.21 0.02
3 2 5 1 8
0.04 0.65 0.02 0.24 0.04
6 1 2 4 5
0.25 0.16 0.45 0.12 0.02
7 6 5 2 8
0.03 0.33 0.02 0.58 0.04
2 7 6 5 8
0.58 0.03 0.33 0.02 0.04
3 8 7 5 1
0.11 0.11 0.1 0.06 0.62
6 0 4 3 5
0.38 0.37 0.18 0.05 0.02
9 8 5 3 1
0.07 0.11 0.06 0.12 0.64
8 3 1 9 5
0.11 0.12 0.64 0.07 0.06
1 9 0 7 6
0.23 0.02 0.35 0.04 0.36
6 2 3 1 5
0.28 0.49 0.03 0.18 0.02
0 9 6 1 5
0.35 0.03 0.36 0.24 0.02
1 7 5 3 4
0.46 0.07 0.04 0.08 0.34
1 3 8 2 9
0.24 0.04 0.04 0.65 0.03
1 8 9 0 2
0.18 0.03 0.02 0.27 0.5
3 6 7 4 1
0.05 0.42 0.04 0.2 0.28
7 3 8 6 0
0.04 0.05 0.05 0.43 0.42
9 0 5 6 7
0.03 0.44 0.03 0.45 0.05
7 8 5 2 4
0.04 0.04 0.02 0.7 0.19
6 9 7 3 1
0.51 0.04 0.05 0.06 0.34
5 2 8 1 7
0.02 0.66 0.04 0.24 0.04
7 5 6 1 9
0.05 0.03 0.53 0.35 0.04
4 5 6 3 2
0.14 0.02 0.29 0.03 0.52
2 4 0 5 8
0.52 0.14 0.28 0.02 0.03
3 1 5 0 7
0.06 0.34 0.03 0.51 0.05
4 5 9 0 2
0.14 0.02 0.02 0.29 0.53
9 8 2 4 3
0.03 0.04 0.7 0.19 0.05
3 1 0 8 6
0.04 0.23 0.34 0.04 0.35
1 6 3 8 5
0.34 0.51 0.06 0.06 0.03
0 5 1 8 9
0.52 0.03 0.35 0.06 0.04
7 9 5 1 0
0.06 0.04 0.03 0.35 0.52
6 0 4 8 7
0.37 0.36 0.18 0.04 0.04
4 3 8 0 5
0.28 0.07 0.07 0.55 0.03
6 9 0 3 5
0.45 0.03 0.44 0.05 0.03
1 0 7 3 6
0.23 0.34 0.04 0.04 0.35
6 8 2 9 0
0.25 0.03 0.45 0.02 0.25
5 2 9 7 1
0.02 0.67 0.03 0.04 0.24
