#Number of options
10

#Assortments data
1 3 2 9 7
0.08 0.49 0.04 0.23 0.16
1 0 2 3 7
0.09 0.13 0.04 0.56 0.18
2 1 6 8 4
0.12 0.29 0.22 0.1 0.26
0 2 1 6 5
0.36 0.11 0.26 0.2 0.07
2 1 6 0 8
0.11 0.26 0.19 0.36 0.09
5 8 9 7 4
0.05 0.05 0.45 0.31 0.15
8 1 6 5 9
0.07 0.19 0.15 0.05 0.54
5 7 1 8 3
0.03 0.2 0.11 0.04 0.63
7 8 5 4 0
0.39 0.07 0.06 0.19 0.29
6 9 2 5 3
0.07 0.27 0.04 0.03 0.58
1 3 5 9 7
0.08 0.5 0.02 0.23 0.16
6 8 3 5 4
0.09 0.04 0.72 0.03 0.11
0 7 8 4 2
0.28 0.38 0.07 0.18 0.09
7 8 0 9 3
0.15 0.03 0.11 0.22 0.48
6 3 2 0 9
0.07 0.53 0.04 0.12 0.25
6 9 5 8 0
0.14 0.5 0.05 0.06 0.25
4 7 5 8 1
0.2 0.43 0.06 0.08 0.23
5 6 7 2 8
0.08 0.2 0.51 0.12 0.09
3 9 2 8 4
0.57 0.27 0.04 0.03 0.09
9 8 3 2 1
0.26 0.03 0.57 0.04 0.1
5 6 8 9 1
0.05 0.15 0.07 0.54 0.19
3 0 2 9 8
0.55 0.13 0.04 0.25 0.03
4 8 2 9 1
0.17 0.06 0.08 0.51 0.18
8 7 4 9 2
0.05 0.3 0.14 0.44 0.07
6 4 0 3 1
0.08 0.09 0.14 0.6 0.1
6 9 0 5 7
0.11 0.39 0.2 0.04 0.27
0 4 3 1 8
0.14 0.09 0.62 0.1 0.04
1 2 6 0 8
0.26 0.11 0.19 0.36 0.09
0 2 7 1 3
0.13 0.04 0.18 0.09 0.56
1 9 2 3 4
0.09 0.25 0.04 0.54 0.08
2 1 8 0 7
0.08 0.2 0.07 0.27 0.38
8 1 4 3 7
0.03 0.1 0.09 0.59 0.19
4 2 0 6 8
0.24 0.11 0.36 0.2 0.09
8 7 2 4 3
0.04 0.2 0.04 0.1 0.63
6 8 5 3 7
0.08 0.04 0.03 0.65 0.21
8 5 7 0 2
0.08 0.06 0.44 0.32 0.1
3 7 1 8 0
0.56 0.18 0.09 0.03 0.13
6 3 9 7 8
0.06 0.51 0.24 0.16 0.03
7 2 9 4 0
0.26 0.06 0.38 0.12 0.19
7 9 5 2 6
0.31 0.45 0.05 0.07 0.12
9 6 1 5 8
0.54 0.15 0.19 0.05 0.07
0 1 4 9 2
0.21 0.15 0.14 0.43 0.07
5 2 6 8 1
0.1 0.15 0.27 0.12 0.36
1 0 8 5 4
0.26 0.35 0.09 0.07 0.23
3 1 4 0 5
0.62 0.11 0.1 0.15 0.03
2 8 1 6 0
0.11 0.09 0.26 0.19 0.36
2 8 5 3 0
0.05 0.04 0.03 0.71 0.17
4 9 1 5 3
0.08 0.25 0.09 0.03 0.55
5 6 8 2 1
0.1 0.27 0.12 0.15 0.36
7 6 8 5 9
0.31 0.12 0.06 0.05 0.46
9 8 7 2 6
0.45 0.05 0.31 0.07 0.12
0 4 8 6 1
0.32 0.21 0.08 0.17 0.23
2 1 4 0 3
0.04 0.1 0.09 0.14 0.62
3 0 6 1 8
0.63 0.15 0.08 0.11 0.04
3 0 5 8 1
0.66 0.15 0.03 0.04 0.11
6 0 4 1 2
0.17 0.31 0.2 0.22 0.1
7 1 6 8 2
0.43 0.23 0.17 0.08 0.1
6 1 2 7 3
0.08 0.1 0.04 0.19 0.59
0 2 9 5 7
0.21 0.06 0.41 0.04 0.28
0 3 1 5 2
0.15 0.66 0.11 0.03 0.05
8 7 1 0 3
0.03 0.18 0.09 0.13 0.56
4 8 0 9 2
0.16 0.06 0.24 0.48 0.07
8 0 5 7 2
0.08 0.32 0.06 0.44 0.1
1 7 5 4 8
0.23 0.43 0.06 0.2 0.08
3 6 2 0 8
0.67 0.09 0.05 0.16 0.04
5 2 1 8 6
0.1 0.15 0.36 0.12 0.27
1 8 9 0 7
0.14 0.05 0.37 0.19 0.26
7 2 8 5 6
0.51 0.12 0.09 0.08 0.2
2 8 3 7 5
0.05 0.04 0.67 0.21 0.03
5 1 3 0 6
0.03 0.11 0.63 0.15 0.08
7 2 0 4 6
0.35 0.08 0.26 0.17 0.14
1 4 3 5 9
0.09 0.08 0.55 0.03 0.25
1 6 8 7 4
0.2 0.15 0.07 0.39 0.18
9 4 5 1 2
0.51 0.17 0.05 0.19 0.08
1 6 3 4 0
0.1 0.08 0.6 0.09 0.14
7 1 4 3 0
0.17 0.09 0.08 0.53 0.12
3 0 4 9 7
0.46 0.11 0.07 0.21 0.15
2 9 0 8 5
0.08 0.53 0.27 0.06 0.05
2 1 0 7 5
0.09 0.2 0.28 0.38 0.06
0 6 9 8 2
0.24 0.13 0.49 0.06 0.07
4 9 1 2 6
0.15 0.47 0.17 0.07 0.13
5 3 2 4 8
0.04 0.75 0.05 0.11 0.04
5 2 4 8 7
0.07 0.11 0.24 0.09 0.49
2 4 0 1 8
0.1 0.22 0.34 0.25 0.08
8 7 0 2 1
0.07 0.38 0.27 0.08 0.2
3 9 2 5 6
0.58 0.27 0.04 0.03 0.07
2 5 3 7 9
0.04 0.02 0.53 0.17 0.24
5 1 7 6 2
0.06 0.23 0.44 0.17 0.1
7 3 9 2 5
0.17 0.53 0.24 0.04 0.02
8 5 2 6 3
0.04 0.04 0.05 0.1 0.77
0 3 1 8 4
0.14 0.62 0.1 0.04 0.09
4 2 3 8 1
0.11 0.05 0.69 0.04 0.12
7 3 0 6 5
0.18 0.58 0.14 0.07 0.03
3 8 0 5 7
0.6 0.03 0.14 0.03 0.19
0 9 8 6 4
0.23 0.45 0.05 0.12 0.15
4 6 1 5 9
0.16 0.13 0.18 0.05 0.49
0 1 6 9 8
0.22 0.16 0.12 0.44 0.05
7 0 4 8 6
0.36 0.26 0.17 0.06 0.14
5 2 7 0 1
0.06 0.09 0.38 0.28 0.2
2 8 1 7 5
0.11 0.09 0.25 0.48 0.07
8 6 1 4 9
0.06 0.13 0.17 0.16 0.48
0 3 7 4 2
0.13 0.56 0.18 0.09 0.04
3 1 5 9 8
0.58 0.1 0.03 0.27 0.03
4 2 0 5 9
0.16 0.07 0.24 0.05 0.48
7 6 3 4 1
0.18 0.07 0.57 0.09 0.1
5 1 4 3 9
0.03 0.09 0.08 0.55 0.25
8 2 1 5 4
0.11 0.14 0.34 0.09 0.31
2 1 6 3 9
0.04 0.09 0.07 0.55 0.25
6 4 7 3 0
0.07 0.08 0.17 0.55 0.13
0 9 3 2 6
0.12 0.25 0.53 0.04 0.07
4 9 1 5 2
0.17 0.51 0.19 0.05 0.08
0 2 4 3 1
0.14 0.04 0.09 0.62 0.1
4 8 3 6 0
0.1 0.04 0.64 0.08 0.15
2 1 7 4 6
0.09 0.2 0.38 0.18 0.15
6 2 1 8 4
0.22 0.12 0.29 0.1 0.26
0 2 6 5 1
0.36 0.11 0.2 0.07 0.26
2 5 7 1 4
0.09 0.06 0.42 0.22 0.2
9 8 4 6 2
0.53 0.06 0.17 0.15 0.08
1 7 8 9 5
0.16 0.3 0.05 0.44 0.04
4 1 2 8 7
0.2 0.22 0.09 0.07 0.42
0 2 1 8 5
0.4 0.12 0.29 0.1 0.08
7 2 5 1 6
0.44 0.1 0.06 0.23 0.17
3 9 2 4 7
0.5 0.23 0.04 0.08 0.16
0 7 5 8 2
0.32 0.44 0.06 0.08 0.1
7 5 0 9 8
0.28 0.04 0.21 0.42 0.05
2 3 7 6 0
0.04 0.57 0.18 0.07 0.13
2 0 7 4 6
0.08 0.26 0.35 0.17 0.14
6 1 0 7 5
0.14 0.19 0.26 0.36 0.05
3 4 5 8 9
0.58 0.09 0.03 0.03 0.27
9 8 3 2 7
0.24 0.03 0.52 0.04 0.17
7 3 8 2 9
0.17 0.52 0.03 0.04 0.24
6 4 8 0 7
0.14 0.17 0.06 0.26 0.36
9 4 0 2 1
0.43 0.14 0.21 0.07 0.15
1 0 4 2 6
0.22 0.31 0.2 0.1 0.17
8 3 4 2 7
0.04 0.63 0.1 0.04 0.2
7 6 8 5 3
0.21 0.08 0.04 0.03 0.65
3 8 1 2 9
0.57 0.03 0.1 0.04 0.26
5 2 9 3 0
0.03 0.04 0.26 0.55 0.13
7 5 4 8 3
0.2 0.03 0.1 0.04 0.63
6 3 4 7 5
0.08 0.61 0.09 0.19 0.03
8 7 0 6 4
0.06 0.36 0.26 0.14 0.17
5 0 8 3 4
0.03 0.16 0.04 0.67 0.1
5 1 4 8 9
0.05 0.19 0.17 0.06 0.52
7 6 8 2 0
0.4 0.16 0.07 0.09 0.29
7 8 5 9 3
0.17 0.03 0.02 0.25 0.53
3 0 4 2 8
0.66 0.15 0.1 0.05 0.04
7 1 4 5 3
0.19 0.1 0.09 0.03 0.59
4 6 3 2 5
0.11 0.09 0.72 0.05 0.03
0 8 6 7 1
0.26 0.06 0.14 0.35 0.19
3 0 1 4 2
0.62 0.14 0.1 0.09 0.04
8 7 1 3 6
0.03 0.19 0.1 0.6 0.08
9 3 8 2 0
0.25 0.55 0.03 0.04 0.13
2 6 7 1 0
0.08 0.14 0.35 0.18 0.25
3 2 1 9 5
0.57 0.04 0.1 0.27 0.03
3 5 1 7 6
0.6 0.03 0.1 0.19 0.08
4 5 2 0 6
0.24 0.07 0.11 0.37 0.2
7 3 6 0 1
0.17 0.54 0.07 0.13 0.09
3 9 8 7 4
0.5 0.23 0.03 0.16 0.08
7 4 6 5 1
0.39 0.19 0.16 0.06 0.21
5 1 3 8 9
0.03 0.1 0.58 0.03 0.27
4 7 9 1 3
0.07 0.15 0.22 0.08 0.47
6 3 7 8 4
0.08 0.6 0.19 0.03 0.09
2 7 0 9 5
0.06 0.28 0.21 0.41 0.04
3 8 0 2 6
0.67 0.04 0.16 0.05 0.09
0 9 3 5 4
0.12 0.25 0.53 0.02 0.08
5 8 4 2 1
0.09 0.11 0.31 0.14 0.34
4 0 6 8 2
0.24 0.36 0.2 0.09 0.11
3 7 4 0 6
0.55 0.17 0.08 0.13 0.07
9 2 6 4 0
0.44 0.07 0.12 0.14 0.22
9 1 2 7 4
0.4 0.14 0.06 0.27 0.13
6 0 3 8 7
0.07 0.13 0.58 0.03 0.18
5 7 9 0 8
0.04 0.28 0.42 0.21 0.05
0 3 7 9 1
0.11 0.46 0.15 0.21 0.08
4 9 5 3 1
0.08 0.25 0.03 0.55 0.09
9 7 6 0 1
0.35 0.24 0.1 0.18 0.13
1 5 9 4 8
0.19 0.05 0.52 0.17 0.06
0 1 7 8 4
0.25 0.18 0.34 0.06 0.16
3 9 1 5 6
0.55 0.26 0.09 0.03 0.07
0 9 3 7 2
0.11 0.22 0.48 0.15 0.03
0 5 2 9 6
0.25 0.05 0.08 0.49 0.13
6 9 0 7 3
0.06 0.22 0.11 0.15 0.47
3 1 0 9 5
0.52 0.09 0.12 0.24 0.02
9 0 8 1 5
0.48 0.24 0.06 0.17 0.05
7 5 8 6 2
0.51 0.08 0.09 0.2 0.12
0 8 4 9 5
0.24 0.06 0.16 0.49 0.05
2 8 0 3 1
0.05 0.04 0.15 0.65 0.11
6 9 7 4 5
0.11 0.42 0.29 0.14 0.04
3 7 6 1 4
0.57 0.18 0.07 0.1 0.09
0 5 7 9 4
0.19 0.04 0.26 0.38 0.12
5 3 4 7 6
0.03 0.61 0.09 0.19 0.08
1 9 5 0 2
0.17 0.47 0.05 0.24 0.07
7 3 5 2 9
0.17 0.53 0.02 0.04 0.24
1 0 5 9 2
0.17 0.24 0.05 0.47 0.07
6 0 9 4 2
0.12 0.22 0.44 0.14 0.07
8 3 9 4 2
0.03 0.57 0.27 0.09 0.04
0 1 6 2 9
0.22 0.16 0.12 0.07 0.44
5 7 4 8 1
0.06 0.43 0.2 0.08 0.23
9 2 7 4 3
0.23 0.04 0.16 0.08 0.5
6 1 9 2 5
0.14 0.19 0.53 0.08 0.05
4 8 3 0 6
0.1 0.04 0.64 0.15 0.08
