#Number of options
10

#Assortments data
1 2 0 7 6
0.16 0.21 0.14 0.01 0.47
3 7 0 6 4
0.02 0.02 0.18 0.61 0.17
1 4 6 7 9
0.2 0.16 0.59 0.01 0.02
2 4 9 6 1
0.21 0.13 0.02 0.47 0.16
9 4 6 8 2
0.02 0.15 0.56 0.02 0.25
8 6 2 3 1
0.02 0.54 0.24 0.02 0.19
3 8 9 6 7
0.03 0.03 0.03 0.88 0.02
8 6 5 4 0
0.02 0.61 0.02 0.17 0.18
3 5 4 0 2
0.03 0.03 0.25 0.27 0.41
4 2 5 9 3
0.33 0.54 0.04 0.05 0.04
1 3 6 0 5
0.2 0.02 0.59 0.17 0.02
3 9 0 4 8
0.06 0.06 0.43 0.41 0.05
9 6 4 7 8
0.03 0.73 0.2 0.02 0.02
5 8 1 0 2
0.03 0.03 0.3 0.25 0.39
3 2 8 7 0
0.04 0.54 0.04 0.03 0.35
2 6 0 8 5
0.25 0.55 0.16 0.02 0.02
4 9 0 7 6
0.17 0.02 0.18 0.02 0.61
7 5 3 6 0
0.02 0.02 0.03 0.72 0.21
4 9 7 6 5
0.2 0.03 0.02 0.73 0.02
3 7 0 1 4
0.04 0.03 0.3 0.35 0.28
7 2 8 4 3
0.03 0.55 0.04 0.34 0.05
4 1 0 8 7
0.29 0.36 0.3 0.03 0.03
0 8 9 7 1
0.4 0.04 0.05 0.03 0.47
3 2 6 0 1
0.02 0.21 0.47 0.14 0.16
8 3 2 0 5
0.04 0.04 0.53 0.35 0.04
9 3 4 0 8
0.06 0.06 0.41 0.43 0.05
3 7 2 1 4
0.03 0.02 0.4 0.3 0.24
0 7 1 9 3
0.4 0.03 0.47 0.05 0.05
1 6 9 7 5
0.24 0.69 0.03 0.02 0.02
1 5 4 6 2
0.16 0.02 0.13 0.48 0.21
0 4 3 6 9
0.18 0.17 0.02 0.61 0.02
5 2 9 7 3
0.06 0.77 0.07 0.04 0.06
5 4 2 0 8
0.03 0.26 0.41 0.27 0.03
3 2 9 8 0
0.04 0.53 0.05 0.04 0.34
9 0 5 3 6
0.03 0.21 0.02 0.03 0.71
8 1 2 5 7
0.04 0.39 0.51 0.04 0.03
0 3 7 1 9
0.4 0.05 0.03 0.47 0.05
4 3 9 0 8
0.41 0.06 0.06 0.43 0.05
2 6 5 7 4
0.25 0.56 0.02 0.01 0.16
2 0 3 1 4
0.32 0.21 0.03 0.25 0.2
5 4 6 9 8
0.02 0.2 0.72 0.03 0.02
4 5 1 2 3
0.24 0.03 0.3 0.39 0.03
7 1 6 2 0
0.01 0.16 0.47 0.21 0.14
8 6 9 2 1
0.02 0.54 0.02 0.24 0.18
7 6 2 0 3
0.01 0.56 0.25 0.16 0.02
6 8 9 2 5
0.64 0.02 0.03 0.29 0.02
8 6 7 3 0
0.02 0.72 0.02 0.03 0.21
4 6 9 8 0
0.17 0.61 0.02 0.02 0.18
3 0 8 6 9
0.03 0.21 0.02 0.71 0.03
0 5 4 3 8
0.43 0.05 0.41 0.06 0.05
2 6 3 0 8
0.25 0.55 0.02 0.16 0.02
5 3 1 7 8
0.07 0.08 0.73 0.05 0.07
5 3 4 2 6
0.02 0.02 0.15 0.25 0.56
0 1 2 7 4
0.21 0.25 0.32 0.02 0.2
0 9 1 4 5
0.3 0.04 0.35 0.28 0.03
5 2 6 9 0
0.02 0.25 0.55 0.02 0.16
8 1 4 5 0
0.03 0.35 0.28 0.03 0.3
7 4 0 6 5
0.02 0.17 0.18 0.62 0.02
0 6 5 4 3
0.18 0.61 0.02 0.17 0.02
8 5 4 0 2
0.03 0.03 0.26 0.27 0.41
1 5 8 0 6
0.2 0.02 0.02 0.17 0.59
5 8 7 6 2
0.02 0.02 0.02 0.65 0.29
1 4 8 7 5
0.48 0.39 0.05 0.03 0.05
5 4 7 8 9
0.08 0.68 0.06 0.08 0.1
1 0 9 3 6
0.2 0.17 0.02 0.02 0.58
0 3 8 6 2
0.16 0.02 0.02 0.55 0.25
4 3 7 1 5
0.39 0.05 0.03 0.48 0.05
5 6 9 2 4
0.02 0.56 0.02 0.25 0.15
7 3 2 6 9
0.02 0.02 0.29 0.65 0.03
5 7 3 8 0
0.08 0.06 0.09 0.08 0.7
9 4 2 8 5
0.05 0.33 0.54 0.04 0.04
1 7 5 0 4
0.36 0.03 0.03 0.3 0.29
0 1 6 3 4
0.15 0.18 0.51 0.02 0.14
3 1 2 6 5
0.02 0.19 0.24 0.54 0.02
8 3 2 7 0
0.04 0.04 0.54 0.03 0.35
5 6 8 0 1
0.02 0.59 0.02 0.17 0.2
8 7 4 3 2
0.04 0.03 0.34 0.05 0.55
3 5 1 4 6
0.02 0.02 0.2 0.16 0.59
1 8 3 5 9
0.71 0.07 0.08 0.07 0.08
0 2 1 8 5
0.25 0.39 0.3 0.03 0.03
0 3 8 5 1
0.39 0.05 0.04 0.04 0.47
4 8 1 0 7
0.29 0.03 0.36 0.3 0.03
7 4 0 9 3
0.04 0.41 0.44 0.06 0.06
3 5 6 9 4
0.03 0.02 0.72 0.03 0.2
8 5 0 9 2
0.04 0.04 0.35 0.05 0.53
6 7 4 3 1
0.59 0.01 0.16 0.02 0.2
9 3 5 1 6
0.03 0.03 0.02 0.24 0.69
8 4 0 2 5
0.03 0.26 0.27 0.41 0.03
3 5 4 1 7
0.05 0.05 0.39 0.48 0.03
9 4 3 5 0
0.06 0.41 0.06 0.05 0.43
4 5 9 3 7
0.67 0.08 0.09 0.09 0.06
5 0 2 3 7
0.04 0.35 0.54 0.04 0.03
9 0 6 1 7
0.02 0.17 0.59 0.2 0.01
1 4 3 2 8
0.3 0.24 0.03 0.39 0.03
9 5 3 2 4
0.05 0.04 0.04 0.54 0.33
7 2 0 4 3
0.02 0.42 0.27 0.26 0.03
6 1 3 4 2
0.47 0.16 0.02 0.13 0.21
8 1 5 2 6
0.02 0.19 0.02 0.24 0.54
7 3 4 5 9
0.06 0.09 0.67 0.08 0.09
6 9 3 1 0
0.58 0.02 0.02 0.2 0.17
1 0 7 4 6
0.18 0.15 0.01 0.14 0.52
0 7 2 1 6
0.14 0.01 0.21 0.16 0.47
6 2 7 3 4
0.56 0.25 0.01 0.02 0.15
7 5 4 3 6
0.02 0.02 0.2 0.03 0.73
1 7 9 0 4
0.35 0.03 0.04 0.3 0.28
5 0 8 2 7
0.04 0.35 0.04 0.54 0.03
8 6 0 5 9
0.02 0.72 0.21 0.02 0.03
1 0 8 4 2
0.25 0.21 0.02 0.2 0.32
4 9 7 2 5
0.34 0.05 0.03 0.55 0.04
2 5 0 7 8
0.54 0.04 0.35 0.03 0.04
9 2 0 3 1
0.03 0.39 0.25 0.03 0.3
8 5 1 0 4
0.03 0.03 0.35 0.3 0.28
1 6 9 5 8
0.24 0.69 0.03 0.02 0.02
7 9 3 0 8
0.06 0.09 0.09 0.69 0.08
7 0 2 6 5
0.01 0.16 0.25 0.56 0.02
2 5 9 7 1
0.5 0.04 0.04 0.03 0.39
7 8 3 0 6
0.02 0.02 0.03 0.21 0.72
4 8 5 3 9
0.66 0.08 0.08 0.09 0.09
0 5 8 9 4
0.43 0.05 0.05 0.06 0.41
0 4 1 9 8
0.3 0.28 0.35 0.04 0.03
3 8 7 9 1
0.08 0.07 0.05 0.08 0.72
8 1 9 7 0
0.04 0.47 0.05 0.03 0.4
4 7 3 6 1
0.16 0.01 0.02 0.59 0.2
7 1 6 3 2
0.01 0.19 0.54 0.02 0.24
3 8 0 4 7
0.06 0.05 0.44 0.42 0.04
1 6 4 7 8
0.21 0.6 0.16 0.01 0.02
5 4 3 9 0
0.05 0.41 0.06 0.06 0.43
4 3 9 7 1
0.38 0.05 0.05 0.03 0.48
9 2 7 0 8
0.05 0.54 0.03 0.35 0.04
9 7 2 1 4
0.03 0.02 0.4 0.3 0.24
4 3 1 6 2
0.13 0.02 0.16 0.47 0.21
8 1 7 9 3
0.07 0.72 0.05 0.08 0.08
8 5 3 0 2
0.04 0.04 0.04 0.35 0.53
3 0 5 7 4
0.06 0.44 0.05 0.04 0.42
3 4 6 9 0
0.02 0.17 0.61 0.02 0.18
5 9 3 1 0
0.04 0.05 0.05 0.46 0.39
4 9 0 8 2
0.25 0.04 0.27 0.03 0.41
0 1 8 9 7
0.4 0.47 0.04 0.05 0.03
7 8 6 0 5
0.02 0.02 0.72 0.21 0.02
9 3 6 4 1
0.02 0.02 0.59 0.16 0.2
7 9 8 5 6
0.02 0.03 0.03 0.03 0.89
7 5 3 0 6
0.02 0.02 0.03 0.21 0.72
8 6 0 4 9
0.02 0.61 0.18 0.17 0.02
8 3 4 2 9
0.04 0.04 0.33 0.54 0.05
0 5 3 8 1
0.39 0.04 0.05 0.04 0.47
8 1 6 0 5
0.02 0.2 0.59 0.17 0.02
8 7 5 4 2
0.04 0.03 0.04 0.34 0.55
1 8 5 4 0
0.35 0.03 0.03 0.28 0.3
2 4 1 7 9
0.4 0.24 0.3 0.02 0.03
1 2 8 5 6
0.19 0.24 0.02 0.02 0.54
8 9 1 7 6
0.02 0.03 0.24 0.02 0.69
6 8 0 1 9
0.59 0.02 0.17 0.2 0.02
9 3 2 6 8
0.03 0.02 0.29 0.64 0.02
2 6 8 3 1
0.24 0.54 0.02 0.02 0.19
3 8 6 1 4
0.02 0.02 0.59 0.2 0.16
1 3 0 9 5
0.46 0.05 0.39 0.05 0.04
4 9 2 3 5
0.33 0.05 0.54 0.04 0.04
2 9 1 3 5
0.5 0.04 0.38 0.04 0.04
8 3 0 7 5
0.08 0.09 0.7 0.06 0.08
6 4 5 8 0
0.61 0.17 0.02 0.02 0.18
4 1 9 7 6
0.16 0.2 0.02 0.01 0.59
9 5 1 4 7
0.05 0.05 0.48 0.39 0.03
2 3 4 1 8
0.39 0.03 0.24 0.3 0.03
0 7 9 6 2
0.16 0.01 0.02 0.55 0.25
5 7 6 8 1
0.02 0.02 0.7 0.02 0.24
5 8 2 9 1
0.04 0.04 0.5 0.04 0.38
2 6 0 9 4
0.22 0.49 0.14 0.02 0.13
6 5 8 1 2
0.54 0.02 0.02 0.19 0.24
2 9 6 1 7
0.24 0.02 0.54 0.19 0.01
2 0 5 8 6
0.25 0.16 0.02 0.02 0.55
1 7 5 9 8
0.73 0.05 0.07 0.08 0.07
4 6 2 7 8
0.16 0.56 0.25 0.01 0.02
6 0 3 7 4
0.61 0.18 0.02 0.02 0.17
8 5 6 4 3
0.02 0.02 0.73 0.2 0.03
1 9 8 3 4
0.47 0.05 0.04 0.05 0.38
4 3 1 8 2
0.24 0.03 0.3 0.03 0.39
3 0 4 8 1
0.04 0.3 0.28 0.03 0.35
1 4 8 6 2
0.16 0.13 0.02 0.48 0.21
4 2 6 1 8
0.13 0.21 0.48 0.16 0.02
0 7 8 6 4
0.18 0.02 0.02 0.62 0.17
9 0 3 1 7
0.05 0.4 0.05 0.47 0.03
1 6 8 5 7
0.24 0.7 0.02 0.02 0.02
8 4 7 9 0
0.05 0.42 0.04 0.06 0.44
1 2 8 4 5
0.3 0.39 0.03 0.24 0.03
5 6 2 4 3
0.02 0.56 0.25 0.15 0.02
3 8 4 0 9
0.06 0.05 0.41 0.43 0.06
4 3 1 2 5
0.24 0.03 0.3 0.39 0.03
0 5 4 2 1
0.21 0.02 0.2 0.32 0.25
0 2 5 4 6
0.14 0.22 0.02 0.14 0.49
5 2 8 0 6
0.02 0.25 0.02 0.16 0.55
4 0 2 9 1
0.2 0.21 0.32 0.03 0.25
0 3 9 2 5
0.34 0.04 0.05 0.53 0.04
2 7 3 8 5
0.78 0.04 0.07 0.06 0.06
0 6 1 9 2
0.14 0.47 0.16 0.02 0.21
5 0 3 1 2
0.03 0.25 0.03 0.3 0.39
0 8 4 1 6
0.15 0.02 0.14 0.18 0.51
2 8 7 3 9
0.77 0.06 0.04 0.06 0.07
0 9 2 4 6
0.14 0.02 0.22 0.13 0.49
0 9 2 5 6
0.16 0.02 0.25 0.02 0.55
5 9 0 3 8
0.08 0.09 0.67 0.09 0.08
