#Number of options
10

#Assortments data
6 1 4 7 0
0.08 0.13 0.28 0.39 0.12
0 6 2 8 4
0.03 0.02 0.03 0.84 0.07
3 8 9 4 7
0.02 0.76 0.06 0.07 0.09
9 8 7 4 3
0.06 0.76 0.09 0.07 0.02
1 2 7 3 4
0.13 0.11 0.4 0.07 0.29
8 1 9 3 2
0.85 0.03 0.07 0.02 0.03
9 0 2 5 4
0.11 0.05 0.04 0.68 0.12
3 6 4 8 9
0.02 0.02 0.07 0.82 0.07
8 7 5 3 2
0.59 0.07 0.31 0.01 0.02
5 8 0 3 4
0.31 0.6 0.02 0.01 0.05
7 5 9 8 1
0.07 0.29 0.05 0.57 0.02
6 9 7 4 5
0.03 0.1 0.15 0.1 0.62
4 2 8 3 7
0.07 0.03 0.79 0.02 0.1
6 2 7 0 5
0.04 0.05 0.17 0.05 0.7
7 2 3 6 0
0.51 0.14 0.09 0.11 0.16
1 4 8 6 3
0.03 0.07 0.85 0.02 0.02
7 2 8 6 9
0.1 0.03 0.79 0.02 0.07
5 1 8 7 6
0.3 0.02 0.58 0.07 0.02
8 7 3 6 1
0.82 0.1 0.02 0.02 0.03
2 6 7 3 0
0.14 0.11 0.51 0.09 0.16
