#Number of options
50

#Assortments data
45 40 20 4 32
0.03 0.02 0.86 0.03 0.07
9 17 10 37 8
0.33 0.12 0.07 0.03 0.46
28 5 32 47 36
0.17 0.26 0.12 0.17 0.28
20 27 23 24 25
0.56 0.29 0.09 0.02 0.03
42 33 27 8 45
0.2 0.06 0.29 0.43 0.02
14 7 42 20 44
0.01 0.06 0.24 0.66 0.03
21 29 0 43 4
0.26 0.68 0.01 0.04 0.01
11 1 22 41 32
0.11 0.04 0.76 0.03 0.06
36 16 28 27 22
0.09 0.09 0.06 0.27 0.5
10 13 41 6 37
0.27 0.31 0.1 0.21 0.12
6 17 18 2 33
0.14 0.32 0.17 0.21 0.16
37 41 19 48 3
0.12 0.1 0.23 0.42 0.12
24 41 1 2 3
0.14 0.13 0.16 0.42 0.15
48 39 31 25 12
0.09 0.05 0.21 0.03 0.62
8 47 15 25 44
0.34 0.05 0.57 0.02 0.02
21 49 33 29 15
0.2 0.02 0.02 0.53 0.23
7 38 14 2 21
0.06 0.04 0.02 0.09 0.79
32 24 11 42 22
0.05 0.03 0.09 0.23 0.61
10 44 40 28 43
0.24 0.11 0.06 0.23 0.35
11 39 2 19 16
0.22 0.14 0.21 0.15 0.27
43 35 23 0 22
0.12 0.05 0.12 0.04 0.68
12 1 32 4 48
0.78 0.03 0.05 0.02 0.12
9 6 30 1 16
0.39 0.06 0.38 0.04 0.12
48 6 3 41 30
0.19 0.1 0.06 0.05 0.6
5 14 29 30 26
0.03 0.0 0.54 0.1 0.33
5 46 44 21 42
0.08 0.14 0.03 0.56 0.19
20 16 8 21 4
0.33 0.06 0.25 0.36 0.01
9 42 8 40 44
0.31 0.21 0.44 0.02 0.03
30 1 37 20 35
0.31 0.03 0.03 0.59 0.04
0 4 3 41 34
0.06 0.03 0.05 0.04 0.82
10 8 28 22 32
0.06 0.38 0.05 0.47 0.04
45 3 39 1 5
0.08 0.13 0.23 0.13 0.43
16 46 3 19 15
0.09 0.15 0.03 0.05 0.68
14 27 1 22 38
0.01 0.32 0.03 0.6 0.04
47 35 7 22 31
0.07 0.04 0.05 0.6 0.24
25 14 46 13 16
0.08 0.03 0.43 0.2 0.26
46 45 40 34 30
0.17 0.02 0.02 0.48 0.32
38 27 48 46 3
0.05 0.48 0.16 0.26 0.05
30 37 38 40 48
0.63 0.06 0.07 0.03 0.2
13 46 9 27 35
0.09 0.18 0.35 0.33 0.05
37 44 39 0 13
0.13 0.13 0.24 0.14 0.35
29 38 5 21 1
0.68 0.01 0.04 0.26 0.01
47 16 41 43 48
0.16 0.26 0.06 0.25 0.26
17 31 27 39 4
0.16 0.32 0.42 0.07 0.03
24 3 20 43 44
0.03 0.04 0.77 0.13 0.04
19 21 42 27 35
0.04 0.51 0.17 0.24 0.03
10 48 9 27 26
0.04 0.05 0.18 0.17 0.56
0 48 37 25 3
0.15 0.46 0.13 0.13 0.13
36 32 42 17 26
0.07 0.03 0.14 0.08 0.68
14 7 17 3 30
0.02 0.1 0.22 0.05 0.6
