#Number of options
50

#Assortments data
6 23 22 25 49
0.45 0.09 0.03 0.34 0.09
44 22 48 13 42
0.56 0.05 0.08 0.09 0.22
15 45 42 26 25
0.03 0.73 0.07 0.01 0.16
39 31 47 12 8
0.25 0.15 0.27 0.1 0.22
3 24 8 41 37
0.19 0.29 0.05 0.34 0.14
15 18 49 47 2
0.04 0.45 0.05 0.08 0.37
43 6 25 40 4
0.04 0.22 0.17 0.34 0.24
46 33 41 15 22
0.08 0.04 0.79 0.07 0.03
35 15 30 8 16
0.43 0.09 0.1 0.14 0.24
16 11 24 22 38
0.13 0.08 0.5 0.02 0.27
37 26 45 34 31
0.17 0.01 0.76 0.02 0.04
46 1 8 6 22
0.07 0.41 0.1 0.39 0.03
33 46 1 19 22
0.05 0.1 0.55 0.26 0.04
42 19 2 24 21
0.09 0.13 0.35 0.42 0.01
5 38 11 44 3
0.13 0.25 0.07 0.25 0.3
37 19 5 13 41
0.2 0.13 0.12 0.04 0.5
43 26 49 11 29
0.23 0.07 0.27 0.37 0.06
8 11 43 0 13
0.1 0.11 0.07 0.67 0.06
34 49 4 23 3
0.04 0.07 0.41 0.07 0.4
40 28 17 44 18
0.29 0.12 0.11 0.16 0.31
