#Number of options
50

#Assortments data
20 34 39 24 43
0.06 0.04 0.12 0.73 0.05
4 6 47 12 33
0.5 0.24 0.1 0.06 0.1
23 47 33 1 10
0.06 0.08 0.08 0.55 0.24
26 38 22 33 45
0.01 0.45 0.01 0.04 0.49
33 36 8 20 22
0.19 0.41 0.23 0.12 0.04
13 10 27 30 4
0.04 0.3 0.09 0.07 0.51
43 6 38 34 29
0.03 0.16 0.77 0.03 0.01
10 2 15 38 16
0.12 0.25 0.02 0.48 0.12
31 32 29 28 1
0.04 0.07 0.01 0.38 0.5
6 47 10 36 23
0.26 0.11 0.32 0.23 0.08
26 6 41 10 11
0.01 0.1 0.63 0.12 0.14
15 19 46 39 29
0.14 0.34 0.2 0.29 0.04
43 37 27 0 21
0.03 0.39 0.06 0.5 0.02
3 15 40 24 38
0.17 0.02 0.21 0.24 0.37
20 4 25 39 37
0.03 0.21 0.46 0.05 0.24
34 31 15 28 46
0.06 0.07 0.08 0.68 0.11
15 12 30 18 29
0.09 0.09 0.1 0.7 0.02
26 31 13 9 39
0.06 0.17 0.13 0.22 0.42
27 42 16 8 7
0.09 0.1 0.3 0.12 0.38
30 16 32 7 49
0.07 0.3 0.1 0.38 0.16
33 19 18 34 26
0.13 0.19 0.61 0.06 0.02
0 20 23 44 45
0.29 0.02 0.03 0.15 0.51
34 46 8 7 26
0.07 0.13 0.19 0.58 0.03
48 10 20 5 42
0.08 0.36 0.08 0.36 0.12
11 4 0 2 9
0.16 0.22 0.32 0.27 0.03
17 4 11 49 42
0.15 0.38 0.27 0.12 0.07
21 10 31 22 47
0.06 0.6 0.1 0.05 0.2
21 36 24 13 44
0.02 0.15 0.53 0.03 0.27
47 11 42 49 3
0.08 0.29 0.08 0.13 0.43
24 33 6 28 4
0.36 0.05 0.11 0.24 0.24
38 31 49 23 13
0.79 0.03 0.1 0.05 0.03
31 41 45 4 29
0.02 0.46 0.38 0.15 0.0
41 33 28 13 36
0.64 0.04 0.21 0.02 0.09
4 7 28 0 14
0.17 0.13 0.18 0.25 0.27
12 47 4 17 45
0.03 0.05 0.23 0.09 0.6
4 34 30 31 29
0.74 0.06 0.1 0.08 0.02
8 1 27 26 3
0.08 0.47 0.06 0.01 0.37
9 19 5 47 26
0.11 0.24 0.46 0.16 0.03
12 34 13 17 46
0.14 0.1 0.09 0.46 0.2
14 35 37 44 13
0.39 0.1 0.29 0.2 0.02
29 36 20 4 5
0.02 0.2 0.06 0.47 0.27
20 47 48 33 25
0.04 0.07 0.05 0.07 0.77
4 12 18 10 14
0.24 0.03 0.23 0.14 0.37
30 16 48 9 13
0.13 0.55 0.12 0.13 0.07
4 30 22 3 45
0.21 0.03 0.01 0.22 0.53
26 0 38 2 20
0.01 0.28 0.45 0.24 0.02
7 45 18 10 26
0.15 0.53 0.19 0.12 0.01
42 23 27 43 1
0.1 0.07 0.09 0.05 0.69
34 12 17 38 3
0.02 0.03 0.1 0.59 0.27
34 39 10 14 18
0.03 0.07 0.17 0.45 0.28
