#Number of options
50

#Assortments data
19 37 41 42 20
0.14 0.06 0.02 0.38 0.4
40 17 33 9 6
0.02 0.13 0.09 0.69 0.06
22 21 44 43 38
0.39 0.57 0.01 0.02 0.01
12 17 21 32 36
0.28 0.03 0.63 0.03 0.03
45 8 47 35 33
0.06 0.44 0.25 0.13 0.12
23 42 3 0 45
0.34 0.5 0.05 0.05 0.06
21 30 31 26 20
0.47 0.08 0.05 0.33 0.07
33 25 1 5 32
0.23 0.05 0.17 0.2 0.35
32 1 8 29 41
0.05 0.03 0.13 0.79 0.01
44 26 23 13 8
0.01 0.73 0.09 0.03 0.13
25 0 49 27 12
0.01 0.02 0.07 0.21 0.69
19 25 32 42 28
0.17 0.03 0.19 0.48 0.13
40 27 44 5 9
0.02 0.3 0.03 0.06 0.58
48 3 45 24 10
0.39 0.1 0.13 0.2 0.19
41 47 7 0 14
0.06 0.61 0.15 0.12 0.07
40 33 42 16 11
0.03 0.11 0.44 0.25 0.17
32 40 17 30 0
0.17 0.03 0.17 0.59 0.04
47 8 32 17 5
0.21 0.38 0.16 0.16 0.09
48 43 31 30 10
0.13 0.1 0.25 0.45 0.06
40 8 3 45 49
0.04 0.6 0.07 0.09 0.21
14 8 15 5 38
0.02 0.35 0.51 0.08 0.04
18 31 48 3 40
0.12 0.51 0.26 0.07 0.04
40 33 36 49 9
0.02 0.08 0.13 0.1 0.66
25 49 14 44 40
0.1 0.52 0.1 0.18 0.1
28 44 8 20 36
0.1 0.04 0.33 0.38 0.15
11 14 2 40 35
0.39 0.06 0.25 0.06 0.25
33 28 7 39 46
0.15 0.17 0.07 0.15 0.46
42 43 46 27 14
0.32 0.1 0.24 0.32 0.02
6 32 46 16 14
0.09 0.2 0.39 0.29 0.03
21 34 25 43 16
0.76 0.14 0.01 0.03 0.06
49 10 15 41 21
0.03 0.02 0.14 0.01 0.8
2 28 20 32 16
0.1 0.11 0.41 0.15 0.23
4 29 45 17 31
0.01 0.81 0.02 0.05 0.11
43 0 19 4 41
0.34 0.11 0.4 0.09 0.05
46 17 29 3 19
0.1 0.05 0.78 0.01 0.05
10 41 4 11 17
0.17 0.04 0.08 0.36 0.35
49 25 47 23 10
0.18 0.03 0.29 0.39 0.11
12 41 25 15 35
0.66 0.01 0.01 0.27 0.05
39 12 44 8 10
0.05 0.69 0.02 0.19 0.04
14 2 4 46 42
0.03 0.12 0.04 0.36 0.46
25 12 37 8 6
0.01 0.72 0.03 0.2 0.04
32 15 29 21 27
0.02 0.08 0.36 0.47 0.06
14 43 18 46 20
0.02 0.13 0.07 0.33 0.45
45 17 5 46 31
0.06 0.17 0.1 0.34 0.33
4 18 28 34 38
0.04 0.09 0.14 0.69 0.05
49 35 34 15 40
0.09 0.08 0.42 0.4 0.02
31 14 10 12 24
0.17 0.01 0.04 0.74 0.04
17 27 19 36 42
0.12 0.32 0.12 0.13 0.32
3 30 0 25 46
0.04 0.56 0.04 0.03 0.33
20 49 23 35 8
0.33 0.1 0.21 0.08 0.28
