#Number of options
50

#Assortments data
30 10 22 45 49
0.11 0.5 0.2 0.14 0.05
33 41 19 46 12
0.06 0.14 0.09 0.31 0.4
32 24 46 27 0
0.03 0.06 0.18 0.66 0.07
37 47 6 3 44
0.25 0.11 0.14 0.4 0.11
43 19 20 7 41
0.06 0.09 0.35 0.37 0.14
36 26 45 18 15
0.58 0.13 0.1 0.08 0.1
20 45 6 17 5
0.2 0.12 0.06 0.32 0.3
11 47 9 1 20
0.42 0.07 0.1 0.11 0.29
47 0 21 19 46
0.11 0.17 0.2 0.11 0.4
17 35 28 11 15
0.32 0.1 0.16 0.29 0.12
2 20 31 43 19
0.27 0.39 0.18 0.06 0.1
48 29 13 42 44
0.72 0.09 0.03 0.13 0.03
15 37 12 41 28
0.17 0.16 0.33 0.11 0.23
48 46 32 27 38
0.52 0.08 0.01 0.3 0.08
14 11 19 39 5
0.09 0.38 0.07 0.06 0.4
31 35 8 48 40
0.06 0.06 0.15 0.7 0.03
13 4 20 5 33
0.08 0.11 0.3 0.46 0.05
46 29 32 38 11
0.22 0.17 0.04 0.22 0.35
46 48 3 27 44
0.08 0.52 0.08 0.3 0.02
17 44 43 0 10
0.35 0.06 0.04 0.08 0.48
45 14 29 16 18
0.19 0.11 0.23 0.33 0.14
17 32 16 7 9
0.38 0.03 0.25 0.25 0.08
3 30 47 44 26
0.35 0.19 0.09 0.1 0.28
38 46 15 32 12
0.25 0.24 0.16 0.04 0.31
0 19 10 16 5
0.07 0.05 0.41 0.19 0.28
15 30 37 46 25
0.2 0.16 0.19 0.3 0.15
10 20 42 28 22
0.37 0.17 0.17 0.14 0.15
32 15 29 12 6
0.05 0.21 0.24 0.4 0.11
6 30 31 11 34
0.06 0.1 0.1 0.3 0.43
19 44 28 14 15
0.11 0.11 0.36 0.15 0.27
4 44 21 41 48
0.05 0.04 0.06 0.06 0.8
4 49 41 13 40
0.25 0.13 0.28 0.18 0.16
11 22 36 39 23
0.1 0.06 0.23 0.02 0.59
15 16 49 2 45
0.19 0.33 0.06 0.22 0.19
1 10 14 24 16
0.09 0.51 0.08 0.07 0.24
9 3 11 30 40
0.1 0.27 0.42 0.14 0.07
6 33 45 31 44
0.17 0.1 0.33 0.26 0.14
29 13 20 5 25
0.18 0.07 0.25 0.38 0.12
39 40 18 9 32
0.16 0.17 0.31 0.25 0.1
27 15 28 37 47
0.6 0.11 0.15 0.1 0.04
22 39 2 31 16
0.26 0.07 0.21 0.14 0.32
36 34 31 22 45
0.46 0.28 0.06 0.12 0.08
33 26 10 2 38
0.04 0.16 0.46 0.15 0.2
14 0 13 46 21
0.14 0.16 0.11 0.39 0.19
14 26 5 1 49
0.11 0.24 0.48 0.12 0.06
39 1 46 2 49
0.1 0.16 0.37 0.29 0.08
35 25 45 5 4
0.15 0.13 0.17 0.44 0.11
26 43 35 39 41
0.36 0.08 0.25 0.11 0.2
12 23 4 31 16
0.1 0.74 0.03 0.04 0.09
46 27 9 31 38
0.15 0.56 0.06 0.08 0.15
