#Number of options
50

#Assortments data
12 21 6 11 5
0.16 0.11 0.08 0.39 0.26
9 28 46 12 37
0.16 0.15 0.22 0.25 0.22
11 10 6 21 48
0.41 0.18 0.08 0.12 0.21
34 16 18 45 31
0.26 0.27 0.22 0.08 0.17
31 20 26 34 4
0.18 0.35 0.09 0.29 0.09
21 42 8 29 49
0.14 0.44 0.26 0.06 0.1
0 21 26 12 15
0.12 0.21 0.09 0.29 0.29
43 16 17 12 26
0.03 0.24 0.42 0.24 0.07
14 23 27 16 7
0.03 0.25 0.4 0.22 0.09
2 27 4 46 29
0.15 0.47 0.08 0.22 0.08
15 23 45 31 46
0.25 0.29 0.08 0.16 0.22
40 1 35 17 46
0.05 0.12 0.17 0.44 0.23
44 11 6 48 9
0.04 0.49 0.1 0.25 0.12
7 42 21 14 38
0.11 0.59 0.19 0.04 0.08
16 13 46 29 0
0.34 0.13 0.3 0.1 0.13
35 20 29 40 7
0.24 0.43 0.11 0.07 0.15
6 22 8 21 9
0.14 0.11 0.37 0.2 0.18
49 10 21 40 47
0.17 0.35 0.23 0.07 0.18
26 12 37 38 7
0.11 0.34 0.31 0.1 0.14
41 35 14 32 28
0.1 0.36 0.08 0.14 0.32
48 29 2 33 20
0.33 0.08 0.15 0.11 0.32
9 10 40 2 29
0.23 0.38 0.07 0.21 0.11
19 10 24 6 8
0.13 0.29 0.08 0.14 0.36
2 1 13 24 42
0.15 0.12 0.1 0.08 0.56
28 8 25 36 16
0.1 0.22 0.09 0.4 0.18
46 48 22 43 49
0.28 0.4 0.12 0.04 0.16
2 7 40 15 28
0.21 0.15 0.07 0.36 0.21
14 1 21 27 48
0.03 0.1 0.16 0.42 0.28
18 5 2 39 37
0.2 0.4 0.14 0.05 0.21
11 13 41 1 10
0.54 0.08 0.04 0.1 0.23
42 4 3 34 22
0.52 0.07 0.08 0.23 0.09
5 10 18 21 12
0.32 0.2 0.16 0.13 0.19
47 46 41 28 45
0.22 0.35 0.07 0.23 0.13
34 26 46 47 20
0.25 0.08 0.23 0.14 0.31
5 28 49 11 30
0.28 0.1 0.08 0.41 0.14
49 26 11 47 39
0.12 0.08 0.61 0.14 0.05
41 43 7 29 47
0.12 0.08 0.26 0.2 0.35
42 37 0 14 48
0.45 0.18 0.08 0.03 0.26
5 45 26 39 19
0.56 0.11 0.1 0.07 0.15
6 20 9 49 19
0.15 0.37 0.19 0.15 0.14
5 20 12 18 36
0.24 0.17 0.14 0.12 0.33
3 32 7 15 0
0.15 0.1 0.17 0.41 0.16
37 33 12 27 45
0.2 0.09 0.22 0.42 0.07
10 40 6 17 2
0.26 0.05 0.12 0.43 0.14
1 48 44 41 35
0.17 0.45 0.08 0.07 0.24
18 7 38 1 47
0.33 0.16 0.11 0.18 0.21
15 6 23 32 29
0.31 0.16 0.36 0.08 0.1
38 32 0 40 17
0.1 0.09 0.14 0.07 0.6
28 11 33 40 27
0.1 0.45 0.07 0.04 0.34
29 22 37 18 30
0.09 0.12 0.27 0.26 0.26
