#Number of options
50

#Assortments data
0 32 39 40 6
0.29 0.03 0.11 0.4 0.16
17 35 43 32 28
0.11 0.3 0.1 0.08 0.41
1 49 15 13 25
0.35 0.08 0.04 0.06 0.47
10 11 21 16 43
0.31 0.15 0.03 0.38 0.12
37 36 10 38 15
0.24 0.17 0.19 0.36 0.04
46 38 24 33 3
0.09 0.3 0.4 0.06 0.14
38 5 35 47 39
0.3 0.26 0.18 0.08 0.17
13 38 18 4 5
0.03 0.2 0.3 0.28 0.18
48 39 1 29 36
0.08 0.25 0.46 0.01 0.2
18 24 35 27 30
0.38 0.34 0.15 0.09 0.04
32 10 17 36 41
0.06 0.2 0.08 0.17 0.49
27 28 20 3 7
0.13 0.32 0.02 0.18 0.34
28 6 25 46 12
0.25 0.23 0.42 0.09 0.02
24 48 0 13 45
0.29 0.04 0.31 0.04 0.32
36 9 26 37 7
0.21 0.04 0.04 0.3 0.41
9 20 40 22 17
0.03 0.02 0.82 0.02 0.09
0 3 11 46 34
0.55 0.19 0.1 0.11 0.04
44 37 8 2 29
0.24 0.26 0.08 0.41 0.01
14 1 38 27 16
0.55 0.16 0.15 0.05 0.1
9 18 11 40 6
0.02 0.33 0.06 0.43 0.17
