#Number of options
50

#Assortments data
20 1 0 32 9
0.49 0.08 0.08 0.06 0.29
7 1 8 25 24
0.07 0.12 0.67 0.08 0.06
32 26 15 17 22
0.03 0.18 0.47 0.12 0.19
35 5 39 22 38
0.15 0.24 0.11 0.45 0.05
15 5 8 1 40
0.55 0.12 0.25 0.04 0.03
26 25 2 12 6
0.17 0.03 0.04 0.73 0.03
8 22 1 20 36
0.29 0.25 0.05 0.32 0.08
8 41 18 25 21
0.31 0.02 0.07 0.04 0.56
1 19 49 9 39
0.11 0.18 0.16 0.41 0.14
38 15 49 18 47
0.03 0.71 0.09 0.08 0.1
8 28 29 2 1
0.33 0.08 0.47 0.07 0.06
32 41 38 0 26
0.1 0.06 0.07 0.13 0.64
2 11 29 49 44
0.08 0.14 0.61 0.11 0.06
37 6 47 41 29
0.06 0.06 0.15 0.04 0.7
21 16 34 29 24
0.29 0.1 0.38 0.23 0.01
3 42 35 21 29
0.03 0.2 0.06 0.4 0.32
18 11 9 49 46
0.1 0.14 0.27 0.11 0.39
15 39 16 18 20
0.5 0.05 0.14 0.05 0.25
19 38 44 15 13
0.1 0.03 0.05 0.75 0.06
44 49 30 39 7
0.11 0.21 0.41 0.18 0.09
