#Number of options
50

#Assortments data
36 38 2 1 9
0.16 0.1 0.21 0.06 0.48
42 33 21 29 13
0.45 0.17 0.13 0.1 0.15
43 22 16 30 11
0.1 0.28 0.14 0.36 0.12
33 1 28 19 3
0.35 0.1 0.17 0.27 0.11
28 26 6 43 5
0.12 0.36 0.14 0.18 0.2
31 6 12 17 26
0.19 0.1 0.26 0.17 0.27
19 7 37 33 18
0.26 0.09 0.23 0.33 0.09
41 12 8 27 25
0.02 0.14 0.58 0.21 0.04
14 27 48 18 26
0.05 0.45 0.11 0.07 0.32
17 26 0 8 36
0.1 0.16 0.04 0.62 0.09
24 8 19 33 34
0.04 0.58 0.08 0.11 0.19
9 19 37 18 8
0.24 0.08 0.08 0.03 0.57
2 4 32 40 0
0.34 0.19 0.19 0.17 0.11
47 13 23 24 36
0.23 0.28 0.15 0.11 0.24
37 22 14 2 0
0.17 0.46 0.05 0.23 0.08
20 39 10 14 37
0.24 0.24 0.2 0.08 0.25
39 29 16 4 38
0.21 0.19 0.3 0.16 0.14
27 18 31 4 21
0.44 0.06 0.22 0.12 0.17
34 45 1 46 19
0.35 0.07 0.05 0.39 0.15
47 15 49 22 40
0.12 0.32 0.15 0.33 0.08
