#Number of options
50

#Assortments data
35 20 39 6 37
0.35 0.04 0.25 0.28 0.08
5 16 25 19 7
0.1 0.22 0.07 0.54 0.06
10 28 30 32 2
0.06 0.23 0.23 0.36 0.13
38 7 6 41 42
0.1 0.1 0.44 0.08 0.29
35 48 12 5 3
0.61 0.04 0.08 0.17 0.09
30 40 15 46 34
0.31 0.1 0.08 0.39 0.11
33 3 4 12 48
0.57 0.09 0.22 0.08 0.04
41 18 6 17 10
0.09 0.2 0.49 0.1 0.12
16 48 8 43 23
0.26 0.03 0.35 0.34 0.03
12 2 48 17 22
0.13 0.4 0.06 0.15 0.26
44 46 49 25 19
0.09 0.16 0.48 0.03 0.25
33 15 1 40 16
0.42 0.08 0.12 0.11 0.27
0 1 48 40 3
0.28 0.27 0.06 0.24 0.15
11 25 9 37 45
0.12 0.16 0.4 0.2 0.12
40 38 14 28 1
0.15 0.11 0.12 0.45 0.17
47 25 38 32 45
0.61 0.04 0.04 0.27 0.03
49 3 2 15 48
0.77 0.04 0.12 0.05 0.02
45 12 29 42 33
0.07 0.07 0.09 0.27 0.5
20 10 49 24 26
0.03 0.05 0.77 0.1 0.04
35 34 1 24 37
0.46 0.13 0.13 0.18 0.1
33 9 49 38 23
0.21 0.1 0.63 0.04 0.01
18 35 49 27 28
0.06 0.19 0.55 0.04 0.14
36 6 28 37 15
0.11 0.37 0.34 0.1 0.08
40 7 48 23 19
0.12 0.09 0.03 0.03 0.73
28 29 46 42 34
0.28 0.06 0.35 0.2 0.1
26 32 20 12 14
0.09 0.66 0.06 0.08 0.11
49 31 18 32 15
0.51 0.19 0.06 0.21 0.03
4 39 49 8 23
0.08 0.15 0.59 0.17 0.01
42 48 31 37 36
0.25 0.03 0.51 0.1 0.11
40 48 13 21 4
0.15 0.04 0.5 0.09 0.23
30 9 35 26 38
0.3 0.18 0.39 0.06 0.07
6 42 32 15 8
0.23 0.15 0.34 0.05 0.23
31 14 30 25 6
0.36 0.07 0.25 0.06 0.27
18 24 11 21 30
0.19 0.22 0.08 0.08 0.43
28 36 18 35 44
0.26 0.09 0.11 0.35 0.18
24 47 18 12 16
0.1 0.64 0.08 0.03 0.15
31 26 5 43 39
0.36 0.05 0.09 0.26 0.24
7 17 37 43 14
0.11 0.11 0.14 0.51 0.13
42 11 8 6 10
0.21 0.06 0.32 0.33 0.08
35 5 39 14 47
0.21 0.06 0.15 0.04 0.54
14 21 2 40 43
0.11 0.08 0.24 0.14 0.43
35 27 38 31 26
0.38 0.09 0.07 0.41 0.06
45 37 17 8 38
0.09 0.15 0.11 0.53 0.12
32 27 21 5 40
0.57 0.11 0.07 0.14 0.12
46 0 7 24 39
0.38 0.11 0.07 0.15 0.28
39 45 29 46 8
0.26 0.05 0.06 0.34 0.29
29 16 49 30 9
0.04 0.12 0.59 0.16 0.09
36 40 17 30 46
0.1 0.11 0.07 0.32 0.4
2 12 30 40 31
0.16 0.05 0.28 0.09 0.41
29 20 25 31 43
0.07 0.05 0.08 0.47 0.33
