#Number of options
50

#Assortments data
47 16 38 35 29
0.57 0.15 0.02 0.18 0.07
0 11 28 43 19
0.09 0.12 0.16 0.28 0.35
2 43 16 42 49
0.11 0.18 0.12 0.11 0.48
48 23 13 19 14
0.03 0.04 0.57 0.33 0.04
30 34 24 42 4
0.59 0.09 0.06 0.15 0.12
28 25 10 21 16
0.24 0.04 0.15 0.29 0.28
27 29 13 14 4
0.09 0.09 0.63 0.04 0.15
33 18 7 1 23
0.76 0.07 0.04 0.09 0.05
8 38 42 6 33
0.17 0.02 0.13 0.15 0.52
1 0 20 39 46
0.11 0.12 0.14 0.21 0.42
36 47 21 29 30
0.06 0.4 0.11 0.05 0.39
8 25 48 40 10
0.5 0.06 0.07 0.15 0.23
26 8 48 30 24
0.12 0.2 0.03 0.6 0.06
32 35 28 14 10
0.41 0.25 0.18 0.04 0.12
3 0 25 9 5
0.08 0.11 0.03 0.68 0.1
48 26 0 40 3
0.08 0.35 0.23 0.17 0.17
28 15 14 7 30
0.15 0.13 0.04 0.03 0.65
23 4 3 12 1
0.09 0.3 0.14 0.29 0.17
10 44 35 15 24
0.16 0.2 0.34 0.21 0.1
23 9 40 32 2
0.04 0.47 0.06 0.3 0.15
39 4 37 8 7
0.24 0.22 0.13 0.35 0.05
45 44 9 47 1
0.06 0.08 0.36 0.45 0.05
4 14 31 24 18
0.13 0.04 0.72 0.06 0.06
0 41 10 38 25
0.3 0.18 0.34 0.1 0.09
39 13 25 22 49
0.09 0.34 0.01 0.13 0.43
8 40 9 32 6
0.16 0.05 0.4 0.25 0.14
5 44 37 23 33
0.08 0.12 0.08 0.04 0.67
18 5 23 44 39
0.13 0.18 0.09 0.27 0.33
49 44 48 32 47
0.38 0.06 0.02 0.18 0.35
43 16 34 27 47
0.21 0.14 0.07 0.06 0.52
3 5 30 11 38
0.07 0.09 0.7 0.12 0.03
11 34 17 14 28
0.22 0.19 0.22 0.07 0.3
1 0 22 27 47
0.07 0.08 0.19 0.07 0.59
5 47 36 7 37
0.08 0.69 0.1 0.03 0.09
23 5 40 27 44
0.11 0.21 0.16 0.2 0.32
24 37 12 45 36
0.14 0.18 0.29 0.19 0.21
13 16 40 42 35
0.48 0.15 0.05 0.14 0.18
21 26 8 19 6
0.17 0.13 0.21 0.31 0.18
32 44 1 35 12
0.39 0.14 0.09 0.24 0.15
47 9 0 22 41
0.43 0.34 0.05 0.14 0.03
6 49 33 14 43
0.1 0.38 0.35 0.02 0.14
18 5 32 43 9
0.04 0.06 0.27 0.21 0.42
49 30 27 39 22
0.4 0.36 0.04 0.08 0.12
20 44 5 3 16
0.18 0.22 0.15 0.12 0.33
21 17 40 41 46
0.25 0.16 0.09 0.07 0.42
16 18 5 31 46
0.13 0.04 0.06 0.55 0.22
15 21 9 1 16
0.12 0.16 0.49 0.07 0.16
9 36 2 22 41
0.5 0.09 0.16 0.2 0.05
14 15 47 9 13
0.02 0.07 0.35 0.28 0.29
23 34 24 46 35
0.06 0.13 0.09 0.42 0.29
