#Number of options
50

#Assortments data
49 25 39 12 26
0.09 0.02 0.03 0.4 0.46
29 24 2 32 14
0.72 0.09 0.08 0.08 0.03
19 48 27 35 29
0.07 0.15 0.16 0.07 0.56
31 1 38 6 4
0.54 0.08 0.12 0.16 0.09
42 35 3 36 20
0.32 0.06 0.03 0.08 0.52
29 34 24 28 26
0.3 0.19 0.04 0.03 0.44
22 6 11 19 36
0.8 0.04 0.08 0.04 0.05
44 21 12 5 48
0.03 0.43 0.41 0.04 0.09
3 45 6 41 14
0.16 0.16 0.39 0.16 0.13
25 37 13 22 30
0.01 0.04 0.09 0.69 0.17
41 14 6 30 32
0.05 0.04 0.13 0.67 0.11
28 43 9 41 36
0.07 0.09 0.7 0.03 0.1
10 26 27 24 23
0.06 0.63 0.12 0.05 0.13
24 16 29 12 9
0.03 0.11 0.25 0.32 0.28
28 41 2 8 44
0.1 0.04 0.09 0.69 0.08
0 37 38 42 22
0.02 0.05 0.03 0.17 0.74
7 24 38 31 34
0.09 0.09 0.07 0.31 0.45
22 25 19 24 14
0.89 0.02 0.04 0.04 0.01
14 42 33 9 30
0.02 0.23 0.08 0.42 0.25
37 32 6 36 7
0.25 0.16 0.18 0.23 0.18
33 42 26 4 16
0.08 0.22 0.52 0.03 0.15
10 43 23 27 21
0.06 0.07 0.14 0.13 0.6
6 30 49 13 28
0.08 0.43 0.17 0.24 0.07
34 39 21 43 32
0.26 0.04 0.58 0.06 0.05
38 5 48 2 12
0.05 0.06 0.14 0.06 0.68
13 16 1 8 6
0.2 0.24 0.04 0.45 0.07
6 48 0 17 1
0.17 0.36 0.1 0.28 0.09
0 9 47 39 6
0.04 0.67 0.14 0.06 0.08
7 43 35 46 41
0.11 0.13 0.11 0.61 0.04
21 39 22 0 10
0.3 0.02 0.62 0.02 0.03
24 5 32 29 33
0.08 0.08 0.07 0.64 0.14
24 13 44 25 31
0.12 0.35 0.09 0.05 0.4
37 30 16 22 49
0.04 0.16 0.1 0.64 0.06
44 12 13 23 24
0.04 0.59 0.17 0.14 0.06
37 0 8 4 12
0.07 0.03 0.34 0.03 0.53
31 46 8 18 49
0.19 0.31 0.36 0.03 0.12
16 15 11 28 47
0.19 0.53 0.12 0.05 0.1
25 20 24 40 43
0.04 0.71 0.08 0.06 0.1
42 35 45 41 34
0.43 0.08 0.04 0.03 0.42
6 20 42 36 15
0.04 0.33 0.2 0.05 0.38
28 31 33 45 23
0.1 0.38 0.19 0.05 0.28
31 36 20 16 46
0.15 0.06 0.38 0.16 0.25
24 1 19 38 43
0.22 0.12 0.23 0.17 0.27
21 9 24 18 3
0.5 0.41 0.05 0.02 0.02
46 39 5 29 42
0.27 0.04 0.05 0.39 0.25
7 37 29 41 22
0.03 0.04 0.24 0.01 0.67
39 2 20 34 36
0.05 0.06 0.51 0.31 0.08
6 12 26 42 29
0.03 0.28 0.33 0.14 0.22
48 11 13 3 34
0.17 0.18 0.23 0.03 0.39
28 35 24 21 0
0.06 0.07 0.07 0.76 0.04
