#Number of options
50

#Assortments data
23 42 18 48 38
0.04 0.05 0.41 0.04 0.46
44 6 47 29 35
0.41 0.24 0.12 0.02 0.21
16 31 1 37 20
0.26 0.04 0.36 0.3 0.04
35 2 36 31 16
0.18 0.32 0.18 0.04 0.28
20 21 33 35 15
0.12 0.07 0.19 0.49 0.13
41 14 31 2 29
0.29 0.31 0.04 0.33 0.02
14 45 35 2 33
0.24 0.3 0.14 0.26 0.06
32 9 0 2 13
0.09 0.05 0.49 0.32 0.05
36 17 39 16 37
0.16 0.19 0.11 0.25 0.28
31 5 21 8 18
0.04 0.32 0.02 0.1 0.52
3 43 35 24 11
0.3 0.03 0.14 0.42 0.12
39 44 7 33 18
0.08 0.23 0.28 0.05 0.36
33 14 26 6 38
0.06 0.25 0.02 0.17 0.5
38 40 43 19 37
0.39 0.23 0.02 0.15 0.21
15 19 39 43 1
0.06 0.28 0.15 0.04 0.47
24 20 4 31 21
0.49 0.04 0.41 0.04 0.02
47 21 25 41 44
0.09 0.02 0.31 0.26 0.31
42 26 6 37 30
0.1 0.04 0.28 0.46 0.12
29 1 2 38 31
0.01 0.28 0.24 0.44 0.03
34 2 8 16 43
0.09 0.4 0.13 0.35 0.04
