#Number of options
50

#Assortments data
2 24 27 1 15
0.25 0.21 0.12 0.32 0.1
14 37 21 7 10
0.37 0.3 0.04 0.17 0.12
35 4 2 7 5
0.37 0.3 0.15 0.09 0.09
16 43 32 35 4
0.11 0.18 0.11 0.33 0.27
8 44 46 25 30
0.12 0.56 0.09 0.11 0.12
4 39 44 20 18
0.23 0.26 0.39 0.03 0.08
2 28 21 5 1
0.19 0.43 0.03 0.11 0.25
4 25 24 18 19
0.31 0.11 0.13 0.11 0.35
45 30 35 25 37
0.21 0.12 0.39 0.11 0.16
3 27 32 44 22
0.06 0.09 0.16 0.65 0.03
46 15 38 31 49
0.13 0.09 0.12 0.2 0.47
44 13 19 30 46
0.42 0.13 0.28 0.09 0.07
5 47 28 3 27
0.13 0.21 0.49 0.07 0.11
45 38 48 28 0
0.23 0.09 0.03 0.39 0.26
38 25 28 27 19
0.08 0.11 0.36 0.08 0.36
0 18 42 32 20
0.39 0.19 0.13 0.23 0.06
20 27 0 31 26
0.07 0.15 0.46 0.27 0.04
27 36 22 2 34
0.2 0.24 0.05 0.39 0.11
6 11 19 45 41
0.45 0.05 0.27 0.16 0.07
22 1 19 44 31
0.02 0.16 0.28 0.43 0.11
25 46 28 47 23
0.15 0.12 0.48 0.21 0.05
25 30 48 20 39
0.17 0.18 0.05 0.06 0.55
37 43 11 5 10
0.27 0.35 0.11 0.16 0.11
7 10 39 23 14
0.12 0.09 0.48 0.05 0.26
35 11 32 24 0
0.4 0.07 0.14 0.14 0.24
29 10 1 2 47
0.03 0.11 0.34 0.26 0.26
3 41 39 37 9
0.07 0.12 0.48 0.21 0.13
31 27 1 18 17
0.22 0.13 0.33 0.18 0.14
47 42 22 24 18
0.31 0.16 0.04 0.26 0.23
26 3 1 34 2
0.04 0.1 0.43 0.09 0.33
16 3 7 9 42
0.3 0.11 0.2 0.21 0.18
10 6 34 0 12
0.07 0.61 0.05 0.24 0.04
38 44 31 46 0
0.08 0.5 0.13 0.08 0.22
37 0 24 5 18
0.22 0.32 0.18 0.13 0.16
36 6 11 22 28
0.08 0.52 0.06 0.02 0.31
13 34 6 22 33
0.16 0.04 0.58 0.02 0.19
11 27 22 13 26
0.19 0.22 0.06 0.47 0.06
5 13 2 43 39
0.09 0.17 0.16 0.21 0.37
23 33 4 42 24
0.05 0.26 0.42 0.11 0.18
2 12 38 32 29
0.37 0.08 0.19 0.32 0.04
40 12 18 3 30
0.52 0.05 0.17 0.08 0.18
13 42 35 39 29
0.16 0.08 0.38 0.36 0.02
5 30 20 46 8
0.21 0.26 0.08 0.19 0.25
29 36 2 48 47
0.04 0.21 0.34 0.07 0.34
49 1 26 14 46
0.39 0.24 0.03 0.23 0.1
23 13 48 21 27
0.11 0.5 0.09 0.06 0.23
30 1 40 41 15
0.15 0.25 0.42 0.11 0.07
10 17 38 8 0
0.11 0.15 0.14 0.2 0.4
12 38 28 46 5
0.05 0.12 0.55 0.13 0.14
33 17 5 34 43
0.31 0.14 0.15 0.07 0.33
