#Number of options
50

#Assortments data
23 16 33 43 37
0.14 0.18 0.04 0.04 0.6
26 6 44 10 22
0.05 0.28 0.11 0.54 0.03
4 27 40 21 25
0.16 0.08 0.21 0.02 0.53
0 15 2 21 44
0.24 0.05 0.53 0.04 0.13
9 48 7 22 13
0.05 0.12 0.78 0.03 0.03
1 21 39 35 45
0.46 0.03 0.07 0.08 0.35
28 44 48 24 30
0.33 0.1 0.12 0.34 0.1
21 13 7 14 32
0.03 0.03 0.71 0.2 0.03
39 3 0 47 48
0.06 0.61 0.15 0.08 0.1
3 41 14 21 19
0.47 0.32 0.14 0.02 0.05
6 35 44 43 47
0.43 0.14 0.17 0.08 0.17
23 13 8 29 40
0.28 0.05 0.12 0.03 0.53
8 48 15 24 42
0.1 0.16 0.05 0.45 0.23
8 15 44 26 34
0.21 0.11 0.28 0.13 0.26
13 21 15 2 36
0.03 0.03 0.04 0.44 0.46
28 11 9 30 42
0.32 0.37 0.05 0.1 0.16
2 43 33 4 13
0.53 0.06 0.06 0.31 0.04
24 14 40 7 4
0.18 0.12 0.17 0.41 0.13
25 46 38 39 19
0.47 0.04 0.39 0.04 0.05
20 48 19 2 18
0.05 0.12 0.08 0.4 0.35
9 22 24 37 6
0.04 0.02 0.24 0.53 0.18
3 32 40 0 30
0.54 0.02 0.23 0.13 0.07
26 36 22 6 30
0.05 0.51 0.03 0.29 0.12
24 40 1 21 34
0.27 0.26 0.37 0.03 0.07
22 3 25 49 40
0.01 0.38 0.41 0.03 0.16
10 36 25 9 32
0.27 0.24 0.45 0.03 0.02
18 13 29 48 32
0.64 0.05 0.03 0.22 0.05
19 36 47 34 18
0.08 0.41 0.09 0.09 0.34
27 34 22 33 23
0.25 0.2 0.06 0.11 0.38
23 49 4 13 33
0.31 0.12 0.43 0.05 0.09
15 32 41 34 44
0.05 0.04 0.67 0.12 0.13
5 23 48 19 4
0.49 0.14 0.1 0.07 0.2
44 11 35 2 23
0.09 0.34 0.07 0.36 0.15
13 43 46 39 7
0.03 0.05 0.07 0.07 0.78
9 40 48 7 20
0.04 0.25 0.09 0.59 0.04
25 28 41 5 31
0.36 0.14 0.23 0.26 0.02
38 32 33 10 30
0.51 0.02 0.04 0.36 0.07
20 22 49 7 31
0.05 0.03 0.07 0.81 0.04
4 46 2 1 21
0.19 0.06 0.33 0.38 0.03
27 40 24 49 21
0.13 0.37 0.38 0.08 0.04
15 39 25 44 35
0.04 0.07 0.74 0.09 0.07
27 2 34 47 14
0.12 0.44 0.1 0.1 0.24
36 8 26 18 41
0.3 0.05 0.03 0.25 0.37
42 30 25 1 2
0.09 0.05 0.42 0.24 0.21
40 23 35 32 46
0.48 0.25 0.12 0.04 0.11
38 0 4 19 7
0.35 0.09 0.12 0.04 0.39
14 0 18 46 38
0.15 0.12 0.23 0.05 0.45
23 11 39 8 17
0.15 0.34 0.06 0.07 0.38
7 49 2 25 31
0.37 0.03 0.19 0.39 0.02
6 23 4 25 2
0.13 0.09 0.13 0.43 0.22
