#Number of options
50

#Assortments data
19 25 41 15 47
0.11 0.05 0.07 0.7 0.08
18 41 46 9 20
0.05 0.02 0.12 0.13 0.68
28 19 45 12 10
0.06 0.07 0.03 0.7 0.14
49 37 39 12 17
0.09 0.05 0.03 0.68 0.15
10 29 2 47 4
0.18 0.63 0.08 0.07 0.04
40 46 25 14 47
0.06 0.61 0.08 0.11 0.13
14 23 28 18 30
0.08 0.35 0.11 0.18 0.28
34 9 1 22 38
0.4 0.18 0.04 0.34 0.04
17 18 49 22 38
0.16 0.11 0.09 0.57 0.07
49 46 6 17 12
0.07 0.2 0.04 0.12 0.56
43 26 44 23 37
0.05 0.49 0.05 0.32 0.09
2 34 16 13 18
0.06 0.65 0.1 0.08 0.1
41 3 43 47 20
0.03 0.06 0.02 0.03 0.87
45 11 25 15 30
0.03 0.23 0.04 0.52 0.18
40 9 38 43 20
0.01 0.15 0.03 0.02 0.78
44 26 19 34 47
0.03 0.27 0.07 0.59 0.05
46 21 10 13 35
0.31 0.32 0.17 0.1 0.09
4 39 16 44 19
0.12 0.12 0.38 0.11 0.26
19 10 46 23 44
0.1 0.2 0.37 0.28 0.04
12 25 28 27 22
0.4 0.02 0.03 0.23 0.31
46 39 14 7 4
0.54 0.07 0.1 0.22 0.07
25 8 21 17 12
0.02 0.14 0.2 0.12 0.53
25 47 33 39 40
0.18 0.28 0.22 0.18 0.14
3 26 23 8 7
0.11 0.34 0.22 0.21 0.12
34 47 6 46 15
0.44 0.04 0.03 0.17 0.32
40 2 45 29 8
0.03 0.08 0.04 0.62 0.23
6 37 10 4 20
0.03 0.03 0.08 0.02 0.84
14 2 8 47 37
0.12 0.16 0.45 0.13 0.14
18 11 1 35 31
0.19 0.38 0.12 0.14 0.17
23 32 48 26 7
0.23 0.08 0.22 0.35 0.12
9 15 6 46 4
0.26 0.43 0.05 0.23 0.03
45 31 0 25 7
0.1 0.3 0.15 0.11 0.35
8 19 22 31 36
0.18 0.07 0.54 0.09 0.12
1 14 29 5 0
0.08 0.06 0.59 0.22 0.06
13 49 47 44 40
0.29 0.32 0.19 0.11 0.09
46 3 43 11 34
0.21 0.08 0.02 0.17 0.52
19 5 36 3 29
0.08 0.18 0.13 0.1 0.51
12 48 13 38 44
0.66 0.18 0.08 0.06 0.03
48 34 1 43 36
0.18 0.61 0.06 0.03 0.12
34 1 20 43 29
0.24 0.02 0.55 0.01 0.18
46 37 33 15 1
0.29 0.06 0.05 0.53 0.07
10 44 6 41 36
0.36 0.08 0.13 0.11 0.32
5 0 41 35 43
0.47 0.12 0.12 0.21 0.08
6 36 39 18 4
0.14 0.36 0.1 0.3 0.09
12 5 14 47 15
0.49 0.12 0.03 0.04 0.32
49 47 38 5 27
0.11 0.07 0.08 0.23 0.51
9 17 11 8 19
0.32 0.17 0.23 0.2 0.08
17 44 33 12 25
0.16 0.03 0.04 0.73 0.03
2 16 23 42 3
0.07 0.12 0.23 0.46 0.11
24 14 21 15 35
0.04 0.05 0.3 0.53 0.09
