#Number of options
50

#Assortments data
3 21 38 1 17
0.11 0.55 0.07 0.14 0.13
34 28 44 19 22
0.25 0.16 0.12 0.16 0.31
36 5 18 27 44
0.24 0.22 0.11 0.26 0.17
20 8 44 28 6
0.12 0.58 0.09 0.12 0.09
29 9 44 35 12
0.18 0.44 0.07 0.15 0.16
41 11 34 39 14
0.06 0.16 0.37 0.34 0.06
28 35 36 40 42
0.19 0.29 0.21 0.05 0.25
16 23 4 1 15
0.12 0.11 0.05 0.08 0.64
21 7 42 13 12
0.3 0.04 0.17 0.29 0.21
2 40 36 8 45
0.1 0.04 0.14 0.65 0.07
36 21 5 48 14
0.21 0.47 0.19 0.07 0.06
23 17 48 8 39
0.1 0.07 0.04 0.61 0.18
12 8 7 35 49
0.14 0.43 0.02 0.13 0.28
10 27 7 14 9
0.08 0.17 0.04 0.04 0.68
49 3 33 26 14
0.36 0.05 0.16 0.4 0.03
41 9 12 29 7
0.03 0.53 0.19 0.22 0.03
20 41 34 29 46
0.12 0.03 0.19 0.22 0.44
39 28 38 22 6
0.26 0.18 0.05 0.36 0.14
10 42 26 28 0
0.07 0.19 0.49 0.14 0.1
12 6 24 1 29
0.31 0.15 0.06 0.12 0.36
40 20 37 48 14
0.11 0.38 0.26 0.13 0.11
46 0 12 27 35
0.43 0.08 0.19 0.13 0.17
36 22 35 41 21
0.15 0.27 0.21 0.04 0.33
17 21 35 12 39
0.07 0.31 0.2 0.22 0.19
44 3 30 17 28
0.09 0.05 0.67 0.07 0.12
11 49 22 42 40
0.09 0.43 0.26 0.18 0.04
22 41 31 2 21
0.18 0.02 0.5 0.07 0.22
17 15 42 26 48
0.05 0.46 0.12 0.33 0.03
49 41 35 47 25
0.44 0.04 0.21 0.26 0.05
20 24 25 30 17
0.13 0.04 0.05 0.71 0.07
29 14 43 0 21
0.25 0.04 0.31 0.1 0.31
38 7 41 5 6
0.11 0.11 0.1 0.37 0.3
39 23 46 13 2
0.16 0.09 0.41 0.25 0.09
8 16 35 15 28
0.37 0.07 0.11 0.37 0.08
22 10 35 49 25
0.26 0.07 0.2 0.42 0.05
26 30 9 17 39
0.22 0.35 0.3 0.04 0.09
15 42 6 16 30
0.37 0.1 0.06 0.07 0.41
34 33 47 43 10
0.2 0.18 0.24 0.31 0.07
36 13 30 8 39
0.07 0.15 0.36 0.32 0.09
37 17 38 49 22
0.1 0.08 0.04 0.48 0.29
25 41 21 36 43
0.06 0.04 0.36 0.17 0.37
39 34 46 13 40
0.15 0.17 0.4 0.25 0.03
13 6 4 30 29
0.21 0.07 0.03 0.51 0.17
4 7 5 44 22
0.08 0.06 0.23 0.17 0.45
1 30 42 12 36
0.06 0.54 0.13 0.16 0.11
33 28 34 18 1
0.28 0.2 0.31 0.09 0.12
9 20 48 30 21
0.33 0.07 0.02 0.4 0.17
0 10 44 43 25
0.15 0.11 0.16 0.5 0.08
1 40 49 23 39
0.1 0.04 0.5 0.13 0.23
34 25 48 18 4
0.5 0.13 0.11 0.15 0.11
