#Number of options
50

#Assortments data
9 35 18 34 38
0.09 0.61 0.18 0.05 0.07
43 32 2 20 13
0.13 0.19 0.39 0.08 0.21
21 27 30 43 48
0.06 0.18 0.47 0.23 0.06
39 35 6 10 44
0.19 0.44 0.13 0.02 0.22
31 28 37 27 22
0.18 0.43 0.17 0.13 0.08
23 34 40 22 14
0.09 0.17 0.36 0.16 0.22
34 21 48 44 5
0.1 0.05 0.05 0.64 0.16
19 47 43 1 2
0.39 0.19 0.09 0.09 0.25
47 8 17 24 44
0.26 0.11 0.05 0.19 0.39
4 31 24 34 26
0.33 0.2 0.3 0.09 0.09
0 18 31 42 9
0.33 0.28 0.15 0.09 0.14
39 33 31 2 28
0.26 0.14 0.1 0.26 0.24
31 7 49 27 36
0.15 0.06 0.56 0.11 0.12
1 43 17 21 25
0.33 0.3 0.14 0.08 0.15
30 0 6 33 37
0.23 0.26 0.22 0.17 0.11
7 46 41 42 32
0.1 0.33 0.11 0.15 0.31
23 0 36 34 5
0.06 0.49 0.18 0.11 0.17
42 8 18 20 45
0.12 0.16 0.36 0.1 0.25
23 29 44 38 48
0.06 0.04 0.69 0.16 0.06
0 19 30 21 2
0.19 0.38 0.17 0.02 0.24
