#Number of options
50

#Assortments data
40 34 29 36 16
0.06 0.14 0.03 0.59 0.18
32 15 37 21 39
0.16 0.19 0.41 0.11 0.13
5 18 47 20 44
0.52 0.2 0.07 0.13 0.08
25 17 26 22 34
0.11 0.51 0.05 0.05 0.28
2 15 24 41 26
0.25 0.15 0.31 0.21 0.08
24 35 23 22 13
0.28 0.12 0.43 0.07 0.1
25 8 43 9 7
0.17 0.29 0.04 0.17 0.34
41 14 15 27 12
0.13 0.07 0.09 0.52 0.19
5 31 44 23 17
0.41 0.04 0.06 0.18 0.31
33 5 26 14 3
0.03 0.55 0.04 0.05 0.33
1 9 37 23 19
0.23 0.13 0.2 0.31 0.14
42 16 31 40 23
0.21 0.35 0.06 0.11 0.28
11 13 3 2 4
0.56 0.04 0.25 0.09 0.07
41 2 13 0 37
0.2 0.24 0.1 0.18 0.29
34 32 36 20 24
0.15 0.04 0.62 0.09 0.1
18 1 48 39 42
0.25 0.2 0.28 0.05 0.21
18 17 3 25 22
0.2 0.38 0.31 0.08 0.04
23 42 11 21 5
0.13 0.1 0.43 0.02 0.31
9 33 22 49 0
0.31 0.09 0.13 0.18 0.3
8 23 25 6 24
0.21 0.32 0.12 0.14 0.21
