#Number of options
50

#Assortments data
13 2 5 38 33
0.19 0.22 0.11 0.09 0.38
17 35 47 25 45
0.06 0.38 0.33 0.07 0.16
40 2 44 34 15
0.24 0.2 0.37 0.1 0.09
49 25 11 4 12
0.54 0.08 0.06 0.26 0.07
20 41 23 44 36
0.1 0.1 0.07 0.64 0.09
39 11 14 5 26
0.66 0.06 0.11 0.11 0.06
25 22 41 10 28
0.13 0.07 0.09 0.07 0.63
12 5 34 2 4
0.09 0.14 0.13 0.27 0.37
13 4 37 20 12
0.25 0.39 0.19 0.08 0.1
35 2 6 33 28
0.25 0.11 0.23 0.19 0.22
39 48 44 30 47
0.4 0.01 0.23 0.11 0.24
25 48 34 27 36
0.22 0.06 0.26 0.31 0.14
29 7 38 16 20
0.04 0.17 0.16 0.52 0.11
43 22 35 49 21
0.17 0.03 0.34 0.44 0.02
3 48 27 12 35
0.1 0.03 0.16 0.1 0.62
0 23 31 28 33
0.21 0.03 0.25 0.27 0.24
30 18 46 26 40
0.2 0.25 0.21 0.07 0.27
48 3 47 39 45
0.02 0.05 0.3 0.49 0.15
39 33 10 32 41
0.44 0.24 0.03 0.24 0.04
24 43 48 23 19
0.17 0.23 0.02 0.04 0.53
49 46 39 20 4
0.33 0.11 0.37 0.03 0.16
43 31 17 12 30
0.25 0.4 0.08 0.08 0.19
39 45 20 21 40
0.55 0.17 0.05 0.02 0.21
49 2 4 15 25
0.47 0.17 0.23 0.07 0.07
4 33 47 48 25
0.25 0.31 0.35 0.02 0.07
22 7 4 11 8
0.08 0.15 0.49 0.11 0.17
26 10 33 3 31
0.06 0.05 0.39 0.08 0.41
38 32 30 41 48
0.12 0.51 0.26 0.08 0.03
12 33 47 29 21
0.08 0.41 0.45 0.03 0.03
5 13 42 48 31
0.13 0.21 0.2 0.03 0.44
33 49 27 17 37
0.28 0.46 0.09 0.06 0.11
43 8 11 21 2
0.37 0.16 0.1 0.04 0.33
24 31 32 2 48
0.16 0.33 0.31 0.18 0.02
43 34 41 14 23
0.43 0.18 0.11 0.2 0.08
2 15 11 16 20
0.3 0.13 0.09 0.38 0.08
45 22 15 27 32
0.24 0.06 0.11 0.15 0.44
46 41 31 24 6
0.15 0.05 0.3 0.14 0.35
49 6 45 5 39
0.3 0.22 0.1 0.05 0.33
32 6 18 37 4
0.25 0.3 0.16 0.1 0.2
29 47 46 39 12
0.02 0.3 0.14 0.49 0.05
10 18 25 4 30
0.05 0.28 0.1 0.35 0.22
46 14 30 33 15
0.2 0.12 0.19 0.39 0.1
46 8 47 2 13
0.18 0.09 0.37 0.2 0.17
20 25 47 14 28
0.05 0.08 0.38 0.1 0.39
24 48 28 29 18
0.21 0.03 0.47 0.03 0.27
36 48 18 42 11
0.1 0.04 0.42 0.32 0.12
31 4 8 48 46
0.39 0.29 0.1 0.02 0.2
5 20 13 32 30
0.12 0.07 0.21 0.4 0.2
23 12 22 19 40
0.05 0.08 0.05 0.57 0.26
40 17 47 22 16
0.24 0.07 0.39 0.05 0.26
