#Number of options
50

#Assortments data
31 27 28 13 43
0.24 0.39 0.12 0.16 0.09
1 6 37 4 35
0.11 0.25 0.16 0.16 0.32
32 16 15 42 5
0.05 0.14 0.47 0.25 0.09
7 26 20 24 36
0.04 0.17 0.55 0.07 0.18
3 2 23 20 14
0.04 0.07 0.17 0.68 0.04
3 10 22 14 42
0.06 0.17 0.34 0.05 0.38
49 48 25 2 46
0.11 0.23 0.06 0.1 0.5
27 6 14 26 22
0.29 0.11 0.04 0.25 0.3
40 0 39 10 21
0.08 0.1 0.09 0.17 0.57
42 7 40 4 39
0.54 0.1 0.12 0.11 0.13
12 19 4 18 27
0.59 0.06 0.05 0.1 0.2
48 35 24 39 28
0.31 0.24 0.17 0.13 0.15
5 32 49 24 1
0.27 0.16 0.21 0.24 0.12
13 9 21 2 36
0.09 0.2 0.42 0.07 0.21
10 42 40 5 16
0.18 0.38 0.09 0.13 0.22
36 6 41 31 28
0.39 0.16 0.05 0.26 0.13
17 19 47 27 24
0.32 0.1 0.14 0.33 0.11
43 35 1 5 47
0.14 0.29 0.1 0.23 0.25
36 18 46 26 19
0.23 0.13 0.35 0.22 0.08
37 12 47 15 4
0.04 0.49 0.07 0.36 0.04
