#Number of options
50

#Assortments data
4 43 41 13 42
0.16 0.26 0.04 0.28 0.26
5 23 8 49 26
0.13 0.06 0.47 0.17 0.18
48 29 18 7 9
0.09 0.18 0.09 0.08 0.57
6 21 44 29 20
0.12 0.17 0.14 0.24 0.33
2 45 8 22 43
0.09 0.04 0.45 0.24 0.18
42 17 36 48 12
0.26 0.16 0.24 0.11 0.23
13 45 38 23 11
0.43 0.08 0.08 0.12 0.28
0 11 49 38 32
0.2 0.21 0.28 0.06 0.25
33 17 27 38 40
0.37 0.14 0.37 0.05 0.06
25 3 1 41 49
0.18 0.09 0.12 0.09 0.52
22 31 41 11 35
0.25 0.33 0.03 0.13 0.26
32 26 34 1 33
0.16 0.17 0.34 0.04 0.29
4 48 10 38 47
0.2 0.13 0.17 0.07 0.43
33 12 18 40 32
0.39 0.22 0.1 0.07 0.21
32 43 20 14 6
0.22 0.26 0.3 0.11 0.11
48 18 0 34 9
0.07 0.07 0.11 0.32 0.43
11 26 43 38 30
0.12 0.16 0.17 0.04 0.51
26 37 44 47 43
0.23 0.07 0.12 0.33 0.25
0 21 4 26 46
0.1 0.08 0.09 0.14 0.59
18 15 12 28 38
0.1 0.38 0.22 0.25 0.05
8 9 34 38 17
0.32 0.33 0.24 0.03 0.08
41 26 39 25 15
0.04 0.24 0.24 0.08 0.39
41 29 14 39 13
0.05 0.24 0.12 0.28 0.31
16 30 38 18 25
0.18 0.62 0.04 0.09 0.07
47 18 20 44 1
0.37 0.11 0.32 0.13 0.06
18 45 13 20 1
0.14 0.07 0.35 0.38 0.07
32 27 4 40 30
0.14 0.25 0.1 0.04 0.47
24 41 12 32 26
0.16 0.05 0.26 0.25 0.28
9 43 34 23 37
0.42 0.17 0.31 0.05 0.05
18 23 16 9 24
0.09 0.07 0.18 0.55 0.11
39 16 32 38 46
0.14 0.12 0.12 0.03 0.58
28 48 17 8 6
0.2 0.08 0.12 0.51 0.09
20 39 43 11 9
0.18 0.15 0.16 0.11 0.4
42 25 38 37 33
0.3 0.1 0.06 0.09 0.46
29 40 18 49 28
0.24 0.08 0.12 0.27 0.29
18 35 33 44 48
0.1 0.33 0.37 0.11 0.1
32 14 0 6 11
0.28 0.14 0.22 0.14 0.23
46 23 28 33 30
0.4 0.03 0.1 0.16 0.3
12 46 41 36 18
0.14 0.62 0.03 0.15 0.06
24 1 4 16 8
0.11 0.05 0.13 0.18 0.53
45 22 8 29 17
0.04 0.24 0.46 0.15 0.11
26 12 35 43 18
0.2 0.19 0.3 0.22 0.09
11 24 3 4 37
0.3 0.23 0.07 0.27 0.13
27 28 10 43 25
0.35 0.23 0.12 0.23 0.07
49 35 7 11 3
0.26 0.39 0.1 0.19 0.05
38 48 31 13 24
0.05 0.1 0.44 0.27 0.13
14 31 33 35 21
0.07 0.3 0.28 0.25 0.1
5 48 45 12 38
0.28 0.17 0.09 0.37 0.09
26 9 8 23 37
0.14 0.39 0.38 0.05 0.05
44 25 47 31 37
0.11 0.08 0.32 0.41 0.07
