#Number of options
50

#Assortments data
49 14 47 44 42
0.21 0.04 0.2 0.17 0.38
30 6 48 18 12
0.46 0.05 0.06 0.05 0.38
13 32 45 43 21
0.12 0.08 0.01 0.08 0.72
28 11 40 2 17
0.23 0.29 0.05 0.17 0.27
24 30 31 11 7
0.03 0.46 0.33 0.14 0.04
25 46 33 16 4
0.06 0.39 0.28 0.22 0.05
42 37 11 12 9
0.12 0.03 0.1 0.28 0.48
6 17 12 35 28
0.07 0.16 0.49 0.14 0.14
38 35 43 40 49
0.09 0.29 0.33 0.06 0.23
26 49 2 38 0
0.87 0.04 0.04 0.02 0.03
24 15 9 12 11
0.02 0.26 0.4 0.23 0.09
49 48 23 11 31
0.13 0.08 0.13 0.2 0.46
0 14 7 38 40
0.37 0.11 0.2 0.19 0.14
7 10 18 14 37
0.16 0.4 0.2 0.08 0.16
7 5 42 1 21
0.02 0.07 0.11 0.04 0.76
35 28 4 23 5
0.25 0.24 0.08 0.2 0.23
25 1 48 27 40
0.09 0.11 0.12 0.64 0.05
25 12 21 29 47
0.02 0.18 0.54 0.22 0.04
4 29 49 15 2
0.03 0.44 0.08 0.38 0.07
35 29 42 7 47
0.13 0.55 0.19 0.04 0.1
