#Number of options
50

#Assortments data
26 21 16 23 28
0.05 0.02 0.36 0.04 0.52
9 17 40 11 16
0.13 0.1 0.27 0.11 0.38
9 44 8 26 28
0.09 0.39 0.09 0.04 0.39
42 9 39 3 16
0.1 0.11 0.37 0.12 0.3
27 23 15 22 37
0.3 0.09 0.21 0.07 0.33
43 40 15 10 9
0.17 0.38 0.15 0.12 0.19
30 39 14 12 42
0.11 0.43 0.31 0.04 0.12
43 46 42 10 45
0.14 0.27 0.15 0.11 0.33
15 1 40 23 49
0.13 0.27 0.32 0.05 0.23
24 31 10 43 25
0.46 0.14 0.07 0.1 0.24
16 8 33 7 35
0.3 0.1 0.08 0.2 0.32
14 18 31 34 1
0.33 0.21 0.17 0.07 0.22
5 18 41 47 7
0.21 0.22 0.14 0.17 0.26
26 7 43 18 0
0.04 0.17 0.08 0.14 0.57
38 25 22 26 35
0.15 0.31 0.04 0.06 0.44
11 21 48 41 38
0.24 0.06 0.12 0.28 0.3
24 15 43 19 9
0.4 0.08 0.08 0.35 0.09
31 13 3 10 48
0.29 0.2 0.26 0.15 0.1
1 10 24 34 12
0.23 0.09 0.56 0.07 0.05
23 1 19 17 22
0.05 0.25 0.54 0.12 0.04
46 42 43 3 35
0.22 0.12 0.12 0.15 0.4
11 20 39 36 0
0.07 0.03 0.28 0.09 0.53
46 8 9 18 17
0.28 0.16 0.17 0.27 0.13
37 8 39 4 17
0.12 0.09 0.34 0.36 0.08
46 10 13 45 7
0.23 0.09 0.12 0.28 0.27
17 26 48 41 43
0.22 0.12 0.12 0.29 0.25
48 34 15 7 46
0.08 0.1 0.15 0.36 0.31
26 17 12 42 28
0.06 0.12 0.05 0.14 0.62
33 35 43 15 24
0.08 0.31 0.09 0.08 0.43
31 2 7 37 24
0.1 0.35 0.15 0.09 0.32
36 22 38 8 44
0.14 0.04 0.15 0.13 0.55
18 15 5 28 31
0.17 0.09 0.16 0.44 0.14
49 34 20 36 16
0.23 0.09 0.07 0.17 0.45
5 31 20 14 38
0.23 0.19 0.06 0.37 0.16
45 31 46 22 37
0.32 0.2 0.26 0.04 0.19
28 5 35 7 11
0.36 0.13 0.27 0.17 0.07
9 4 24 43 40
0.08 0.31 0.36 0.08 0.17
45 18 23 22 21
0.46 0.36 0.07 0.06 0.04
12 1 17 26 0
0.04 0.17 0.08 0.04 0.67
3 48 44 45 32
0.13 0.05 0.47 0.23 0.12
37 36 21 32 39
0.18 0.15 0.03 0.15 0.49
31 9 35 12 20
0.21 0.16 0.5 0.06 0.07
19 21 47 43 20
0.57 0.03 0.2 0.14 0.07
44 15 7 16 5
0.36 0.07 0.17 0.25 0.14
28 3 11 45 31
0.44 0.12 0.09 0.22 0.13
5 39 29 46 20
0.21 0.48 0.02 0.23 0.06
24 35 40 11 8
0.38 0.28 0.18 0.08 0.08
46 5 23 17 31
0.3 0.28 0.06 0.14 0.23
24 37 14 46 21
0.43 0.13 0.25 0.17 0.02
10 18 37 15 8
0.13 0.31 0.23 0.15 0.18
