#Number of options
50

#Assortments data
0 28 30 9 6
0.19 0.34 0.15 0.08 0.24
10 6 41 37 28
0.08 0.25 0.18 0.15 0.35
19 18 37 26 28
0.2 0.21 0.17 0.02 0.39
16 0 29 8 5
0.36 0.2 0.02 0.13 0.29
35 49 32 25 34
0.5 0.2 0.07 0.14 0.08
15 0 2 31 34
0.06 0.26 0.54 0.07 0.07
22 23 42 48 26
0.09 0.19 0.45 0.2 0.07
24 18 46 8 31
0.42 0.23 0.14 0.15 0.06
2 14 9 10 46
0.47 0.21 0.09 0.09 0.13
46 22 43 9 12
0.37 0.08 0.15 0.26 0.14
35 14 16 0 21
0.32 0.16 0.32 0.17 0.02
22 18 21 1 31
0.04 0.33 0.05 0.48 0.09
1 6 38 7 22
0.36 0.33 0.15 0.13 0.03
42 5 0 8 7
0.16 0.34 0.23 0.15 0.12
15 4 46 14 12
0.09 0.27 0.22 0.34 0.08
19 5 23 2 37
0.17 0.26 0.05 0.38 0.14
42 10 46 49 24
0.16 0.09 0.14 0.18 0.43
36 11 47 42 7
0.18 0.29 0.14 0.22 0.17
37 12 1 41 35
0.15 0.04 0.27 0.18 0.36
11 43 4 44 22
0.31 0.08 0.27 0.29 0.05
19 21 13 23 11
0.35 0.05 0.16 0.11 0.33
25 14 44 28 17
0.11 0.19 0.16 0.36 0.18
14 6 27 34 45
0.25 0.35 0.15 0.08 0.17
38 48 33 26 18
0.26 0.13 0.12 0.05 0.44
23 6 22 19 25
0.09 0.41 0.04 0.3 0.17
26 49 7 39 37
0.04 0.25 0.17 0.29 0.26
32 44 5 9 24
0.06 0.17 0.3 0.09 0.38
23 20 1 22 3
0.11 0.06 0.52 0.05 0.27
43 13 39 11 34
0.09 0.16 0.32 0.33 0.11
30 42 18 4 13
0.22 0.19 0.27 0.21 0.12
32 5 47 7 19
0.08 0.4 0.11 0.14 0.26
14 35 1 21 36
0.19 0.38 0.29 0.03 0.11
12 17 13 39 38
0.07 0.3 0.14 0.29 0.19
46 0 13 24 18
0.12 0.21 0.09 0.38 0.2
29 22 10 3 45
0.05 0.06 0.2 0.37 0.32
22 39 8 37 19
0.04 0.26 0.19 0.23 0.28
35 2 37 14 39
0.28 0.32 0.12 0.15 0.13
19 2 3 46 36
0.19 0.42 0.15 0.12 0.11
4 36 28 43 22
0.22 0.16 0.52 0.07 0.04
13 39 15 16 48
0.12 0.24 0.07 0.5 0.08
15 35 8 26 17
0.07 0.5 0.17 0.03 0.24
5 36 13 31 9
0.47 0.18 0.14 0.09 0.13
17 41 9 16 36
0.19 0.2 0.09 0.39 0.12
1 47 7 35 10
0.31 0.09 0.11 0.4 0.09
3 43 23 12 34
0.42 0.13 0.16 0.12 0.16
36 34 38 33 14
0.21 0.11 0.22 0.1 0.36
38 7 43 35 45
0.15 0.14 0.06 0.48 0.17
44 29 9 27 24
0.22 0.03 0.11 0.15 0.49
11 22 31 24 4
0.23 0.03 0.07 0.47 0.19
2 21 28 46 37
0.39 0.03 0.33 0.11 0.14
