#Number of options
50

#Assortments data
28 30 10 7 48
0.16 0.52 0.11 0.09 0.12
38 29 19 41 44
0.1 0.48 0.24 0.08 0.09
45 17 10 36 14
0.09 0.35 0.18 0.34 0.04
6 4 46 7 37
0.09 0.05 0.59 0.12 0.15
0 1 36 12 9
0.05 0.02 0.12 0.39 0.42
9 4 41 20 48
0.47 0.02 0.04 0.39 0.08
46 29 9 1 21
0.23 0.18 0.39 0.02 0.17
48 36 11 25 27
0.14 0.25 0.25 0.09 0.27
39 17 37 25 45
0.22 0.37 0.19 0.12 0.1
22 25 24 33 0
0.66 0.08 0.07 0.11 0.09
32 22 29 13 11
0.06 0.46 0.26 0.07 0.16
44 43 1 41 40
0.26 0.23 0.17 0.22 0.12
16 1 28 15 20
0.12 0.02 0.08 0.51 0.28
44 0 11 39 36
0.1 0.12 0.3 0.18 0.3
30 23 21 37 44
0.46 0.09 0.29 0.1 0.06
12 17 19 22 48
0.37 0.12 0.1 0.34 0.07
20 23 11 46 45
0.43 0.07 0.15 0.31 0.04
19 32 38 43 21
0.24 0.11 0.1 0.08 0.46
31 35 14 25 0
0.4 0.19 0.06 0.17 0.19
35 25 40 24 32
0.25 0.22 0.09 0.19 0.24
