#Number of options
50

#Assortments data
6 45 22 23 25
0.27 0.29 0.03 0.12 0.3
8 15 1 46 23
0.1 0.08 0.57 0.16 0.09
45 14 36 18 24
0.13 0.17 0.1 0.4 0.19
7 24 48 36 18
0.17 0.21 0.07 0.11 0.44
44 10 0 26 19
0.21 0.31 0.3 0.06 0.13
30 42 40 35 39
0.1 0.26 0.28 0.25 0.11
40 31 37 12 8
0.19 0.08 0.58 0.03 0.11
49 20 16 13 30
0.13 0.08 0.58 0.11 0.11
9 49 13 14 46
0.11 0.1 0.09 0.45 0.25
20 15 43 11 14
0.06 0.12 0.07 0.33 0.41
36 13 7 37 9
0.17 0.05 0.26 0.46 0.06
19 3 28 0 15
0.06 0.45 0.27 0.15 0.07
19 3 14 36 15
0.06 0.45 0.26 0.16 0.07
24 18 30 21 11
0.25 0.52 0.04 0.02 0.17
0 27 10 7 3
0.13 0.12 0.13 0.21 0.4
43 18 14 40 13
0.04 0.56 0.23 0.13 0.05
6 47 27 5 1
0.17 0.08 0.13 0.16 0.46
21 28 24 22 10
0.03 0.35 0.39 0.03 0.2
48 12 20 25 7
0.16 0.04 0.06 0.34 0.39
44 12 14 31 40
0.17 0.04 0.44 0.11 0.24
