#Number of options
50

#Assortments data
25 0 7 5 12
0.21 0.44 0.16 0.16 0.03
22 3 27 32 14
0.05 0.31 0.1 0.11 0.43
6 48 41 42 16
0.48 0.02 0.2 0.1 0.2
28 42 38 11 35
0.38 0.07 0.17 0.09 0.28
30 12 49 33 4
0.16 0.05 0.23 0.11 0.45
23 10 14 42 25
0.05 0.14 0.39 0.13 0.3
32 4 1 46 20
0.1 0.49 0.25 0.1 0.06
49 34 35 39 6
0.15 0.03 0.3 0.13 0.39
45 48 12 0 28
0.38 0.01 0.02 0.29 0.3
47 35 33 15 32
0.11 0.56 0.13 0.08 0.12
39 30 36 32 5
0.26 0.21 0.13 0.13 0.27
30 40 38 12 31
0.11 0.6 0.19 0.03 0.07
25 2 10 43 24
0.24 0.31 0.11 0.06 0.28
22 29 24 48 25
0.06 0.02 0.48 0.04 0.4
34 9 36 44 16
0.06 0.07 0.13 0.4 0.32
2 21 6 36 48
0.33 0.03 0.52 0.09 0.03
36 41 35 45 34
0.06 0.15 0.28 0.48 0.03
39 12 40 10 31
0.15 0.03 0.64 0.1 0.08
23 4 39 33 24
0.04 0.4 0.17 0.09 0.3
0 41 46 48 6
0.38 0.16 0.06 0.02 0.38
