#Number of options
50

#Assortments data
16 40 1 15 3
0.46 0.07 0.12 0.09 0.26
22 34 38 21 6
0.07 0.19 0.41 0.07 0.26
25 48 21 46 12
0.26 0.32 0.08 0.21 0.14
16 18 2 15 3
0.4 0.2 0.1 0.08 0.23
45 31 29 38 35
0.13 0.09 0.15 0.45 0.19
28 24 42 34 3
0.14 0.14 0.34 0.12 0.26
32 10 30 37 29
0.06 0.52 0.11 0.21 0.11
24 47 30 20 19
0.22 0.16 0.16 0.33 0.12
28 3 35 11 7
0.11 0.21 0.09 0.47 0.12
30 27 14 44 22
0.18 0.55 0.09 0.1 0.08
31 28 13 15 49
0.12 0.33 0.12 0.23 0.19
38 33 17 26 11
0.14 0.03 0.51 0.02 0.3
7 14 29 24 23
0.21 0.07 0.12 0.19 0.41
40 27 24 3 31
0.09 0.36 0.17 0.32 0.06
37 18 20 7 21
0.22 0.28 0.25 0.19 0.05
8 38 9 28 14
0.16 0.42 0.12 0.22 0.08
14 38 15 45 16
0.05 0.28 0.1 0.08 0.48
17 9 30 13 38
0.67 0.05 0.06 0.04 0.18
14 36 48 32 10
0.04 0.5 0.13 0.03 0.31
23 30 18 46 45
0.37 0.12 0.27 0.15 0.09
44 38 40 32 7
0.09 0.45 0.12 0.08 0.26
37 34 25 6 17
0.11 0.08 0.09 0.1 0.61
33 2 35 38 27
0.07 0.13 0.13 0.32 0.35
38 49 43 30 40
0.49 0.15 0.04 0.18 0.14
16 6 34 48 10
0.33 0.12 0.09 0.13 0.32
1 13 7 40 46
0.23 0.1 0.29 0.14 0.23
10 24 3 26 32
0.48 0.15 0.28 0.04 0.05
19 11 6 16 29
0.06 0.42 0.12 0.33 0.07
26 15 22 3 36
0.04 0.08 0.04 0.22 0.62
19 27 44 35 37
0.11 0.42 0.07 0.15 0.25
40 32 38 26 49
0.14 0.1 0.52 0.08 0.16
37 12 6 2 27
0.22 0.1 0.2 0.14 0.36
20 17 46 9 14
0.14 0.68 0.08 0.05 0.04
25 22 9 37 10
0.16 0.05 0.09 0.2 0.5
14 30 2 46 19
0.11 0.21 0.25 0.26 0.17
23 30 15 22 27
0.36 0.11 0.11 0.05 0.36
21 26 43 23 15
0.08 0.08 0.05 0.6 0.19
47 3 32 30 4
0.16 0.41 0.08 0.15 0.21
17 34 41 30 43
0.75 0.09 0.07 0.07 0.02
3 22 25 11 40
0.24 0.04 0.13 0.53 0.07
19 6 30 8 5
0.09 0.19 0.11 0.12 0.5
39 38 25 16 30
0.07 0.26 0.14 0.44 0.09
26 43 22 49 38
0.09 0.05 0.1 0.17 0.59
10 33 38 15 0
0.44 0.06 0.26 0.09 0.15
30 28 35 47 39
0.19 0.27 0.22 0.2 0.13
30 33 16 48 20
0.1 0.06 0.46 0.18 0.21
35 45 40 23 48
0.15 0.1 0.1 0.41 0.24
46 37 41 9 5
0.13 0.2 0.1 0.09 0.48
26 4 7 2 40
0.08 0.26 0.29 0.22 0.14
42 20 31 24 19
0.42 0.25 0.06 0.17 0.09
