#Number of options
50

#Assortments data
25 9 48 41 11
0.31 0.21 0.05 0.31 0.12
42 9 6 22 28
0.11 0.14 0.38 0.08 0.3
41 20 2 25 43
0.16 0.04 0.26 0.16 0.38
10 16 39 29 30
0.05 0.13 0.65 0.03 0.14
35 21 40 15 16
0.68 0.02 0.17 0.04 0.09
21 24 46 8 20
0.03 0.35 0.43 0.13 0.05
40 27 31 26 23
0.32 0.1 0.42 0.1 0.06
4 26 44 47 7
0.16 0.05 0.37 0.36 0.06
24 23 15 0 29
0.41 0.08 0.09 0.37 0.05
17 43 14 26 33
0.06 0.38 0.3 0.08 0.18
29 34 38 24 1
0.04 0.15 0.26 0.35 0.18
47 40 45 23 28
0.44 0.18 0.17 0.03 0.17
18 15 32 37 49
0.14 0.04 0.25 0.14 0.43
32 9 23 6 16
0.36 0.12 0.05 0.33 0.14
33 13 30 6 14
0.15 0.25 0.11 0.25 0.24
8 27 6 26 39
0.08 0.06 0.25 0.06 0.55
22 7 31 4 39
0.04 0.07 0.23 0.19 0.47
45 4 3 5 10
0.27 0.31 0.15 0.21 0.06
44 3 33 34 24
0.48 0.1 0.14 0.08 0.19
13 5 32 36 16
0.28 0.17 0.3 0.13 0.12
11 26 42 44 20
0.07 0.09 0.1 0.7 0.04
42 6 46 22 21
0.11 0.39 0.39 0.08 0.03
47 21 41 48 15
0.69 0.03 0.19 0.03 0.06
40 20 16 45 14
0.26 0.04 0.14 0.24 0.32
12 0 7 2 27
0.05 0.31 0.15 0.38 0.11
17 24 49 22 1
0.06 0.23 0.54 0.06 0.12
8 1 21 12 4
0.17 0.24 0.04 0.06 0.48
11 1 37 10 45
0.1 0.19 0.28 0.08 0.35
0 15 4 18 16
0.25 0.06 0.31 0.23 0.16
24 23 1 28 40
0.27 0.05 0.14 0.26 0.27
4 15 13 11 37
0.3 0.06 0.35 0.08 0.21
2 1 45 8 42
0.33 0.16 0.28 0.12 0.11
0 4 41 11 9
0.26 0.32 0.2 0.08 0.14
18 26 12 37 10
0.36 0.14 0.06 0.34 0.1
11 29 30 23 18
0.14 0.07 0.29 0.1 0.41
13 0 33 47 24
0.2 0.14 0.12 0.39 0.16
12 18 6 31 26
0.04 0.21 0.33 0.34 0.08
14 48 13 24 10
0.32 0.03 0.33 0.26 0.06
14 39 43 35 17
0.13 0.28 0.16 0.41 0.03
35 41 37 40 49
0.45 0.08 0.09 0.12 0.27
17 16 18 27 22
0.12 0.26 0.37 0.14 0.12
39 42 45 1 36
0.53 0.07 0.18 0.1 0.12
8 14 7 24 30
0.11 0.34 0.11 0.28 0.16
18 30 12 11 31
0.26 0.18 0.05 0.09 0.43
19 11 48 33 46
0.68 0.04 0.01 0.1 0.17
15 2 36 21 42
0.09 0.46 0.25 0.04 0.16
44 8 25 37 6
0.45 0.07 0.12 0.13 0.22
45 6 25 40 0
0.2 0.26 0.14 0.21 0.19
37 19 8 33 3
0.1 0.67 0.05 0.1 0.07
7 39 26 15 2
0.09 0.57 0.07 0.04 0.23
