#Number of options
50

#Assortments data
17 10 47 40 36
0.25 0.31 0.09 0.2 0.14
25 8 39 30 38
0.44 0.02 0.04 0.05 0.45
38 15 39 25 22
0.47 0.01 0.04 0.46 0.02
14 36 27 31 48
0.35 0.19 0.22 0.06 0.18
31 46 27 13 17
0.07 0.17 0.29 0.04 0.43
32 16 27 39 41
0.07 0.18 0.19 0.11 0.45
10 37 42 41 20
0.24 0.3 0.11 0.31 0.04
33 17 25 19 0
0.01 0.13 0.5 0.09 0.27
25 21 41 34 48
0.6 0.01 0.25 0.05 0.09
20 28 23 5 15
0.05 0.4 0.12 0.4 0.03
41 44 6 26 8
0.41 0.15 0.34 0.04 0.05
24 43 35 28 1
0.24 0.02 0.12 0.26 0.37
35 45 40 38 48
0.09 0.34 0.09 0.43 0.06
38 33 46 17 14
0.61 0.02 0.06 0.15 0.16
49 36 26 7 41
0.06 0.09 0.02 0.58 0.25
36 44 26 24 32
0.18 0.19 0.05 0.51 0.08
21 22 0 9 48
0.03 0.05 0.71 0.04 0.18
36 45 6 40 42
0.09 0.49 0.2 0.13 0.09
19 20 37 28 36
0.14 0.04 0.33 0.37 0.12
6 11 10 5 46
0.24 0.14 0.22 0.32 0.07
