#Number of options
50

#Assortments data
1 27 7 37 11
0.12 0.25 0.17 0.21 0.25
38 20 11 17 8
0.06 0.16 0.14 0.16 0.48
20 49 33 17 10
0.03 0.28 0.63 0.04 0.02
2 36 18 4 13
0.11 0.06 0.1 0.07 0.66
34 42 16 30 33
0.07 0.04 0.04 0.13 0.72
26 42 29 41 38
0.4 0.19 0.21 0.14 0.07
5 49 33 37 4
0.03 0.28 0.63 0.03 0.03
35 3 47 13 19
0.18 0.01 0.22 0.39 0.19
37 27 28 15 12
0.13 0.15 0.22 0.33 0.18
41 8 5 12 16
0.12 0.45 0.13 0.16 0.14
4 23 47 42 16
0.11 0.03 0.63 0.12 0.1
29 19 48 3 47
0.1 0.39 0.03 0.02 0.46
43 49 32 8 34
0.32 0.24 0.31 0.09 0.05
31 22 47 44 6
0.34 0.07 0.36 0.13 0.1
33 29 37 42 19
0.7 0.05 0.03 0.04 0.19
6 48 0 30 17
0.21 0.06 0.16 0.44 0.13
20 23 14 31 4
0.11 0.03 0.12 0.62 0.11
0 11 33 1 22
0.06 0.04 0.83 0.02 0.05
16 14 25 42 45
0.19 0.21 0.15 0.22 0.25
1 46 6 9 11
0.03 0.4 0.12 0.39 0.07
3 25 2 34 31
0.03 0.07 0.17 0.18 0.55
17 27 26 31 5
0.1 0.08 0.22 0.52 0.08
6 35 25 41 47
0.12 0.34 0.06 0.06 0.43
39 26 43 7 5
0.13 0.13 0.65 0.03 0.05
18 2 31 36 4
0.15 0.16 0.51 0.08 0.09
28 26 47 12 9
0.08 0.15 0.37 0.07 0.34
13 39 44 30 46
0.43 0.1 0.09 0.15 0.23
28 24 6 18 12
0.2 0.13 0.25 0.25 0.16
43 20 25 17 45
0.74 0.07 0.05 0.07 0.08
49 27 38 3 43
0.39 0.04 0.02 0.01 0.53
8 29 33 7 37
0.13 0.05 0.77 0.02 0.03
28 48 35 14 38
0.17 0.06 0.59 0.13 0.05
34 49 1 13 42
0.08 0.38 0.02 0.46 0.05
25 33 0 11 16
0.03 0.83 0.06 0.04 0.04
20 23 10 38 42
0.31 0.09 0.15 0.12 0.33
13 47 49 16 35
0.34 0.19 0.28 0.03 0.15
15 24 10 44 21
0.31 0.13 0.08 0.33 0.16
41 22 30 15 33
0.03 0.04 0.13 0.08 0.72
12 15 13 9 32
0.04 0.07 0.34 0.18 0.37
1 28 29 47 9
0.03 0.09 0.09 0.41 0.38
22 20 17 38 3
0.28 0.27 0.27 0.11 0.08
15 38 4 8 12
0.26 0.05 0.13 0.41 0.14
47 45 42 18 40
0.55 0.12 0.1 0.15 0.08
35 28 40 10 0
0.54 0.15 0.09 0.06 0.15
26 21 17 46 22
0.22 0.09 0.09 0.5 0.1
37 6 13 40 2
0.05 0.11 0.67 0.05 0.12
49 9 19 38 32
0.28 0.18 0.16 0.01 0.37
42 1 28 39 45
0.17 0.07 0.21 0.36 0.2
43 14 28 7 13
0.47 0.04 0.05 0.02 0.41
13 32 12 4 45
0.41 0.45 0.04 0.04 0.05
