#Number of options
50

#Assortments data
13 41 4 48 22
0.11 0.31 0.19 0.29 0.11
39 22 5 4 20
0.08 0.08 0.62 0.13 0.1
38 4 8 48 7
0.25 0.09 0.16 0.14 0.36
6 23 16 11 48
0.11 0.16 0.41 0.22 0.11
38 26 6 22 29
0.49 0.07 0.28 0.11 0.05
6 33 7 19 23
0.16 0.03 0.41 0.15 0.24
28 20 38 39 14
0.22 0.1 0.36 0.08 0.24
45 32 5 35 43
0.26 0.07 0.5 0.15 0.03
47 49 23 36 16
0.08 0.04 0.16 0.34 0.39
13 22 11 2 49
0.06 0.06 0.32 0.5 0.06
13 12 46 10 16
0.03 0.04 0.15 0.42 0.36
49 35 20 33 48
0.13 0.31 0.16 0.07 0.33
42 34 30 35 22
0.45 0.12 0.18 0.18 0.07
22 44 5 12 17
0.06 0.08 0.5 0.06 0.3
20 3 33 15 43
0.12 0.59 0.05 0.2 0.04
8 22 47 45 49
0.26 0.09 0.17 0.38 0.09
22 39 29 10 42
0.05 0.05 0.02 0.58 0.3
39 22 40 26 6
0.14 0.13 0.3 0.08 0.35
30 34 40 15 11
0.17 0.12 0.17 0.16 0.39
42 22 31 12 25
0.49 0.08 0.11 0.08 0.24
