#Number of options
50

#Assortments data
23 35 37 49 17
0.04 0.14 0.56 0.07 0.19
28 16 26 33 35
0.33 0.32 0.04 0.06 0.24
19 24 45 33 39
0.1 0.33 0.44 0.05 0.09
11 12 35 29 4
0.19 0.07 0.23 0.03 0.48
19 43 21 28 37
0.09 0.05 0.02 0.21 0.63
17 21 40 43 14
0.26 0.02 0.38 0.06 0.28
17 16 2 24 36
0.17 0.17 0.36 0.22 0.08
18 10 4 34 15
0.36 0.14 0.39 0.05 0.06
20 0 44 39 49
0.04 0.47 0.28 0.1 0.1
8 45 21 38 33
0.08 0.38 0.02 0.48 0.04
6 10 34 33 12
0.5 0.24 0.08 0.08 0.09
34 16 7 9 19
0.06 0.33 0.37 0.09 0.14
45 35 14 29 0
0.33 0.14 0.2 0.02 0.31
31 49 16 46 8
0.07 0.15 0.43 0.19 0.17
21 19 17 49 48
0.04 0.18 0.44 0.15 0.2
28 38 23 31 24
0.2 0.45 0.04 0.03 0.27
14 16 43 25 45
0.16 0.15 0.03 0.39 0.27
31 3 45 7 33
0.03 0.43 0.32 0.19 0.03
28 22 8 23 14
0.36 0.05 0.14 0.08 0.38
45 33 18 19 12
0.45 0.05 0.35 0.11 0.05
9 11 20 39 35
0.13 0.28 0.07 0.17 0.35
31 32 35 13 24
0.06 0.08 0.27 0.1 0.49
32 40 7 21 43
0.07 0.48 0.35 0.03 0.07
37 5 28 11 22
0.44 0.29 0.15 0.09 0.02
24 19 13 17 36
0.38 0.12 0.07 0.29 0.14
43 23 41 20 19
0.08 0.08 0.66 0.05 0.14
43 25 32 36 18
0.05 0.53 0.04 0.1 0.28
45 31 35 22 7
0.46 0.04 0.19 0.03 0.28
10 38 34 24 21
0.12 0.51 0.04 0.3 0.02
19 16 8 33 48
0.17 0.4 0.16 0.08 0.19
1 16 18 7 37
0.39 0.09 0.13 0.1 0.28
37 30 14 25 43
0.41 0.05 0.15 0.36 0.03
19 36 3 11 18
0.08 0.09 0.45 0.11 0.26
33 39 38 23 49
0.06 0.11 0.67 0.07 0.1
9 8 29 5 27
0.08 0.12 0.03 0.6 0.18
24 15 2 18 17
0.22 0.04 0.35 0.23 0.17
42 32 2 14 17
0.11 0.04 0.42 0.22 0.2
14 42 24 39 40
0.22 0.12 0.28 0.07 0.31
12 45 18 31 42
0.05 0.43 0.34 0.04 0.14
25 24 1 23 38
0.25 0.13 0.39 0.02 0.21
21 46 6 15 41
0.02 0.11 0.29 0.06 0.51
23 12 44 5 10
0.06 0.05 0.25 0.5 0.14
3 5 14 22 12
0.42 0.34 0.19 0.02 0.04
41 0 11 6 3
0.25 0.21 0.08 0.14 0.31
18 31 29 21 13
0.7 0.08 0.05 0.04 0.13
32 44 33 15 28
0.08 0.38 0.07 0.09 0.38
34 15 39 9 23
0.14 0.19 0.28 0.21 0.17
16 39 24 48 14
0.23 0.09 0.32 0.11 0.26
3 33 12 47 5
0.47 0.04 0.04 0.08 0.38
34 46 12 24 14
0.06 0.13 0.06 0.41 0.33
