#Number of options
50

#Assortments data
2 28 25 18 13
0.06 0.1 0.03 0.05 0.77
1 45 11 49 0
0.06 0.11 0.1 0.56 0.16
25 21 0 22 34
0.08 0.15 0.33 0.3 0.14
27 47 42 19 49
0.04 0.28 0.07 0.29 0.31
4 28 23 14 38
0.42 0.29 0.08 0.14 0.08
29 14 5 0 1
0.16 0.16 0.14 0.39 0.14
0 9 35 28 48
0.16 0.42 0.24 0.15 0.03
44 3 47 0 17
0.32 0.03 0.43 0.14 0.09
27 29 16 43 24
0.06 0.06 0.07 0.75 0.06
10 21 26 14 28
0.15 0.17 0.19 0.16 0.34
46 12 7 2 1
0.47 0.16 0.12 0.15 0.1
14 49 30 17 48
0.07 0.52 0.29 0.1 0.03
32 6 25 8 5
0.72 0.09 0.02 0.14 0.03
17 23 4 5 45
0.2 0.08 0.4 0.11 0.21
32 24 9 36 38
0.69 0.04 0.22 0.03 0.02
45 12 44 42 13
0.06 0.05 0.21 0.07 0.61
24 46 3 7 5
0.14 0.54 0.06 0.14 0.12
34 17 31 27 26
0.07 0.1 0.68 0.07 0.08
27 30 4 14 49
0.06 0.25 0.17 0.06 0.45
13 9 15 0 29
0.58 0.22 0.08 0.09 0.04
