#Number of options
50

#Assortments data
2 8 45 40 29
0.39 0.25 0.13 0.14 0.09
47 44 40 25 35
0.07 0.17 0.17 0.47 0.12
28 12 13 40 14
0.28 0.19 0.08 0.21 0.24
32 21 4 13 1
0.05 0.12 0.23 0.08 0.52
30 0 47 10 41
0.1 0.1 0.05 0.65 0.1
36 29 43 38 23
0.48 0.06 0.02 0.17 0.28
23 46 31 26 21
0.57 0.14 0.09 0.1 0.11
17 23 46 41 27
0.42 0.23 0.05 0.06 0.24
15 46 49 26 0
0.2 0.21 0.21 0.15 0.23
45 43 32 6 21
0.29 0.06 0.07 0.4 0.18
44 13 36 27 11
0.07 0.03 0.37 0.23 0.31
22 17 21 47 7
0.05 0.5 0.05 0.03 0.37
3 40 27 30 46
0.34 0.12 0.37 0.09 0.08
20 16 31 41 42
0.1 0.33 0.06 0.1 0.41
26 44 12 16 20
0.09 0.18 0.16 0.43 0.14
10 43 16 18 3
0.4 0.01 0.2 0.15 0.24
33 22 12 47 40
0.09 0.17 0.29 0.12 0.32
25 8 17 1 22
0.21 0.14 0.43 0.18 0.04
41 34 31 38 40
0.13 0.32 0.08 0.3 0.17
17 6 36 41 31
0.42 0.1 0.39 0.06 0.04
