#Number of options
50

#Assortments data
47 48 21 10 39
0.21 0.12 0.05 0.25 0.37
2 37 7 16 32
0.44 0.15 0.12 0.23 0.07
8 17 7 19 44
0.14 0.13 0.24 0.19 0.31
47 13 8 6 32
0.13 0.11 0.18 0.39 0.18
46 14 7 48 25
0.23 0.26 0.18 0.04 0.29
8 46 21 3 19
0.14 0.31 0.03 0.32 0.2
44 0 28 33 35
0.16 0.18 0.49 0.05 0.12
28 22 14 40 7
0.54 0.02 0.19 0.12 0.13
13 40 12 21 23
0.17 0.45 0.19 0.05 0.15
34 15 17 20 7
0.22 0.1 0.2 0.09 0.38
23 17 12 46 8
0.1 0.17 0.13 0.41 0.19
14 37 32 9 34
0.35 0.31 0.14 0.06 0.14
21 5 0 27 25
0.02 0.28 0.26 0.16 0.28
8 19 6 28 33
0.08 0.11 0.17 0.57 0.06
35 47 19 13 24
0.21 0.09 0.17 0.08 0.45
4 21 34 1 0
0.24 0.02 0.1 0.38 0.26
39 4 24 29 17
0.15 0.28 0.42 0.04 0.11
27 45 42 34 22
0.21 0.5 0.12 0.13 0.04
11 17 36 3 15
0.3 0.14 0.16 0.33 0.07
42 12 19 43 33
0.21 0.16 0.32 0.16 0.16
32 40 48 27 33
0.18 0.31 0.08 0.29 0.13
32 23 10 0 11
0.14 0.08 0.12 0.37 0.29
45 47 16 18 4
0.28 0.05 0.26 0.23 0.18
31 5 24 14 21
0.07 0.29 0.37 0.25 0.02
43 26 12 42 36
0.18 0.11 0.18 0.24 0.29
2 10 14 19 47
0.54 0.07 0.21 0.12 0.06
7 8 40 44 23
0.24 0.14 0.23 0.31 0.07
33 25 24 47 31
0.08 0.33 0.43 0.09 0.08
0 18 30 2 49
0.18 0.22 0.07 0.45 0.08
19 3 13 9 44
0.2 0.32 0.09 0.07 0.32
14 45 37 24 20
0.2 0.3 0.18 0.29 0.03
25 5 49 24 20
0.26 0.26 0.11 0.34 0.04
33 8 7 17 42
0.13 0.19 0.33 0.17 0.17
19 6 39 28 17
0.11 0.17 0.1 0.55 0.07
30 17 45 8 19
0.12 0.11 0.47 0.12 0.17
34 21 6 0 22
0.16 0.03 0.35 0.42 0.05
33 47 27 31 24
0.1 0.1 0.21 0.09 0.5
35 12 27 11 13
0.26 0.1 0.24 0.31 0.09
34 3 43 22 6
0.16 0.35 0.11 0.05 0.34
28 37 15 39 41
0.58 0.18 0.04 0.11 0.1
40 8 46 21 33
0.29 0.17 0.39 0.03 0.12
6 26 18 27 15
0.28 0.06 0.4 0.2 0.06
34 22 13 10 49
0.25 0.07 0.16 0.22 0.3
38 36 10 45 6
0.25 0.11 0.08 0.36 0.21
12 49 22 19 9
0.17 0.29 0.07 0.35 0.11
0 11 17 28 38
0.17 0.13 0.06 0.46 0.17
33 18 13 27 44
0.09 0.38 0.07 0.19 0.27
40 13 12 35 36
0.29 0.11 0.12 0.3 0.19
18 25 41 13 32
0.36 0.32 0.13 0.07 0.11
8 0 3 6 5
0.09 0.24 0.21 0.2 0.26
