#Number of options
50

#Assortments data
47 5 36 32 12
0.45 0.11 0.06 0.27 0.11
41 16 28 48 0
0.11 0.21 0.42 0.05 0.22
14 16 29 0 25
0.12 0.27 0.13 0.29 0.19
22 12 21 33 44
0.1 0.1 0.05 0.5 0.25
14 24 15 5 6
0.08 0.13 0.26 0.2 0.33
22 16 40 44 31
0.1 0.09 0.1 0.25 0.47
3 32 35 2 30
0.06 0.26 0.33 0.12 0.23
1 27 13 26 39
0.07 0.13 0.28 0.08 0.43
23 3 39 40 43
0.07 0.08 0.47 0.13 0.24
3 5 47 20 48
0.09 0.16 0.65 0.06 0.03
22 9 25 7 36
0.19 0.51 0.13 0.07 0.11
10 31 27 29 18
0.07 0.62 0.14 0.06 0.12
35 3 46 2 9
0.29 0.05 0.31 0.1 0.24
33 42 18 47 29
0.44 0.07 0.08 0.37 0.04
43 40 36 32 4
0.27 0.15 0.08 0.39 0.11
5 9 18 11 31
0.1 0.26 0.09 0.08 0.47
36 47 8 2 7
0.07 0.53 0.21 0.15 0.04
20 31 37 16 9
0.04 0.51 0.07 0.1 0.28
5 11 49 33 29
0.07 0.05 0.51 0.34 0.03
16 2 20 25 42
0.24 0.29 0.1 0.17 0.2
2 41 27 30 19
0.16 0.07 0.15 0.32 0.3
1 45 14 12 28
0.13 0.14 0.09 0.22 0.42
35 18 9 16 23
0.39 0.11 0.32 0.11 0.07
33 20 21 6 27
0.57 0.04 0.06 0.2 0.12
2 17 32 18 37
0.2 0.08 0.45 0.16 0.12
15 33 17 36 35
0.13 0.47 0.04 0.05 0.31
4 15 29 10 6
0.15 0.28 0.1 0.11 0.37
7 6 38 32 22
0.06 0.29 0.05 0.43 0.17
45 36 43 18 17
0.15 0.13 0.41 0.21 0.1
40 39 49 37 8
0.07 0.24 0.53 0.05 0.11
39 13 37 38 21
0.48 0.31 0.09 0.04 0.07
35 22 41 40 9
0.39 0.12 0.06 0.12 0.31
48 21 22 24 26
0.07 0.17 0.32 0.22 0.22
4 40 9 5 42
0.11 0.16 0.43 0.17 0.13
32 11 35 13 24
0.27 0.08 0.34 0.24 0.07
11 19 14 26 47
0.1 0.26 0.05 0.08 0.51
45 44 15 37 47
0.07 0.27 0.14 0.07 0.45
14 23 26 17 36
0.16 0.21 0.26 0.17 0.21
39 35 21 40 19
0.34 0.32 0.05 0.1 0.2
29 27 28 15 20
0.09 0.21 0.37 0.26 0.07
22 33 24 13 28
0.09 0.46 0.06 0.21 0.18
0 49 7 35 11
0.08 0.58 0.03 0.25 0.06
49 38 4 43 37
0.69 0.03 0.06 0.16 0.06
10 33 35 6 44
0.04 0.38 0.25 0.13 0.19
11 46 23 36 41
0.13 0.6 0.09 0.09 0.08
38 43 16 49 10
0.03 0.16 0.09 0.68 0.05
6 38 47 11 2
0.21 0.04 0.51 0.1 0.14
47 5 30 1 27
0.46 0.11 0.25 0.07 0.12
7 24 41 1 4
0.12 0.24 0.18 0.21 0.24
32 15 24 5 29
0.42 0.22 0.11 0.17 0.07
