#Number of options
50

#Assortments data
30 3 35 0 2
0.46 0.08 0.22 0.09 0.14
36 11 20 14 15
0.16 0.2 0.21 0.09 0.34
2 27 32 42 28
0.15 0.16 0.2 0.33 0.16
1 41 42 22 28
0.13 0.06 0.46 0.14 0.22
44 24 40 27 0
0.2 0.15 0.17 0.3 0.18
25 0 47 11 35
0.07 0.13 0.27 0.22 0.31
8 38 18 49 15
0.35 0.05 0.12 0.25 0.23
44 42 41 15 10
0.13 0.39 0.05 0.32 0.11
28 5 9 23 31
0.16 0.2 0.2 0.12 0.32
15 12 24 29 2
0.33 0.23 0.1 0.16 0.18
20 18 8 28 42
0.14 0.11 0.34 0.13 0.27
12 44 40 14 25
0.37 0.21 0.17 0.14 0.1
45 37 17 39 8
0.13 0.15 0.12 0.15 0.44
1 16 13 5 21
0.13 0.33 0.18 0.28 0.08
42 5 18 31 40
0.31 0.18 0.13 0.29 0.09
4 47 48 41 35
0.17 0.33 0.06 0.06 0.38
41 30 23 22 10
0.05 0.58 0.14 0.12 0.11
49 14 3 37 9
0.37 0.09 0.11 0.18 0.25
14 5 44 35 26
0.1 0.26 0.14 0.31 0.2
27 21 28 42 36
0.19 0.07 0.19 0.39 0.15
47 0 33 29 38
0.3 0.14 0.29 0.19 0.08
9 42 2 28 17
0.21 0.34 0.15 0.17 0.12
21 5 39 12 13
0.08 0.27 0.2 0.27 0.18
28 6 25 42 11
0.17 0.25 0.06 0.35 0.18
44 11 29 33 41
0.17 0.26 0.2 0.31 0.06
21 0 7 3 1
0.13 0.22 0.24 0.19 0.21
0 21 48 9 5
0.17 0.1 0.06 0.34 0.33
46 37 5 14 1
0.47 0.15 0.2 0.08 0.1
17 25 37 24 5
0.2 0.09 0.24 0.13 0.33
33 41 10 2 24
0.35 0.07 0.17 0.26 0.14
45 38 19 44 31
0.15 0.07 0.23 0.14 0.4
36 8 40 1 31
0.12 0.4 0.09 0.09 0.3
17 25 6 49 13
0.14 0.07 0.28 0.35 0.15
31 6 15 39 33
0.27 0.2 0.24 0.12 0.17
19 9 10 26 41
0.27 0.3 0.14 0.23 0.06
7 13 24 44 46
0.12 0.15 0.09 0.13 0.52
19 35 13 27 16
0.19 0.25 0.14 0.17 0.25
20 8 34 9 15
0.13 0.31 0.19 0.15 0.21
32 14 40 7 28
0.31 0.12 0.15 0.17 0.25
8 40 25 39 33
0.46 0.1 0.06 0.16 0.22
39 5 19 47 13
0.17 0.23 0.21 0.24 0.15
36 39 14 17 47
0.19 0.22 0.11 0.17 0.31
20 26 5 9 32
0.19 0.16 0.21 0.22 0.21
5 11 31 4 37
0.21 0.18 0.34 0.11 0.16
43 3 6 22 38
0.28 0.13 0.35 0.15 0.08
20 49 4 30 42
0.13 0.21 0.07 0.35 0.24
19 1 4 27 47
0.24 0.12 0.14 0.22 0.28
36 8 44 27 10
0.14 0.46 0.12 0.18 0.1
0 26 12 42 19
0.1 0.16 0.2 0.35 0.19
47 12 32 3 41
0.29 0.27 0.27 0.12 0.06
