#Number of options
50

#Assortments data
31 12 26 39 0
0.06 0.03 0.02 0.31 0.57
22 40 39 26 46
0.03 0.65 0.24 0.02 0.07
24 7 14 29 27
0.3 0.25 0.39 0.01 0.05
18 10 7 28 48
0.34 0.14 0.24 0.25 0.03
3 15 17 46 23
0.33 0.11 0.24 0.26 0.07
31 8 5 14 33
0.08 0.09 0.18 0.5 0.15
14 2 38 3 32
0.32 0.31 0.19 0.09 0.09
43 17 4 42 26
0.08 0.1 0.7 0.09 0.03
34 11 21 23 29
0.15 0.53 0.1 0.15 0.07
9 31 29 4 15
0.05 0.09 0.01 0.8 0.05
39 42 32 16 9
0.47 0.11 0.15 0.22 0.05
12 16 1 45 3
0.03 0.16 0.28 0.41 0.12
16 7 11 21 29
0.29 0.49 0.17 0.03 0.02
40 41 34 45 9
0.53 0.2 0.02 0.24 0.02
1 29 3 8 4
0.25 0.01 0.11 0.06 0.56
33 34 17 5 36
0.26 0.06 0.18 0.31 0.2
24 1 14 6 9
0.18 0.16 0.23 0.4 0.02
49 37 26 34 27
0.22 0.53 0.06 0.07 0.12
1 26 33 46 23
0.51 0.05 0.23 0.17 0.05
5 33 39 12 49
0.2 0.17 0.46 0.04 0.13
48 27 37 26 17
0.08 0.12 0.53 0.06 0.21
5 44 31 29 1
0.2 0.32 0.09 0.02 0.37
37 18 31 22 36
0.28 0.47 0.09 0.05 0.12
16 45 38 14 39
0.1 0.26 0.16 0.26 0.22
11 3 32 20 28
0.15 0.19 0.17 0.06 0.44
0 48 13 2 38
0.46 0.02 0.05 0.29 0.18
36 41 30 40 43
0.06 0.22 0.06 0.61 0.05
6 29 47 38 32
0.57 0.01 0.13 0.2 0.09
7 31 17 46 38
0.35 0.09 0.11 0.12 0.32
7 15 33 0 34
0.24 0.04 0.12 0.58 0.03
40 38 27 35 47
0.59 0.16 0.03 0.11 0.1
0 37 6 14 26
0.31 0.11 0.36 0.21 0.01
10 40 2 1 16
0.08 0.48 0.21 0.15 0.08
17 23 6 10 12
0.09 0.03 0.7 0.16 0.03
11 38 15 9 33
0.17 0.45 0.07 0.07 0.23
31 28 46 29 22
0.14 0.57 0.19 0.02 0.08
18 38 6 20 9
0.27 0.17 0.51 0.03 0.03
45 6 17 5 44
0.26 0.44 0.05 0.09 0.15
2 36 35 25 29
0.41 0.1 0.18 0.29 0.01
16 43 30 15 46
0.35 0.17 0.19 0.09 0.21
27 2 10 43 8
0.07 0.52 0.21 0.1 0.09
16 5 15 18 17
0.19 0.19 0.05 0.46 0.11
39 40 37 9 8
0.21 0.58 0.14 0.02 0.04
7 39 46 16 23
0.3 0.39 0.11 0.18 0.03
47 42 26 5 1
0.23 0.11 0.04 0.21 0.41
7 31 4 26 46
0.24 0.06 0.58 0.02 0.09
46 25 20 19 15
0.12 0.37 0.05 0.41 0.05
8 35 30 20 34
0.18 0.44 0.22 0.09 0.07
32 37 11 22 49
0.2 0.4 0.17 0.07 0.17
33 32 38 23 39
0.15 0.13 0.29 0.03 0.4
