#Number of options
50

#Assortments data
7 1 43 24 27
0.14 0.3 0.03 0.48 0.05
41 10 7 23 18
0.31 0.18 0.18 0.08 0.25
32 1 0 34 30
0.1 0.34 0.45 0.03 0.08
41 29 43 17 24
0.27 0.01 0.04 0.13 0.55
0 36 6 25 23
0.34 0.06 0.34 0.2 0.05
8 24 21 27 6
0.04 0.49 0.02 0.05 0.41
16 22 48 33 21
0.58 0.04 0.06 0.27 0.05
41 16 44 49 13
0.27 0.2 0.35 0.1 0.07
37 29 12 0 19
0.37 0.01 0.02 0.4 0.2
32 28 19 17 1
0.1 0.24 0.21 0.12 0.32
18 7 20 45 19
0.2 0.14 0.02 0.44 0.2
14 7 13 42 39
0.44 0.17 0.08 0.14 0.17
49 0 13 29 44
0.1 0.46 0.08 0.01 0.35
20 17 4 39 23
0.03 0.15 0.55 0.19 0.08
46 19 33 2 29
0.14 0.34 0.14 0.36 0.02
1 31 35 7 18
0.34 0.06 0.23 0.16 0.22
39 22 29 0 15
0.24 0.02 0.02 0.68 0.04
30 24 39 44 48
0.07 0.47 0.14 0.3 0.02
29 10 20 46 24
0.02 0.19 0.03 0.11 0.66
24 41 28 5 2
0.38 0.19 0.17 0.1 0.16
23 12 17 20 24
0.08 0.02 0.17 0.03 0.69
44 1 23 32 38
0.32 0.32 0.06 0.1 0.21
3 25 49 18 43
0.15 0.37 0.13 0.3 0.05
48 2 19 18 42
0.03 0.28 0.27 0.27 0.16
19 34 7 47 48
0.38 0.05 0.27 0.26 0.04
41 37 19 47 25
0.2 0.31 0.17 0.12 0.2
25 18 48 6 42
0.25 0.2 0.02 0.41 0.12
43 40 14 46 38
0.03 0.48 0.28 0.06 0.15
38 25 40 44 13
0.14 0.17 0.43 0.21 0.05
11 18 33 7 2
0.09 0.29 0.12 0.2 0.31
8 36 38 15 35
0.08 0.14 0.37 0.04 0.37
46 5 7 39 20
0.16 0.25 0.27 0.27 0.04
28 13 32 30 19
0.34 0.1 0.14 0.11 0.3
48 25 19 47 26
0.03 0.4 0.33 0.23 0.02
26 21 5 31 29
0.05 0.08 0.58 0.24 0.06
43 14 49 24 19
0.03 0.31 0.07 0.42 0.17
33 7 47 28 5
0.12 0.2 0.19 0.32 0.18
16 30 18 22 2
0.27 0.11 0.29 0.02 0.31
34 39 44 32 10
0.04 0.2 0.44 0.13 0.2
36 33 5 10 47
0.14 0.15 0.22 0.25 0.25
16 23 40 24 6
0.1 0.03 0.36 0.28 0.23
45 16 27 29 9
0.61 0.25 0.06 0.02 0.06
16 27 2 29 31
0.36 0.09 0.42 0.02 0.1
6 4 12 19 40
0.24 0.25 0.01 0.12 0.38
27 16 36 37 48
0.07 0.26 0.11 0.53 0.03
36 27 48 49 25
0.16 0.1 0.04 0.18 0.52
20 7 3 10 39
0.04 0.26 0.18 0.26 0.26
31 6 27 14 44
0.04 0.35 0.04 0.31 0.26
23 3 32 44 37
0.06 0.11 0.1 0.33 0.39
8 23 6 22 10
0.07 0.09 0.62 0.02 0.21
