#Number of options
50

#Assortments data
1 13 17 2 9
0.3 0.03 0.19 0.45 0.03
0 6 19 8 22
0.53 0.25 0.11 0.09 0.02
25 45 28 49 11
0.26 0.26 0.23 0.13 0.12
31 37 5 24 21
0.05 0.38 0.26 0.3 0.01
17 6 35 37 45
0.18 0.18 0.08 0.33 0.23
6 1 11 39 10
0.2 0.3 0.12 0.2 0.19
18 4 26 39 28
0.46 0.24 0.02 0.13 0.15
24 22 47 45 42
0.39 0.02 0.09 0.35 0.15
21 25 31 44 9
0.02 0.47 0.08 0.37 0.05
40 45 37 39 10
0.18 0.21 0.29 0.16 0.15
18 8 29 4 27
0.56 0.06 0.02 0.3 0.06
23 33 22 49 39
0.11 0.1 0.04 0.29 0.46
0 23 46 37 2
0.31 0.03 0.06 0.26 0.33
38 12 34 5 40
0.32 0.06 0.06 0.29 0.26
26 2 30 37 27
0.02 0.46 0.06 0.37 0.08
19 39 32 10 42
0.14 0.32 0.06 0.3 0.18
48 5 25 26 4
0.06 0.26 0.27 0.03 0.38
41 18 14 39 32
0.2 0.42 0.23 0.12 0.02
29 45 31 35 12
0.06 0.54 0.1 0.19 0.11
9 43 8 31 28
0.07 0.08 0.17 0.11 0.56
