#Number of options
50

#Assortments data
15 21 2 46 42
0.13 0.13 0.15 0.44 0.15
40 42 25 5 46
0.14 0.16 0.09 0.14 0.46
24 39 23 17 15
0.19 0.53 0.04 0.1 0.14
41 6 45 44 46
0.08 0.24 0.11 0.22 0.36
30 15 6 1 40
0.31 0.14 0.3 0.12 0.13
44 11 7 36 17
0.39 0.22 0.14 0.1 0.14
8 15 39 49 23
0.14 0.1 0.35 0.39 0.03
9 2 48 22 27
0.47 0.17 0.05 0.15 0.16
22 39 17 48 11
0.14 0.54 0.11 0.05 0.17
41 0 37 6 26
0.11 0.22 0.08 0.34 0.25
1 40 0 10 12
0.19 0.2 0.29 0.09 0.23
10 26 27 29 34
0.09 0.34 0.23 0.13 0.21
27 25 46 42 41
0.16 0.1 0.48 0.17 0.1
6 2 44 37 12
0.32 0.16 0.29 0.07 0.16
5 23 13 10 33
0.03 0.01 0.53 0.01 0.43
22 12 27 45 0
0.18 0.2 0.2 0.18 0.25
48 45 20 1 24
0.07 0.23 0.16 0.22 0.31
25 32 34 45 22
0.05 0.72 0.08 0.08 0.08
30 20 23 18 44
0.34 0.1 0.05 0.2 0.31
49 48 6 30 43
0.26 0.02 0.14 0.14 0.44
13 24 35 11 48
0.79 0.05 0.09 0.05 0.01
42 49 45 44 30
0.11 0.39 0.09 0.19 0.21
28 44 40 21 34
0.21 0.32 0.15 0.16 0.16
25 40 18 48 7
0.16 0.24 0.34 0.08 0.18
23 29 49 0 30
0.04 0.07 0.47 0.16 0.26
24 0 11 19 47
0.08 0.08 0.07 0.31 0.46
23 5 16 4 13
0.01 0.04 0.06 0.04 0.84
23 21 11 26 5
0.06 0.2 0.23 0.31 0.2
31 11 49 14 4
0.39 0.1 0.36 0.06 0.09
5 22 23 47 49
0.07 0.07 0.02 0.54 0.29
6 47 38 30 40
0.16 0.56 0.04 0.17 0.07
42 9 3 33 7
0.05 0.15 0.02 0.74 0.03
8 33 19 25 44
0.06 0.63 0.2 0.03 0.08
11 32 15 25 23
0.1 0.74 0.08 0.05 0.03
27 8 2 42 17
0.2 0.26 0.2 0.21 0.13
41 45 21 43 2
0.07 0.09 0.09 0.64 0.11
12 26 34 44 20
0.17 0.25 0.16 0.32 0.11
6 23 41 47 46
0.16 0.02 0.05 0.54 0.23
47 23 22 34 3
0.73 0.03 0.09 0.1 0.05
12 23 11 44 13
0.05 0.01 0.05 0.08 0.81
22 39 31 11 17
0.09 0.34 0.4 0.11 0.07
33 28 18 17 5
0.78 0.07 0.07 0.04 0.05
5 18 8 46 29
0.13 0.18 0.18 0.43 0.08
46 11 5 3 17
0.49 0.17 0.15 0.08 0.11
34 2 16 29 14
0.2 0.23 0.3 0.12 0.14
38 22 44 0 48
0.1 0.19 0.39 0.26 0.06
43 13 37 17 35
0.23 0.65 0.02 0.02 0.08
45 14 8 23 28
0.21 0.15 0.3 0.07 0.28
33 23 17 38 24
0.84 0.02 0.04 0.03 0.07
42 40 39 36 7
0.16 0.14 0.53 0.07 0.1
