#Number of options
50

#Assortments data
7 0 20 5 17
0.08 0.1 0.21 0.22 0.38
21 18 3 8 4
0.09 0.12 0.12 0.54 0.13
42 22 7 21 43
0.57 0.16 0.1 0.08 0.1
41 16 1 2 45
0.08 0.39 0.15 0.23 0.17
10 48 33 37 0
0.3 0.28 0.11 0.18 0.12
31 15 17 7 16
0.08 0.27 0.35 0.08 0.23
8 43 35 27 33
0.33 0.06 0.08 0.44 0.08
12 10 23 0 37
0.31 0.25 0.19 0.1 0.15
7 48 11 16 30
0.07 0.2 0.21 0.21 0.31
6 8 20 48 32
0.09 0.4 0.21 0.23 0.07
5 37 2 24 29
0.3 0.21 0.2 0.13 0.17
36 5 1 7 28
0.22 0.28 0.12 0.11 0.27
26 35 18 5 38
0.27 0.15 0.14 0.33 0.11
3 27 21 45 48
0.08 0.52 0.06 0.1 0.23
22 49 4 34 18
0.19 0.22 0.15 0.3 0.14
24 33 49 34 2
0.14 0.14 0.22 0.3 0.21
30 4 26 5 47
0.37 0.1 0.18 0.22 0.13
23 21 46 27 31
0.17 0.06 0.24 0.46 0.07
41 1 34 23 45
0.07 0.14 0.31 0.3 0.17
45 29 30 22 19
0.12 0.15 0.43 0.15 0.16
29 44 26 5 14
0.18 0.13 0.26 0.31 0.12
8 9 37 16 19
0.35 0.18 0.13 0.22 0.12
40 29 49 33 18
0.12 0.24 0.28 0.18 0.17
24 5 45 13 38
0.17 0.38 0.19 0.13 0.13
34 41 45 22 20
0.29 0.07 0.15 0.19 0.3
16 7 4 3 42
0.25 0.09 0.1 0.09 0.47
24 8 44 11 46
0.09 0.36 0.08 0.23 0.25
39 28 44 30 16
0.12 0.2 0.09 0.35 0.24
16 38 19 10 30
0.23 0.07 0.13 0.23 0.34
33 37 44 23 7
0.15 0.25 0.15 0.32 0.14
17 32 9 49 41
0.44 0.08 0.25 0.17 0.06
12 11 13 29 7
0.37 0.29 0.09 0.15 0.1
27 10 22 8 38
0.38 0.18 0.09 0.29 0.05
38 39 47 49 7
0.13 0.23 0.23 0.26 0.15
17 35 25 39 24
0.5 0.14 0.08 0.17 0.12
45 5 41 29 12
0.13 0.27 0.06 0.16 0.39
37 39 23 46 47
0.17 0.14 0.23 0.31 0.14
8 46 16 37 19
0.33 0.22 0.2 0.13 0.11
13 25 23 11 46
0.09 0.07 0.23 0.29 0.32
1 13 33 21 23
0.18 0.15 0.18 0.12 0.38
43 29 44 18 19
0.15 0.24 0.17 0.17 0.26
29 49 10 34 35
0.15 0.18 0.3 0.24 0.12
4 41 40 30 43
0.15 0.07 0.1 0.56 0.12
10 26 21 17 35
0.26 0.19 0.07 0.39 0.11
19 10 43 39 16
0.16 0.3 0.09 0.15 0.29
10 12 19 49 14
0.27 0.34 0.14 0.16 0.09
28 47 6 40 21
0.38 0.22 0.17 0.12 0.11
33 2 42 13 46
0.09 0.14 0.44 0.07 0.26
4 32 3 28 41
0.19 0.13 0.17 0.41 0.09
18 1 48 20 26
0.11 0.12 0.29 0.26 0.23
