#Number of options
50

#Assortments data
33 19 41 10 29
0.47 0.44 0.02 0.03 0.03
0 17 11 18 16
0.39 0.07 0.15 0.17 0.21
11 31 30 24 20
0.09 0.52 0.22 0.1 0.07
1 43 29 20 14
0.11 0.69 0.05 0.07 0.07
47 40 38 11 27
0.54 0.12 0.1 0.1 0.14
29 5 11 28 25
0.09 0.19 0.15 0.43 0.13
11 23 12 31 26
0.11 0.04 0.09 0.64 0.12
21 14 8 39 26
0.04 0.08 0.16 0.61 0.11
32 42 43 9 11
0.54 0.04 0.31 0.07 0.04
16 23 19 37 42
0.13 0.03 0.68 0.06 0.09
46 26 3 18 30
0.28 0.15 0.09 0.16 0.32
25 3 16 38 40
0.17 0.13 0.28 0.19 0.23
1 32 38 36 29
0.07 0.77 0.06 0.07 0.03
8 11 19 27 26
0.13 0.08 0.59 0.11 0.09
39 29 26 37 17
0.68 0.06 0.12 0.08 0.05
12 10 6 18 20
0.1 0.07 0.58 0.15 0.1
12 7 19 38 32
0.03 0.03 0.32 0.04 0.57
2 3 45 1 38
0.29 0.11 0.21 0.22 0.17
43 18 19 23 28
0.39 0.06 0.38 0.02 0.15
10 20 48 4 46
0.08 0.12 0.03 0.45 0.32
