#Number of options
50

#Assortments data
45 35 1 2 47
0.11 0.11 0.33 0.36 0.09
0 19 40 7 49
0.17 0.12 0.25 0.3 0.16
33 19 11 28 16
0.05 0.05 0.45 0.09 0.36
49 10 44 3 36
0.08 0.39 0.07 0.12 0.35
25 27 20 12 19
0.16 0.39 0.26 0.11 0.08
36 7 8 9 30
0.45 0.18 0.2 0.08 0.09
3 26 12 32 0
0.3 0.16 0.21 0.14 0.2
19 9 4 30 42
0.09 0.09 0.18 0.11 0.53
39 13 4 5 7
0.1 0.04 0.16 0.51 0.19
21 0 6 3 32
0.16 0.18 0.25 0.28 0.13
23 11 12 30 48
0.22 0.46 0.07 0.06 0.18
42 13 22 15 34
0.52 0.04 0.07 0.23 0.14
47 49 4 14 10
0.07 0.1 0.16 0.14 0.53
14 21 48 25 12
0.18 0.12 0.36 0.2 0.14
33 36 25 47 8
0.08 0.48 0.16 0.08 0.21
34 46 29 5 17
0.06 0.13 0.03 0.23 0.55
11 22 15 31 1
0.54 0.05 0.16 0.05 0.2
0 10 7 34 19
0.1 0.52 0.19 0.12 0.08
1 21 33 28 19
0.41 0.14 0.12 0.21 0.12
43 3 29 1 21
0.05 0.26 0.12 0.43 0.14
21 29 1 15 32
0.13 0.1 0.37 0.29 0.11
2 27 18 10 11
0.14 0.19 0.08 0.26 0.34
43 48 40 0 33
0.05 0.43 0.24 0.16 0.12
35 44 4 37 27
0.09 0.1 0.17 0.24 0.41
30 0 4 42 17
0.05 0.05 0.08 0.23 0.59
15 27 26 39 9
0.24 0.45 0.1 0.11 0.09
49 18 15 48 47
0.12 0.2 0.25 0.33 0.09
6 26 19 36 25
0.16 0.09 0.08 0.5 0.17
12 36 49 15 6
0.11 0.45 0.1 0.2 0.14
21 25 17 40 2
0.05 0.08 0.63 0.08 0.15
0 21 28 42 1
0.1 0.08 0.13 0.44 0.25
30 42 32 15 18
0.1 0.46 0.07 0.21 0.17
30 23 36 18 2
0.07 0.24 0.35 0.12 0.21
14 38 21 32 26
0.22 0.38 0.14 0.12 0.14
16 4 21 46 32
0.48 0.14 0.08 0.24 0.06
46 26 19 30 14
0.42 0.13 0.11 0.14 0.2
15 42 29 20 24
0.17 0.39 0.06 0.22 0.16
3 33 13 36 0
0.19 0.09 0.05 0.55 0.12
27 16 31 13 11
0.22 0.32 0.04 0.02 0.4
27 21 19 1 30
0.42 0.1 0.08 0.29 0.11
27 4 18 29 34
0.42 0.18 0.19 0.08 0.13
46 37 12 44 1
0.29 0.23 0.11 0.09 0.27
0 27 3 41 10
0.08 0.29 0.12 0.12 0.4
3 22 16 2 13
0.14 0.06 0.5 0.26 0.04
17 43 41 7 14
0.7 0.02 0.09 0.11 0.08
35 21 30 45 16
0.09 0.1 0.1 0.1 0.61
39 48 41 6 11
0.07 0.2 0.11 0.11 0.51
20 28 29 36 49
0.25 0.13 0.07 0.45 0.1
25 45 39 14 33
0.29 0.16 0.17 0.25 0.13
7 13 33 37 47
0.31 0.07 0.12 0.37 0.12
