#Number of options
50

#Assortments data
22 21 10 39 19
0.17 0.07 0.66 0.03 0.07
20 37 38 32 4
0.36 0.32 0.18 0.03 0.12
48 25 16 4 38
0.61 0.08 0.18 0.05 0.08
33 15 40 6 0
0.09 0.56 0.15 0.09 0.1
16 44 7 20 34
0.29 0.04 0.16 0.25 0.25
7 5 9 28 24
0.22 0.51 0.07 0.11 0.09
10 32 5 22 44
0.51 0.02 0.31 0.13 0.03
26 35 18 1 36
0.13 0.05 0.11 0.18 0.52
45 40 49 5 25
0.16 0.09 0.07 0.51 0.18
21 39 44 30 11
0.11 0.05 0.07 0.12 0.65
7 47 39 9 48
0.13 0.04 0.02 0.04 0.78
23 20 10 31 43
0.39 0.17 0.4 0.02 0.01
49 40 2 23 13
0.06 0.08 0.1 0.74 0.02
8 0 23 43 10
0.1 0.03 0.43 0.01 0.43
24 19 2 22 25
0.14 0.12 0.16 0.32 0.27
39 22 43 18 44
0.08 0.44 0.06 0.31 0.12
30 28 13 37 8
0.12 0.15 0.04 0.43 0.26
31 18 16 27 1
0.04 0.12 0.33 0.31 0.19
14 20 28 4 49
0.11 0.49 0.15 0.16 0.09
44 11 27 29 41
0.04 0.38 0.29 0.18 0.11
