#Number of options
50

#Assortments data
45 0 27 36 13
0.38 0.22 0.12 0.26 0.02
42 0 38 10 36
0.07 0.11 0.58 0.12 0.13
19 36 29 30 38
0.05 0.16 0.02 0.04 0.73
28 11 44 29 34
0.34 0.38 0.17 0.04 0.07
46 37 31 32 21
0.08 0.8 0.05 0.05 0.02
10 7 14 39 28
0.16 0.41 0.2 0.08 0.16
1 29 38 22 34
0.32 0.02 0.62 0.02 0.03
48 27 29 24 15
0.17 0.17 0.04 0.55 0.06
44 30 48 2 39
0.16 0.09 0.16 0.43 0.16
36 27 37 1 22
0.16 0.08 0.38 0.37 0.02
43 20 31 32 18
0.06 0.1 0.05 0.05 0.74
39 43 6 38 44
0.07 0.03 0.1 0.73 0.07
10 0 4 44 45
0.21 0.19 0.17 0.1 0.33
6 2 31 25 43
0.11 0.22 0.03 0.62 0.03
1 40 48 16 49
0.47 0.18 0.1 0.21 0.04
35 7 20 17 41
0.12 0.36 0.04 0.12 0.36
43 14 7 35 20
0.03 0.24 0.5 0.17 0.06
15 47 34 1 46
0.05 0.1 0.06 0.71 0.08
0 15 10 12 18
0.2 0.04 0.22 0.05 0.49
27 37 7 44 39
0.08 0.39 0.38 0.08 0.07
