#Number of options
50

#Assortments data
5 17 49 16 10
0.23 0.29 0.06 0.22 0.2
13 44 22 35 18
0.06 0.22 0.05 0.15 0.53
16 33 5 13 25
0.2 0.03 0.21 0.02 0.55
37 38 8 32 19
0.43 0.46 0.05 0.02 0.04
5 38 8 30 41
0.18 0.52 0.05 0.06 0.19
40 3 21 14 19
0.22 0.54 0.01 0.17 0.05
41 24 25 12 21
0.19 0.26 0.49 0.05 0.01
47 28 6 24 8
0.08 0.33 0.16 0.36 0.07
23 36 40 18 44
0.13 0.25 0.27 0.25 0.1
48 10 20 5 46
0.18 0.29 0.09 0.33 0.11
21 5 3 24 38
0.01 0.13 0.33 0.18 0.36
42 47 15 1 49
0.23 0.1 0.09 0.51 0.07
37 34 31 0 23
0.62 0.06 0.05 0.14 0.12
38 22 37 43 39
0.48 0.02 0.44 0.01 0.06
29 6 10 0 21
0.04 0.28 0.38 0.27 0.03
15 20 18 38 6
0.06 0.05 0.2 0.56 0.13
32 35 37 16 23
0.03 0.06 0.58 0.21 0.11
44 23 32 31 14
0.19 0.24 0.07 0.1 0.39
13 37 0 16 4
0.02 0.55 0.13 0.2 0.1
20 4 6 1 44
0.07 0.14 0.18 0.49 0.12
20 11 18 17 3
0.04 0.16 0.17 0.21 0.42
14 1 7 4 11
0.14 0.28 0.34 0.08 0.16
47 30 25 33 18
0.07 0.07 0.6 0.03 0.23
34 36 45 7 3
0.03 0.13 0.22 0.28 0.34
23 39 46 18 30
0.21 0.13 0.14 0.4 0.12
45 30 41 34 37
0.28 0.05 0.18 0.04 0.44
11 29 39 48 0
0.38 0.04 0.13 0.22 0.24
12 40 49 19 6
0.1 0.44 0.1 0.1 0.26
45 18 0 6 31
0.4 0.24 0.15 0.15 0.05
19 9 40 33 48
0.12 0.06 0.5 0.06 0.26
46 23 44 11 42
0.11 0.17 0.14 0.32 0.26
15 31 18 25 41
0.06 0.04 0.19 0.51 0.2
35 28 36 48 29
0.09 0.4 0.31 0.17 0.03
45 27 0 42 5
0.38 0.08 0.14 0.18 0.23
18 22 32 3 37
0.16 0.01 0.02 0.4 0.41
6 3 9 35 15
0.16 0.66 0.03 0.07 0.08
34 44 21 39 28
0.11 0.17 0.03 0.14 0.55
36 46 23 25 42
0.19 0.06 0.1 0.5 0.15
23 49 38 0 8
0.11 0.05 0.63 0.14 0.06
17 18 30 2 24
0.25 0.2 0.06 0.21 0.28
8 24 36 35 12
0.09 0.44 0.31 0.09 0.07
41 0 3 20 32
0.22 0.13 0.56 0.06 0.03
22 32 8 26 33
0.12 0.19 0.38 0.16 0.16
28 45 0 13 38
0.2 0.26 0.09 0.02 0.44
7 49 15 17 25
0.32 0.04 0.05 0.2 0.4
42 35 9 18 12
0.32 0.12 0.05 0.41 0.1
26 27 40 7 12
0.03 0.1 0.27 0.54 0.06
19 15 0 33 14
0.12 0.14 0.29 0.06 0.39
23 29 36 18 43
0.19 0.04 0.38 0.37 0.03
26 32 19 17 42
0.05 0.06 0.1 0.5 0.3
