#Number of options
50

#Assortments data
2 29 34 7 37
0.37 0.05 0.16 0.18 0.25
27 21 47 17 20
0.36 0.07 0.21 0.26 0.1
35 38 20 29 40
0.28 0.21 0.16 0.09 0.26
10 9 22 7 32
0.24 0.18 0.12 0.28 0.19
49 34 2 38 41
0.12 0.19 0.46 0.13 0.1
40 33 43 29 5
0.16 0.07 0.06 0.06 0.65
21 35 14 5 16
0.04 0.09 0.1 0.36 0.41
39 37 6 10 44
0.12 0.34 0.18 0.21 0.15
39 49 0 33 21
0.17 0.19 0.42 0.12 0.11
13 27 37 33 49
0.13 0.36 0.31 0.08 0.13
3 14 10 19 42
0.12 0.16 0.17 0.22 0.33
18 42 14 43 46
0.3 0.32 0.16 0.05 0.17
44 23 4 28 48
0.14 0.23 0.14 0.35 0.14
43 19 8 5 44
0.04 0.17 0.23 0.46 0.09
22 7 25 16 31
0.07 0.16 0.16 0.55 0.06
9 20 23 37 14
0.15 0.11 0.23 0.32 0.19
18 40 38 48 14
0.36 0.17 0.14 0.15 0.19
30 24 9 4 48
0.28 0.2 0.18 0.17 0.17
7 24 5 18 26
0.15 0.11 0.46 0.23 0.05
33 2 24 31 11
0.06 0.35 0.12 0.07 0.41
40 6 0 8 4
0.15 0.15 0.25 0.32 0.13
19 39 6 46 45
0.24 0.11 0.16 0.19 0.3
45 8 11 19 31
0.2 0.23 0.36 0.16 0.06
13 29 33 4 22
0.25 0.12 0.15 0.28 0.2
41 48 34 0 22
0.13 0.17 0.24 0.33 0.12
1 17 33 21 12
0.21 0.34 0.1 0.09 0.26
13 10 9 41 1
0.17 0.26 0.2 0.14 0.23
15 36 46 6 43
0.2 0.38 0.19 0.16 0.06
47 0 43 26 35
0.26 0.34 0.08 0.1 0.22
12 39 28 44 14
0.21 0.11 0.35 0.14 0.19
29 17 7 14 27
0.05 0.24 0.2 0.17 0.33
20 46 39 12 49
0.14 0.27 0.15 0.28 0.17
18 38 20 23 15
0.34 0.13 0.1 0.22 0.21
24 31 23 12 26
0.21 0.12 0.3 0.27 0.1
48 26 10 27 4
0.15 0.08 0.21 0.4 0.15
21 32 34 49 16
0.05 0.12 0.15 0.1 0.58
44 32 41 16 12
0.1 0.11 0.08 0.56 0.15
31 22 30 20 15
0.12 0.14 0.31 0.14 0.29
21 4 32 41 14
0.11 0.21 0.24 0.16 0.28
3 45 49 33 22
0.18 0.41 0.17 0.1 0.14
42 45 26 16 31
0.23 0.19 0.05 0.48 0.05
3 38 12 44 21
0.2 0.19 0.3 0.2 0.1
5 11 24 37 29
0.39 0.31 0.09 0.18 0.03
16 11 31 40 14
0.44 0.31 0.05 0.09 0.1
28 32 14 49 12
0.34 0.15 0.18 0.12 0.2
10 32 14 13 22
0.25 0.2 0.24 0.17 0.13
18 0 17 8 32
0.25 0.2 0.19 0.25 0.11
12 1 15 5 30
0.14 0.11 0.14 0.46 0.15
20 21 0 1 30
0.12 0.08 0.33 0.2 0.27
10 35 41 23 19
0.2 0.19 0.11 0.24 0.26
