#Number of options
40

#Assortments data
24 16 22 12 2
0.08 0.18 0.1 0.36 0.28
4 10 11 19 2
0.3 0.26 0.09 0.2 0.15
13 26 35 30 36
0.09 0.27 0.13 0.41 0.1
37 8 12 32 36
0.17 0.41 0.17 0.16 0.09
15 8 6 20 14
0.41 0.35 0.06 0.15 0.04
37 7 33 30 2
0.18 0.08 0.22 0.37 0.15
39 3 10 31 5
0.23 0.06 0.33 0.21 0.17
16 28 23 24 17
0.07 0.14 0.71 0.03 0.05
28 36 12 21 10
0.21 0.11 0.22 0.18 0.29
15 13 32 26 4
0.4 0.06 0.13 0.19 0.22
3 17 20 21 14
0.1 0.13 0.37 0.31 0.1
23 5 10 13 12
0.59 0.08 0.16 0.05 0.12
14 36 38 7 5
0.11 0.21 0.21 0.18 0.29
37 12 2 4 29
0.19 0.2 0.16 0.31 0.14
24 21 4 33 17
0.06 0.2 0.38 0.28 0.08
17 34 32 35 2
0.06 0.51 0.17 0.11 0.14
19 36 8 4 35
0.17 0.08 0.39 0.26 0.1
29 36 26 13 25
0.23 0.16 0.41 0.14 0.07
18 3 7 17 21
0.82 0.03 0.04 0.03 0.08
2 25 1 13 21
0.23 0.07 0.33 0.13 0.24
