#Number of options
40

#Assortments data
25 8 12 27 18
0.29 0.09 0.04 0.49 0.08
16 20 22 3 9
0.11 0.03 0.42 0.38 0.06
30 19 14 9 1
0.22 0.46 0.05 0.08 0.19
8 13 5 4 23
0.1 0.19 0.43 0.11 0.17
23 15 9 21 20
0.14 0.12 0.05 0.66 0.03
5 9 21 29 27
0.23 0.03 0.4 0.05 0.3
25 5 21 24 7
0.2 0.25 0.45 0.07 0.03
26 37 25 36 13
0.4 0.2 0.23 0.04 0.13
14 18 16 22 2
0.04 0.11 0.12 0.48 0.25
27 32 13 12 28
0.59 0.06 0.19 0.05 0.11
6 33 38 39 27
0.04 0.07 0.05 0.22 0.61
7 26 25 18 20
0.04 0.53 0.31 0.09 0.03
14 12 35 27 29
0.03 0.05 0.25 0.58 0.09
18 22 10 23 11
0.09 0.39 0.31 0.16 0.04
20 4 30 6 29
0.07 0.25 0.36 0.1 0.21
3 35 33 4 26
0.26 0.18 0.05 0.08 0.43
22 15 3 14 37
0.32 0.11 0.29 0.03 0.25
13 14 25 16 34
0.23 0.04 0.43 0.13 0.17
24 4 36 14 25
0.18 0.16 0.1 0.05 0.51
35 15 27 2 31
0.19 0.11 0.44 0.16 0.1
7 25 9 18 20
0.08 0.6 0.1 0.17 0.05
3 23 9 13 16
0.41 0.19 0.06 0.22 0.12
4 16 5 37 8
0.1 0.1 0.41 0.29 0.1
30 38 21 14 29
0.14 0.05 0.7 0.03 0.08
3 11 39 23 6
0.44 0.05 0.25 0.2 0.05
4 32 36 9 34
0.26 0.13 0.16 0.13 0.32
24 17 1 25 11
0.16 0.15 0.18 0.45 0.06
11 9 35 28 10
0.06 0.07 0.32 0.14 0.41
1 2 4 10 38
0.16 0.26 0.13 0.39 0.06
15 22 26 14 17
0.11 0.31 0.46 0.02 0.09
33 22 30 14 27
0.05 0.33 0.13 0.03 0.47
20 23 31 10 14
0.05 0.25 0.19 0.47 0.05
37 10 17 31 21
0.19 0.19 0.07 0.08 0.47
5 33 38 35 11
0.52 0.08 0.06 0.29 0.05
6 1 9 23 21
0.04 0.11 0.05 0.14 0.66
35 33 26 5 11
0.18 0.05 0.43 0.31 0.03
6 11 29 38 31
0.12 0.12 0.26 0.14 0.36
18 33 16 36 34
0.21 0.14 0.22 0.14 0.29
24 7 32 26 37
0.11 0.04 0.05 0.53 0.27
20 4 39 24 34
0.05 0.18 0.34 0.2 0.22
20 11 10 38 1
0.05 0.07 0.55 0.09 0.23
7 0 16 19 24
0.06 0.26 0.13 0.4 0.15
31 26 23 1 14
0.12 0.56 0.16 0.13 0.03
17 4 14 18 28
0.25 0.23 0.07 0.21 0.24
24 23 33 17 8
0.21 0.29 0.12 0.2 0.18
23 37 24 29 5
0.15 0.27 0.11 0.08 0.39
9 29 39 35 1
0.08 0.13 0.28 0.34 0.18
11 17 21 2 34
0.03 0.09 0.6 0.16 0.11
6 21 20 8 0
0.04 0.67 0.03 0.09 0.18
11 12 38 14 36
0.18 0.2 0.21 0.13 0.28
