#Number of options
40

#Assortments data
18 6 9 5 2
0.1 0.54 0.2 0.03 0.12
21 18 26 22 29
0.1 0.09 0.12 0.11 0.57
17 14 35 21 33
0.49 0.28 0.05 0.06 0.12
3 9 24 17 12
0.05 0.11 0.25 0.47 0.11
18 24 23 27 13
0.09 0.46 0.14 0.1 0.22
34 18 27 5 14
0.09 0.12 0.12 0.04 0.63
3 24 25 29 37
0.07 0.34 0.05 0.42 0.11
30 39 34 31 27
0.35 0.2 0.06 0.3 0.08
31 5 8 23 37
0.41 0.04 0.22 0.16 0.18
29 31 30 37 27
0.36 0.22 0.26 0.1 0.06
36 29 0 30 9
0.46 0.24 0.04 0.17 0.09
37 27 5 15 11
0.13 0.08 0.03 0.21 0.55
36 14 8 10 17
0.39 0.18 0.07 0.03 0.32
3 14 8 32 23
0.07 0.35 0.13 0.36 0.1
22 21 23 12 13
0.14 0.13 0.18 0.26 0.29
30 6 33 26 10
0.3 0.39 0.16 0.09 0.06
16 1 13 15 17
0.23 0.11 0.11 0.12 0.43
11 18 32 10 12
0.42 0.06 0.33 0.05 0.13
1 3 9 17 15
0.14 0.06 0.12 0.53 0.15
10 6 9 24 23
0.05 0.38 0.14 0.33 0.1
