#Number of options
40

#Assortments data
25 36 0 37 23
0.23 0.16 0.1 0.36 0.15
29 5 37 22 25
0.07 0.22 0.21 0.38 0.13
35 28 38 3 9
0.33 0.13 0.06 0.41 0.07
12 3 31 21 23
0.03 0.55 0.11 0.21 0.1
4 36 0 1 20
0.09 0.34 0.2 0.28 0.08
39 17 38 29 4
0.47 0.28 0.11 0.1 0.04
38 10 26 1 25
0.09 0.14 0.51 0.1 0.16
26 37 7 0 32
0.51 0.26 0.1 0.07 0.06
36 24 9 21 17
0.14 0.23 0.11 0.26 0.26
33 36 38 35 26
0.07 0.09 0.07 0.36 0.41
24 20 28 37 29
0.26 0.04 0.24 0.35 0.11
34 7 26 10 4
0.12 0.11 0.57 0.16 0.03
15 36 21 0 24
0.18 0.16 0.3 0.1 0.26
0 21 3 18 12
0.08 0.24 0.61 0.04 0.03
28 37 4 27 21
0.1 0.15 0.02 0.6 0.13
10 35 36 23 19
0.15 0.49 0.13 0.12 0.12
14 3 6 38 0
0.06 0.66 0.1 0.1 0.08
14 0 26 35 5
0.04 0.05 0.38 0.33 0.2
23 13 8 20 21
0.15 0.41 0.08 0.04 0.31
2 36 23 29 7
0.64 0.1 0.09 0.07 0.09
36 34 39 19 15
0.14 0.13 0.44 0.13 0.15
14 9 36 6 24
0.1 0.17 0.22 0.16 0.35
21 38 13 20 5
0.24 0.1 0.33 0.03 0.3
29 9 7 26 16
0.09 0.1 0.11 0.56 0.14
30 25 29 34 5
0.18 0.21 0.11 0.15 0.36
11 36 22 20 24
0.09 0.13 0.54 0.03 0.21
33 20 13 30 15
0.12 0.04 0.44 0.2 0.19
30 23 29 15 24
0.21 0.17 0.13 0.2 0.29
32 18 39 28 2
0.04 0.03 0.27 0.13 0.53
15 36 19 20 29
0.27 0.25 0.23 0.06 0.18
12 18 5 26 34
0.03 0.04 0.28 0.53 0.11
27 32 11 14 35
0.61 0.04 0.05 0.03 0.28
31 13 39 27 19
0.06 0.16 0.19 0.53 0.06
15 31 18 35 19
0.15 0.13 0.05 0.54 0.13
30 17 12 11 16
0.23 0.37 0.05 0.13 0.22
34 2 9 18 3
0.07 0.48 0.06 0.03 0.37
1 19 17 3 0
0.09 0.1 0.21 0.53 0.07
22 25 32 3 9
0.35 0.12 0.05 0.42 0.07
15 28 25 14 3
0.12 0.16 0.15 0.05 0.52
8 1 17 19 35
0.06 0.1 0.23 0.12 0.49
24 36 16 8 6
0.33 0.21 0.22 0.1 0.15
13 17 37 15 5
0.25 0.19 0.22 0.11 0.23
39 33 20 7 2
0.28 0.06 0.02 0.08 0.56
17 14 35 24 32
0.22 0.06 0.47 0.19 0.06
7 13 2 22 39
0.05 0.15 0.37 0.24 0.19
36 34 20 23 22
0.14 0.13 0.03 0.13 0.57
21 20 12 27 23
0.16 0.02 0.02 0.72 0.08
33 9 35 18 6
0.11 0.12 0.6 0.05 0.11
37 2 24 30 13
0.16 0.46 0.12 0.08 0.18
20 33 4 21 12
0.07 0.21 0.08 0.56 0.08
