#Number of options
40

#Assortments data
32 22 20 35 17
0.11 0.01 0.81 0.01 0.05
16 14 22 3 11
0.41 0.22 0.07 0.08 0.22
5 37 28 35 32
0.05 0.25 0.3 0.04 0.36
26 25 8 30 4
0.07 0.05 0.45 0.37 0.07
30 3 1 4 11
0.36 0.04 0.42 0.07 0.11
35 33 38 20 14
0.01 0.1 0.09 0.76 0.04
24 18 6 35 1
0.11 0.35 0.06 0.03 0.44
23 33 10 14 39
0.33 0.36 0.07 0.14 0.11
19 32 23 24 36
0.16 0.33 0.29 0.12 0.11
23 2 12 15 29
0.09 0.03 0.51 0.2 0.16
35 33 37 9 16
0.03 0.24 0.18 0.37 0.18
37 20 35 31 21
0.08 0.8 0.01 0.09 0.02
31 32 12 24 36
0.11 0.13 0.66 0.05 0.05
33 24 19 14 10
0.41 0.15 0.2 0.16 0.08
26 13 8 19 30
0.06 0.1 0.4 0.12 0.32
18 1 14 19 8
0.23 0.29 0.07 0.09 0.31
23 29 24 32 2
0.22 0.39 0.09 0.25 0.06
39 20 7 21 30
0.03 0.74 0.08 0.02 0.13
13 12 27 29 11
0.05 0.66 0.02 0.21 0.05
30 29 37 31 35
0.28 0.35 0.16 0.19 0.03
