#Number of options
40

#Assortments data
36 14 27 16 19
0.19 0.12 0.15 0.36 0.18
18 2 29 22 8
0.18 0.07 0.25 0.09 0.4
19 38 3 31 9
0.17 0.29 0.07 0.24 0.24
29 18 7 15 12
0.19 0.14 0.11 0.41 0.15
18 38 26 1 36
0.1 0.18 0.12 0.48 0.12
0 10 11 5 26
0.36 0.09 0.19 0.09 0.26
25 9 1 6 20
0.02 0.18 0.57 0.08 0.14
25 2 31 26 19
0.04 0.1 0.34 0.28 0.24
31 9 10 20 1
0.16 0.16 0.05 0.12 0.51
13 27 38 33 16
0.11 0.08 0.18 0.43 0.21
18 14 24 17 21
0.31 0.21 0.19 0.19 0.1
13 3 5 4 30
0.21 0.08 0.08 0.05 0.57
35 19 21 3 1
0.1 0.14 0.05 0.06 0.65
38 17 33 23 31
0.18 0.06 0.44 0.16 0.15
19 27 39 22 17
0.26 0.21 0.26 0.12 0.15
33 31 13 19 18
0.48 0.17 0.12 0.12 0.11
16 30 12 37 3
0.27 0.37 0.14 0.16 0.05
21 35 27 23 4
0.09 0.19 0.23 0.42 0.07
27 31 14 8 29
0.13 0.22 0.1 0.34 0.21
16 37 18 25 4
0.43 0.27 0.21 0.04 0.05
4 34 24 36 14
0.08 0.22 0.19 0.32 0.2
37 35 18 39 24
0.28 0.15 0.22 0.22 0.14
33 18 26 1 2
0.37 0.09 0.1 0.4 0.04
30 5 4 9 13
0.47 0.07 0.04 0.24 0.17
9 7 19 34 33
0.18 0.09 0.12 0.09 0.51
17 39 8 30 25
0.09 0.15 0.32 0.42 0.03
22 8 32 37 9
0.06 0.29 0.3 0.16 0.19
3 7 10 13 4
0.14 0.26 0.14 0.36 0.09
3 2 18 30 15
0.06 0.05 0.13 0.38 0.38
25 19 36 26 16
0.03 0.18 0.2 0.21 0.37
28 11 30 13 39
0.12 0.13 0.44 0.16 0.16
29 38 15 36 2
0.18 0.23 0.39 0.15 0.05
34 3 11 38 18
0.16 0.09 0.18 0.37 0.21
30 8 27 11 39
0.37 0.28 0.11 0.11 0.13
30 28 39 26 16
0.36 0.1 0.13 0.15 0.26
23 36 33 8 22
0.16 0.12 0.44 0.23 0.05
20 23 38 33 6
0.12 0.17 0.19 0.46 0.07
12 17 9 6 15
0.16 0.09 0.21 0.1 0.43
8 22 11 38 10
0.39 0.08 0.15 0.31 0.07
13 3 29 21 37
0.24 0.09 0.31 0.07 0.28
24 18 20 25 37
0.15 0.24 0.26 0.04 0.31
33 32 35 0 21
0.46 0.25 0.07 0.18 0.04
3 22 35 17 7
0.14 0.16 0.23 0.21 0.26
20 28 37 1 34
0.13 0.09 0.15 0.54 0.09
36 0 34 19 22
0.22 0.33 0.15 0.21 0.1
32 30 38 2 6
0.29 0.36 0.22 0.05 0.08
39 5 32 34 16
0.16 0.06 0.35 0.11 0.31
31 11 26 0 8
0.2 0.11 0.16 0.22 0.3
5 36 19 33 17
0.06 0.15 0.14 0.57 0.08
12 37 30 17 36
0.16 0.18 0.41 0.09 0.16
