#Number of options
40

#Assortments data
28 5 18 29 1
0.21 0.23 0.21 0.12 0.23
5 30 31 32 18
0.21 0.25 0.13 0.22 0.19
12 4 16 19 9
0.15 0.1 0.16 0.42 0.17
29 35 13 11 30
0.1 0.14 0.45 0.09 0.23
13 34 5 35 27
0.4 0.15 0.17 0.12 0.15
1 11 29 0 38
0.26 0.13 0.14 0.29 0.19
26 25 12 3 28
0.48 0.11 0.11 0.16 0.14
16 27 20 37 4
0.14 0.17 0.05 0.55 0.09
26 11 22 12 36
0.52 0.08 0.16 0.11 0.12
36 7 25 11 27
0.2 0.24 0.19 0.13 0.24
36 21 0 5 31
0.14 0.32 0.22 0.19 0.13
30 3 1 9 27
0.24 0.21 0.2 0.16 0.19
34 0 24 16 12
0.21 0.25 0.22 0.17 0.15
0 32 38 4 2
0.25 0.24 0.16 0.11 0.23
35 28 1 30 29
0.17 0.2 0.23 0.28 0.12
33 17 6 31 16
0.23 0.3 0.1 0.17 0.2
22 23 15 38 11
0.21 0.27 0.28 0.15 0.1
39 12 3 7 9
0.4 0.12 0.18 0.16 0.14
28 25 10 20 23
0.2 0.16 0.29 0.06 0.29
20 18 7 5 31
0.07 0.25 0.24 0.27 0.17
8 2 33 26 27
0.17 0.14 0.12 0.44 0.13
39 34 17 8 30
0.34 0.14 0.16 0.18 0.18
10 21 37 7 27
0.17 0.22 0.38 0.12 0.12
9 1 37 31 10
0.12 0.15 0.44 0.1 0.2
15 33 24 38 4
0.31 0.19 0.23 0.16 0.11
27 5 29 20 22
0.25 0.27 0.14 0.07 0.27
18 27 16 9 12
0.22 0.23 0.19 0.19 0.17
21 17 13 2 24
0.23 0.16 0.33 0.14 0.14
23 9 5 16 17
0.26 0.16 0.2 0.15 0.23
31 29 0 22 7
0.15 0.12 0.27 0.24 0.22
25 36 14 28 12
0.19 0.21 0.16 0.24 0.19
19 22 21 27 26
0.22 0.12 0.19 0.11 0.36
24 15 17 32 13
0.14 0.2 0.16 0.15 0.35
0 14 32 30 4
0.25 0.13 0.24 0.27 0.11
38 34 7 33 0
0.16 0.2 0.2 0.19 0.25
18 30 37 34 39
0.11 0.15 0.35 0.11 0.28
34 3 28 36 6
0.23 0.27 0.22 0.19 0.09
33 22 5 26 2
0.12 0.14 0.14 0.45 0.15
30 34 31 35 18
0.27 0.21 0.15 0.17 0.21
2 11 33 31 38
0.27 0.13 0.23 0.17 0.19
30 0 36 35 5
0.25 0.23 0.16 0.15 0.21
23 19 31 17 2
0.22 0.32 0.11 0.19 0.17
24 14 10 19 36
0.18 0.11 0.23 0.35 0.13
36 13 29 15 7
0.13 0.4 0.09 0.23 0.15
10 39 27 35 3
0.21 0.36 0.15 0.12 0.17
23 7 17 32 28
0.25 0.17 0.21 0.2 0.17
35 16 33 29 3
0.19 0.19 0.22 0.13 0.27
6 25 8 28 37
0.06 0.11 0.2 0.14 0.48
23 24 13 32 21
0.17 0.13 0.32 0.14 0.22
16 21 29 18 6
0.18 0.39 0.12 0.22 0.09
