#Number of options
40

#Assortments data
24 6 14 34 38
0.15 0.09 0.12 0.27 0.37
6 27 12 29 25
0.08 0.11 0.35 0.41 0.05
21 10 13 24 20
0.13 0.2 0.14 0.19 0.34
37 14 6 5 27
0.51 0.15 0.11 0.1 0.14
23 19 5 21 11
0.41 0.15 0.1 0.12 0.23
15 24 39 0 20
0.38 0.09 0.23 0.13 0.17
8 31 35 23 29
0.23 0.34 0.06 0.16 0.2
10 1 19 33 31
0.05 0.35 0.05 0.29 0.27
26 23 6 17 33
0.08 0.22 0.06 0.15 0.5
27 37 15 25 35
0.09 0.32 0.45 0.04 0.1
12 9 4 25 38
0.25 0.39 0.08 0.04 0.25
29 32 6 8 1
0.17 0.22 0.03 0.2 0.37
9 35 12 25 20
0.41 0.09 0.27 0.04 0.19
17 11 20 30 19
0.15 0.12 0.16 0.5 0.08
31 8 37 28 7
0.35 0.24 0.2 0.13 0.08
13 34 6 2 15
0.09 0.21 0.07 0.18 0.46
14 4 9 8 27
0.09 0.09 0.4 0.35 0.08
27 18 30 15 3
0.06 0.22 0.4 0.29 0.03
15 39 16 20 34
0.33 0.2 0.17 0.15 0.15
1 17 12 5 29
0.46 0.12 0.18 0.04 0.21
