#Number of options
40

#Assortments data
23 32 17 5 15
0.35 0.05 0.06 0.31 0.22
1 17 26 13 5
0.23 0.08 0.18 0.1 0.41
4 26 38 28 7
0.88 0.05 0.01 0.03 0.02
16 1 29 37 4
0.03 0.06 0.03 0.1 0.77
22 20 18 24 6
0.15 0.16 0.6 0.05 0.04
35 36 17 19 33
0.13 0.1 0.07 0.43 0.27
6 37 14 25 24
0.04 0.5 0.05 0.38 0.04
2 1 33 13 5
0.13 0.19 0.26 0.08 0.34
33 23 31 13 12
0.29 0.44 0.09 0.09 0.09
20 33 3 11 17
0.16 0.43 0.24 0.05 0.12
22 1 18 31 37
0.08 0.18 0.34 0.08 0.33
5 3 24 10 1
0.26 0.11 0.02 0.46 0.15
15 1 11 10 38
0.22 0.17 0.03 0.55 0.04
15 20 14 31 7
0.47 0.19 0.06 0.16 0.11
37 14 33 8 0
0.18 0.02 0.13 0.2 0.48
11 27 18 29 25
0.03 0.19 0.39 0.11 0.29
37 2 32 33 38
0.42 0.16 0.07 0.3 0.05
6 20 9 33 21
0.03 0.13 0.3 0.33 0.21
3 28 20 18 13
0.18 0.13 0.12 0.47 0.1
15 10 35 36 32
0.21 0.54 0.11 0.08 0.05
