#Number of options
40

#Assortments data
12 9 27 11 29
0.07 0.19 0.58 0.08 0.08
39 18 4 10 25
0.2 0.07 0.09 0.22 0.43
5 31 18 33 11
0.81 0.04 0.07 0.04 0.04
8 11 23 18 13
0.23 0.07 0.15 0.14 0.42
9 30 22 27 20
0.11 0.09 0.44 0.33 0.03
26 28 12 2 6
0.48 0.08 0.05 0.31 0.07
1 13 9 39 11
0.08 0.36 0.14 0.36 0.06
18 33 17 24 10
0.17 0.1 0.1 0.08 0.55
8 33 12 23 2
0.25 0.09 0.07 0.16 0.43
13 34 5 18 30
0.18 0.06 0.65 0.06 0.06
8 22 34 24 4
0.18 0.51 0.11 0.05 0.15
19 21 11 31 10
0.18 0.52 0.03 0.04 0.23
5 9 11 6 18
0.77 0.08 0.03 0.05 0.07
17 10 4 25 24
0.05 0.27 0.11 0.53 0.04
4 18 28 11 36
0.32 0.23 0.17 0.11 0.17
12 35 16 18 37
0.04 0.42 0.12 0.09 0.32
5 39 26 3 23
0.44 0.12 0.17 0.23 0.04
3 15 13 35 27
0.32 0.06 0.17 0.25 0.2
9 17 18 15 35
0.14 0.07 0.12 0.12 0.55
29 39 20 12 38
0.1 0.6 0.06 0.09 0.15
