#Number of options
40

#Assortments data
5 24 0 12 15
0.03 0.06 0.33 0.17 0.41
15 39 13 38 14
0.57 0.15 0.16 0.08 0.04
19 23 21 31 35
0.17 0.48 0.04 0.27 0.03
34 30 0 10 26
0.24 0.22 0.29 0.12 0.14
5 13 20 17 18
0.04 0.13 0.28 0.07 0.49
4 19 32 39 29
0.11 0.29 0.25 0.18 0.17
10 30 21 20 0
0.14 0.25 0.04 0.24 0.33
1 7 31 28 14
0.33 0.08 0.42 0.12 0.05
2 15 17 4 36
0.06 0.62 0.09 0.1 0.13
25 32 16 14 22
0.07 0.37 0.3 0.08 0.18
9 39 13 17 33
0.41 0.09 0.09 0.05 0.37
24 13 9 31 19
0.06 0.1 0.45 0.24 0.15
38 35 7 20 3
0.13 0.07 0.12 0.54 0.13
32 31 33 39 8
0.09 0.17 0.29 0.07 0.38
33 12 18 21 35
0.41 0.15 0.38 0.04 0.03
37 11 36 16 18
0.12 0.09 0.1 0.14 0.54
0 5 34 28 30
0.34 0.03 0.28 0.08 0.26
2 36 35 6 15
0.07 0.14 0.06 0.05 0.69
9 33 17 30 14
0.39 0.35 0.05 0.19 0.02
14 36 39 9 13
0.04 0.1 0.13 0.61 0.13
