#Number of options
40

#Assortments data
35 17 14 21 6
0.2 0.14 0.07 0.49 0.1
10 36 14 6 19
0.35 0.14 0.04 0.07 0.4
4 14 2 35 34
0.18 0.03 0.1 0.09 0.61
29 39 9 8 5
0.15 0.2 0.24 0.36 0.05
10 9 31 19 4
0.18 0.29 0.17 0.21 0.15
35 38 36 21 13
0.16 0.13 0.17 0.39 0.14
2 24 9 32 5
0.13 0.11 0.48 0.18 0.1
22 1 21 10 26
0.06 0.26 0.2 0.21 0.27
22 25 28 31 18
0.04 0.06 0.07 0.13 0.7
2 37 13 20 21
0.1 0.42 0.08 0.17 0.22
5 28 6 17 20
0.16 0.23 0.09 0.14 0.38
14 23 20 19 5
0.02 0.57 0.14 0.21 0.06
8 36 16 14 15
0.37 0.06 0.09 0.02 0.46
10 33 20 6 5
0.32 0.27 0.24 0.06 0.1
13 10 0 5 23
0.05 0.15 0.25 0.05 0.49
30 13 26 0 25
0.23 0.07 0.27 0.35 0.09
19 11 35 1 33
0.3 0.07 0.1 0.31 0.22
33 34 25 20 5
0.17 0.54 0.08 0.15 0.06
3 30 9 20 36
0.08 0.26 0.38 0.18 0.1
39 18 3 2 4
0.17 0.63 0.04 0.06 0.1
