#Number of options
40

#Assortments data
24 27 36 38 10
0.33 0.05 0.22 0.36 0.04
3 22 30 6 4
0.07 0.04 0.06 0.83 0.01
7 39 18 27 6
0.15 0.09 0.04 0.04 0.68
25 29 24 9 23
0.03 0.27 0.59 0.08 0.04
0 12 1 11 22
0.04 0.09 0.11 0.68 0.07
27 22 21 7 0
0.14 0.11 0.12 0.55 0.06
28 0 22 39 12
0.58 0.04 0.07 0.21 0.09
32 8 4 39 20
0.28 0.23 0.02 0.35 0.12
39 37 13 14 27
0.14 0.05 0.09 0.66 0.06
14 31 20 34 3
0.72 0.1 0.05 0.03 0.09
19 39 5 27 11
0.03 0.2 0.03 0.09 0.65
26 36 31 37 17
0.05 0.23 0.09 0.05 0.58
21 12 36 18 13
0.1 0.12 0.5 0.1 0.18
18 30 35 38 10
0.08 0.1 0.17 0.58 0.07
31 0 3 13 22
0.27 0.08 0.25 0.27 0.13
16 7 39 13 33
0.3 0.31 0.19 0.12 0.08
23 12 7 14 11
0.02 0.04 0.16 0.46 0.31
16 8 15 5 29
0.39 0.16 0.11 0.04 0.3
20 25 33 15 31
0.16 0.07 0.21 0.23 0.33
17 11 34 6 24
0.26 0.18 0.01 0.4 0.15
