#Number of options
40

#Assortments data
30 29 34 15 33
0.15 0.37 0.09 0.1 0.29
26 25 31 0 39
0.32 0.05 0.36 0.1 0.18
1 17 3 19 14
0.05 0.18 0.02 0.01 0.74
38 0 9 5 29
0.59 0.06 0.05 0.03 0.26
24 34 35 8 38
0.46 0.04 0.06 0.05 0.39
39 8 33 21 37
0.19 0.11 0.33 0.15 0.22
30 20 7 15 24
0.07 0.05 0.35 0.05 0.47
29 37 25 34 26
0.37 0.19 0.05 0.09 0.29
35 32 6 34 25
0.07 0.2 0.65 0.05 0.03
9 34 11 10 0
0.05 0.06 0.81 0.03 0.06
10 26 32 8 1
0.04 0.3 0.39 0.1 0.17
39 23 14 13 2
0.05 0.02 0.78 0.08 0.07
21 37 3 30 26
0.16 0.23 0.08 0.18 0.35
27 21 39 26 20
0.28 0.14 0.17 0.3 0.11
19 11 10 5 21
0.03 0.83 0.03 0.03 0.09
5 21 19 17 29
0.03 0.11 0.04 0.51 0.3
11 14 34 16 10
0.26 0.53 0.02 0.18 0.01
19 9 2 11 7
0.02 0.03 0.1 0.54 0.31
6 28 26 22 39
0.53 0.22 0.13 0.04 0.07
22 34 15 26 7
0.08 0.07 0.08 0.22 0.55
