#Number of options
40

#Assortments data
35 33 25 28 7
0.06 0.11 0.01 0.37 0.44
19 29 12 5 2
0.08 0.65 0.11 0.03 0.13
2 38 18 29 35
0.06 0.52 0.04 0.31 0.06
36 30 29 37 19
0.27 0.13 0.46 0.08 0.06
5 14 2 0 27
0.04 0.55 0.16 0.14 0.11
38 4 5 27 26
0.79 0.03 0.02 0.06 0.1
18 6 37 33 39
0.06 0.56 0.07 0.16 0.16
13 34 36 10 24
0.21 0.05 0.34 0.06 0.34
25 3 15 0 16
0.04 0.06 0.36 0.15 0.39
36 29 13 4 5
0.29 0.49 0.18 0.03 0.02
28 22 34 21 33
0.61 0.11 0.04 0.06 0.19
27 39 10 29 36
0.06 0.16 0.05 0.46 0.27
38 0 31 2 12
0.63 0.06 0.17 0.07 0.07
28 29 9 22 37
0.43 0.36 0.07 0.08 0.06
12 14 27 38 22
0.06 0.23 0.05 0.59 0.07
5 33 30 6 38
0.01 0.1 0.08 0.35 0.46
14 5 0 25 7
0.28 0.02 0.07 0.02 0.61
12 18 9 38 39
0.07 0.05 0.08 0.65 0.14
30 6 4 17 19
0.09 0.44 0.02 0.41 0.04
35 37 26 11 13
0.06 0.06 0.07 0.68 0.12
