#Number of options
40

#Assortments data
11 31 15 29 19
0.29 0.14 0.19 0.24 0.15
19 30 4 27 36
0.09 0.08 0.04 0.48 0.31
23 33 19 35 7
0.07 0.2 0.11 0.46 0.17
11 16 17 29 34
0.21 0.34 0.19 0.17 0.09
38 28 4 13 2
0.06 0.2 0.04 0.37 0.33
13 25 34 20 31
0.54 0.24 0.09 0.04 0.1
27 0 10 16 9
0.42 0.13 0.14 0.23 0.08
34 15 26 9 5
0.09 0.13 0.47 0.12 0.19
23 28 1 18 22
0.05 0.24 0.12 0.09 0.5
4 33 27 21 36
0.04 0.13 0.38 0.22 0.24
34 27 38 36 8
0.07 0.46 0.07 0.29 0.11
21 24 36 14 31
0.32 0.15 0.36 0.08 0.09
5 22 23 30 31
0.18 0.58 0.06 0.09 0.09
9 8 15 20 37
0.18 0.22 0.2 0.06 0.33
24 15 3 33 36
0.14 0.11 0.25 0.17 0.33
39 3 7 29 15
0.25 0.28 0.17 0.17 0.13
37 34 2 39 29
0.18 0.07 0.4 0.21 0.14
6 38 12 10 30
0.21 0.16 0.08 0.36 0.18
13 2 36 27 15
0.26 0.23 0.18 0.28 0.06
37 4 24 26 14
0.22 0.06 0.16 0.47 0.09
