#Number of options
40

#Assortments data
3 28 35 33 5
0.04 0.24 0.12 0.53 0.07
0 2 25 35 3
0.41 0.17 0.11 0.24 0.07
26 3 29 13 38
0.16 0.05 0.36 0.17 0.26
25 12 37 17 4
0.11 0.24 0.38 0.11 0.15
19 29 31 22 3
0.17 0.31 0.35 0.13 0.05
34 7 14 24 21
0.37 0.27 0.06 0.19 0.11
21 23 22 14 9
0.08 0.22 0.11 0.04 0.54
14 31 34 8 23
0.02 0.18 0.15 0.51 0.13
22 18 15 38 24
0.06 0.27 0.51 0.1 0.07
37 29 31 9 12
0.15 0.18 0.21 0.37 0.09
30 34 39 13 14
0.44 0.19 0.25 0.09 0.03
15 0 9 23 37
0.46 0.1 0.24 0.1 0.1
37 22 29 18 10
0.17 0.09 0.21 0.42 0.12
30 21 7 4 14
0.6 0.08 0.19 0.09 0.04
25 5 8 30 14
0.04 0.05 0.53 0.36 0.03
32 19 24 35 15
0.18 0.08 0.08 0.08 0.58
13 22 3 15 37
0.08 0.08 0.03 0.67 0.14
18 7 35 26 16
0.43 0.15 0.11 0.09 0.22
13 0 34 19 29
0.12 0.22 0.25 0.14 0.26
29 16 14 7 3
0.33 0.34 0.05 0.23 0.05
31 13 12 6 15
0.18 0.08 0.08 0.06 0.6
25 23 21 6 29
0.08 0.3 0.1 0.14 0.37
8 32 5 11 12
0.58 0.21 0.05 0.08 0.09
33 29 17 14 19
0.52 0.25 0.06 0.04 0.14
17 7 31 21 28
0.07 0.21 0.35 0.09 0.28
31 34 11 17 10
0.35 0.29 0.13 0.07 0.17
8 11 6 25 10
0.67 0.09 0.08 0.05 0.11
7 1 30 36 10
0.13 0.26 0.41 0.1 0.1
27 28 39 24 23
0.13 0.23 0.32 0.12 0.2
9 2 23 35 18
0.35 0.06 0.14 0.09 0.35
24 28 15 35 18
0.07 0.12 0.49 0.06 0.26
7 32 26 18 28
0.13 0.22 0.08 0.38 0.18
29 1 7 26 10
0.24 0.34 0.17 0.11 0.14
23 27 31 0 11
0.22 0.14 0.31 0.22 0.12
10 5 23 32 19
0.17 0.08 0.25 0.34 0.16
12 9 22 19 21
0.13 0.53 0.11 0.15 0.08
14 7 6 34 18
0.04 0.17 0.09 0.23 0.48
16 4 32 29 7
0.25 0.08 0.27 0.24 0.17
6 30 22 3 38
0.1 0.57 0.11 0.04 0.18
9 35 7 4 32
0.43 0.11 0.15 0.07 0.25
20 11 9 8 4
0.06 0.07 0.31 0.51 0.05
15 29 36 32 7
0.52 0.14 0.07 0.16 0.1
22 10 36 35 16
0.14 0.18 0.18 0.16 0.34
8 13 37 2 0
0.57 0.08 0.14 0.06 0.15
23 15 0 8 38
0.09 0.4 0.09 0.35 0.08
32 3 39 9 29
0.21 0.03 0.23 0.36 0.18
8 7 3 37 34
0.56 0.12 0.03 0.14 0.16
7 36 19 24 6
0.26 0.2 0.2 0.19 0.14
38 21 22 39 26
0.23 0.09 0.13 0.41 0.14
11 5 23 35 9
0.11 0.07 0.2 0.12 0.49
