#Number of options
40

#Assortments data
8 12 24 11 25
0.56 0.16 0.07 0.06 0.15
8 7 34 14 3
0.28 0.04 0.63 0.03 0.03
26 35 4 32 28
0.16 0.08 0.48 0.15 0.12
3 14 8 18 17
0.06 0.05 0.52 0.33 0.04
33 16 11 18 3
0.21 0.13 0.09 0.48 0.09
39 0 28 24 27
0.24 0.52 0.09 0.06 0.09
23 25 32 34 26
0.3 0.06 0.05 0.54 0.05
4 11 10 28 12
0.32 0.05 0.42 0.08 0.13
2 5 3 9 24
0.13 0.11 0.08 0.59 0.09
24 34 4 0 8
0.02 0.45 0.14 0.2 0.19
16 3 8 24 11
0.11 0.08 0.66 0.08 0.07
14 32 20 9 28
0.07 0.15 0.1 0.57 0.12
1 17 37 30 33
0.26 0.04 0.38 0.19 0.14
31 37 36 34 29
0.04 0.21 0.03 0.64 0.08
14 2 27 25 35
0.11 0.23 0.21 0.31 0.14
23 7 18 0 2
0.39 0.04 0.19 0.32 0.06
17 7 4 3 28
0.06 0.11 0.58 0.1 0.15
38 34 26 3 16
0.05 0.77 0.08 0.04 0.06
15 30 1 29 9
0.26 0.14 0.19 0.11 0.31
24 9 14 6 23
0.05 0.35 0.04 0.02 0.53
