#Number of options
40

#Assortments data
10 22 30 36 37
0.15 0.09 0.35 0.08 0.34
14 17 5 13 4
0.16 0.29 0.17 0.21 0.17
4 11 37 12 16
0.08 0.14 0.36 0.3 0.12
10 15 25 22 28
0.17 0.51 0.09 0.1 0.13
9 32 34 33 29
0.32 0.1 0.25 0.24 0.09
17 39 18 13 3
0.12 0.26 0.51 0.09 0.03
13 26 37 21 15
0.09 0.17 0.3 0.05 0.39
20 8 9 10 7
0.05 0.48 0.28 0.09 0.1
14 3 32 8 39
0.05 0.03 0.11 0.59 0.21
15 9 7 24 27
0.36 0.38 0.13 0.09 0.04
22 10 1 34 14
0.08 0.13 0.41 0.32 0.06
32 37 19 3 35
0.18 0.41 0.3 0.05 0.06
39 38 3 18 34
0.21 0.06 0.03 0.43 0.27
0 16 29 9 35
0.31 0.1 0.12 0.42 0.04
35 10 13 15 9
0.04 0.12 0.08 0.37 0.39
12 30 13 5 19
0.27 0.33 0.09 0.07 0.24
25 7 30 24 31
0.07 0.16 0.33 0.1 0.34
8 35 21 36 15
0.56 0.04 0.04 0.05 0.31
24 19 22 12 29
0.12 0.29 0.1 0.33 0.16
27 13 7 21 10
0.1 0.19 0.32 0.11 0.28
9 16 27 39 12
0.39 0.09 0.04 0.24 0.23
22 25 17 36 27
0.2 0.18 0.31 0.18 0.13
32 21 20 27 10
0.3 0.12 0.17 0.11 0.3
31 36 10 27 22
0.5 0.11 0.2 0.07 0.12
39 15 35 16 21
0.31 0.46 0.05 0.12 0.06
18 25 33 24 2
0.48 0.06 0.29 0.09 0.07
36 7 20 30 4
0.1 0.22 0.11 0.46 0.1
27 36 0 20 8
0.04 0.06 0.26 0.06 0.59
3 31 25 27 23
0.05 0.48 0.1 0.07 0.29
27 26 0 24 17
0.07 0.22 0.42 0.13 0.16
20 23 29 32 7
0.11 0.29 0.18 0.2 0.22
15 0 25 39 23
0.32 0.25 0.06 0.21 0.16
38 22 21 18 10
0.09 0.09 0.06 0.61 0.15
27 13 16 22 38
0.12 0.22 0.26 0.2 0.2
21 23 13 2 30
0.07 0.27 0.12 0.1 0.43
12 0 17 28 26
0.27 0.33 0.12 0.1 0.17
4 0 10 25 30
0.08 0.35 0.15 0.08 0.35
9 5 29 4 30
0.42 0.07 0.12 0.07 0.31
9 30 22 29 4
0.42 0.31 0.08 0.12 0.07
11 28 15 3 23
0.14 0.12 0.47 0.04 0.23
20 34 2 3 14
0.13 0.57 0.13 0.06 0.12
0 19 16 38 11
0.38 0.27 0.12 0.09 0.14
13 16 20 14 27
0.23 0.27 0.2 0.17 0.13
14 28 19 5 29
0.11 0.17 0.39 0.12 0.21
18 13 30 4 35
0.5 0.08 0.3 0.07 0.04
25 9 26 36 35
0.09 0.55 0.22 0.09 0.06
24 18 30 35 16
0.09 0.49 0.29 0.04 0.09
11 7 30 3 28
0.17 0.21 0.44 0.05 0.14
30 9 3 28 34
0.26 0.35 0.03 0.08 0.27
13 4 33 18 23
0.07 0.06 0.27 0.44 0.17
