#Number of options
40

#Assortments data
11 8 36 32 25
0.12 0.17 0.14 0.08 0.49
0 26 13 5 14
0.12 0.35 0.29 0.22 0.03
26 3 20 39 0
0.38 0.35 0.02 0.12 0.13
15 18 0 22 14
0.09 0.04 0.19 0.64 0.04
16 17 33 30 28
0.24 0.24 0.18 0.14 0.19
22 26 15 7 29
0.46 0.4 0.06 0.05 0.03
26 27 5 25 20
0.26 0.39 0.17 0.17 0.01
4 20 2 16 39
0.09 0.03 0.59 0.12 0.17
38 20 11 30 29
0.23 0.11 0.29 0.23 0.15
34 38 30 33 20
0.36 0.17 0.17 0.23 0.08
25 6 18 15 3
0.31 0.13 0.04 0.08 0.45
18 4 10 35 39
0.03 0.06 0.18 0.61 0.12
30 7 37 32 27
0.05 0.05 0.25 0.04 0.61
13 35 37 9 28
0.24 0.48 0.18 0.05 0.05
4 35 29 13 15
0.06 0.57 0.03 0.29 0.06
30 16 1 2 36
0.07 0.12 0.07 0.63 0.1
36 22 28 1 18
0.1 0.68 0.1 0.07 0.04
37 14 19 2 38
0.27 0.03 0.17 0.48 0.05
1 16 38 12 7
0.18 0.32 0.18 0.12 0.19
24 35 2 30 26
0.04 0.41 0.27 0.03 0.25
