#Number of options
40

#Assortments data
23 22 20 21 9
0.23 0.18 0.08 0.23 0.28
39 24 21 5 6
0.43 0.11 0.2 0.11 0.15
22 15 1 28 32
0.2 0.2 0.33 0.14 0.12
27 11 17 32 7
0.39 0.11 0.17 0.14 0.18
6 29 14 31 13
0.18 0.2 0.07 0.2 0.35
28 0 36 33 11
0.1 0.29 0.21 0.34 0.06
39 30 36 3 37
0.29 0.14 0.16 0.12 0.3
6 38 24 16 19
0.16 0.15 0.11 0.26 0.32
34 11 32 10 0
0.27 0.07 0.1 0.21 0.35
13 4 33 36 0
0.22 0.05 0.29 0.18 0.25
26 33 6 15 1
0.36 0.25 0.1 0.11 0.17
36 25 8 12 17
0.29 0.11 0.31 0.17 0.13
2 37 24 32 0
0.17 0.38 0.09 0.08 0.28
0 38 37 16 22
0.25 0.11 0.33 0.19 0.12
23 39 36 24 13
0.16 0.34 0.19 0.08 0.23
38 32 10 30 2
0.17 0.11 0.23 0.24 0.24
26 15 38 1 33
0.37 0.11 0.09 0.18 0.26
32 20 19 30 15
0.11 0.09 0.36 0.25 0.2
19 24 21 3 28
0.33 0.12 0.22 0.2 0.13
15 7 34 1 29
0.17 0.12 0.27 0.27 0.17
