#Number of options
40

#Assortments data
23 31 27 35 17
0.06 0.62 0.07 0.08 0.17
20 4 24 17 21
0.22 0.06 0.35 0.31 0.06
9 24 11 21 17
0.16 0.28 0.27 0.05 0.24
7 33 25 28 27
0.27 0.3 0.04 0.33 0.07
30 4 14 6 26
0.5 0.03 0.22 0.11 0.15
33 23 4 12 8
0.39 0.08 0.04 0.19 0.31
13 2 28 23 5
0.19 0.12 0.55 0.1 0.04
12 15 30 21 14
0.15 0.15 0.47 0.03 0.21
2 34 24 8 20
0.11 0.09 0.27 0.35 0.17
18 26 15 6 9
0.15 0.24 0.25 0.17 0.18
14 26 12 31 27
0.18 0.12 0.13 0.52 0.06
35 30 22 10 14
0.09 0.55 0.06 0.05 0.24
31 10 8 23 11
0.54 0.04 0.21 0.05 0.16
28 15 31 11 23
0.25 0.11 0.46 0.13 0.05
4 28 27 36 12
0.03 0.35 0.07 0.38 0.16
18 13 7 11 27
0.13 0.16 0.37 0.25 0.1
31 5 28 0 26
0.51 0.02 0.28 0.06 0.12
38 13 10 9 34
0.4 0.21 0.08 0.2 0.11
24 38 33 39 34
0.2 0.24 0.32 0.18 0.07
32 28 14 9 18
0.4 0.27 0.17 0.09 0.07
21 8 17 38 2
0.04 0.33 0.22 0.31 0.1
16 1 33 28 32
0.13 0.19 0.18 0.2 0.3
9 5 38 14 33
0.13 0.03 0.26 0.24 0.35
14 9 29 38 33
0.15 0.08 0.38 0.17 0.22
13 20 14 34 23
0.21 0.21 0.37 0.11 0.11
25 0 28 37 30
0.04 0.07 0.31 0.15 0.43
29 6 3 27 10
0.68 0.13 0.03 0.09 0.06
21 7 3 28 14
0.04 0.31 0.03 0.38 0.24
36 23 19 5 25
0.62 0.1 0.15 0.04 0.08
10 33 5 27 11
0.07 0.48 0.04 0.11 0.29
30 13 9 24 21
0.52 0.13 0.12 0.2 0.03
26 35 19 39 14
0.21 0.11 0.13 0.24 0.31
26 36 31 19 1
0.09 0.24 0.4 0.06 0.21
14 9 10 7 11
0.25 0.13 0.06 0.33 0.22
1 33 28 13 16
0.24 0.23 0.26 0.09 0.17
2 18 8 4 26
0.13 0.16 0.41 0.05 0.25
32 3 2 11 5
0.62 0.03 0.09 0.22 0.03
32 7 14 0 20
0.43 0.23 0.18 0.06 0.1
15 13 30 7 19
0.14 0.11 0.43 0.25 0.08
35 17 10 16 5
0.14 0.3 0.09 0.42 0.05
1 32 20 5 13
0.29 0.47 0.11 0.02 0.11
20 36 34 7 35
0.13 0.41 0.07 0.31 0.08
38 26 19 28 7
0.21 0.14 0.08 0.31 0.26
6 2 8 11 16
0.12 0.09 0.29 0.22 0.27
21 16 3 32 31
0.02 0.16 0.02 0.36 0.44
25 10 33 19 6
0.08 0.08 0.52 0.15 0.17
4 1 32 20 34
0.03 0.31 0.49 0.11 0.06
34 1 29 6 30
0.04 0.21 0.35 0.07 0.32
7 25 38 27 31
0.22 0.04 0.18 0.06 0.5
35 2 14 39 4
0.14 0.14 0.37 0.3 0.05
