#Number of options
40

#Assortments data
33 12 13 6 35
0.05 0.02 0.17 0.05 0.72
0 15 39 24 13
0.13 0.1 0.34 0.1 0.32
18 38 15 19 17
0.22 0.16 0.15 0.27 0.2
30 1 32 33 19
0.11 0.33 0.13 0.14 0.29
23 24 26 33 16
0.08 0.11 0.55 0.09 0.17
9 12 36 33 30
0.27 0.08 0.31 0.19 0.15
10 32 12 33 2
0.22 0.06 0.03 0.06 0.63
22 3 39 15 18
0.25 0.55 0.11 0.03 0.05
34 5 21 38 31
0.07 0.53 0.29 0.06 0.05
27 8 32 33 38
0.76 0.06 0.06 0.06 0.07
10 28 6 17 26
0.24 0.14 0.07 0.11 0.44
1 39 16 31 19
0.21 0.35 0.17 0.09 0.19
2 31 27 39 18
0.34 0.03 0.43 0.13 0.06
27 35 5 0 30
0.31 0.38 0.26 0.04 0.02
34 25 1 39 19
0.08 0.43 0.14 0.23 0.12
17 23 33 36 38
0.24 0.15 0.16 0.26 0.19
32 26 23 3 9
0.03 0.22 0.03 0.67 0.05
38 0 19 28 11
0.16 0.21 0.28 0.26 0.09
21 37 10 35 17
0.2 0.13 0.11 0.51 0.05
29 16 32 31 21
0.06 0.18 0.09 0.1 0.57
4 31 36 30 13
0.11 0.13 0.21 0.1 0.46
16 6 3 33 8
0.08 0.04 0.79 0.04 0.04
38 7 24 37 39
0.1 0.15 0.1 0.32 0.32
39 20 10 31 4
0.41 0.04 0.36 0.11 0.09
23 30 0 2 12
0.07 0.06 0.11 0.73 0.03
14 29 7 18 23
0.22 0.1 0.28 0.26 0.14
19 25 0 33 29
0.16 0.59 0.12 0.08 0.05
20 38 19 14 22
0.02 0.09 0.15 0.1 0.63
6 14 35 21 10
0.04 0.05 0.57 0.22 0.12
25 2 32 9 4
0.36 0.48 0.04 0.07 0.04
39 7 13 6 12
0.36 0.17 0.34 0.09 0.04
33 5 10 38 13
0.05 0.54 0.17 0.06 0.19
8 35 24 32 12
0.05 0.81 0.06 0.05 0.02
25 16 19 6 23
0.56 0.14 0.16 0.07 0.07
25 7 15 20 18
0.6 0.15 0.09 0.03 0.14
36 15 37 20 26
0.13 0.09 0.3 0.03 0.46
23 17 39 32 18
0.1 0.17 0.43 0.1 0.19
21 29 15 10 32
0.49 0.05 0.09 0.28 0.08
0 16 26 17 18
0.12 0.15 0.48 0.12 0.13
32 27 28 17 9
0.05 0.69 0.1 0.08 0.08
22 39 28 14 1
0.47 0.21 0.1 0.08 0.13
28 15 27 30 24
0.11 0.06 0.72 0.05 0.07
19 29 33 3 38
0.09 0.03 0.04 0.79 0.05
8 27 31 29 32
0.06 0.78 0.06 0.04 0.06
37 31 1 17 19
0.36 0.09 0.22 0.14 0.19
14 33 32 30 4
0.28 0.2 0.18 0.16 0.17
17 30 8 26 2
0.08 0.04 0.05 0.31 0.52
20 39 21 23 27
0.01 0.16 0.25 0.04 0.53
18 26 33 3 32
0.06 0.21 0.03 0.66 0.03
6 33 12 29 9
0.22 0.22 0.1 0.14 0.32
