#Number of options
40

#Assortments data
28 30 35 23 11
0.28 0.43 0.04 0.1 0.15
35 0 39 13 18
0.07 0.15 0.32 0.16 0.29
22 10 6 21 8
0.11 0.13 0.12 0.1 0.54
24 18 38 21 34
0.16 0.28 0.26 0.08 0.22
8 28 19 1 13
0.24 0.24 0.07 0.38 0.08
25 14 15 37 38
0.07 0.09 0.36 0.2 0.28
38 5 2 11 28
0.24 0.07 0.08 0.21 0.4
36 26 39 18 16
0.19 0.1 0.22 0.2 0.3
22 29 12 8 3
0.08 0.32 0.17 0.38 0.06
2 1 15 36 5
0.06 0.48 0.23 0.18 0.06
20 17 6 11 28
0.19 0.12 0.09 0.21 0.4
31 1 38 32 13
0.22 0.33 0.12 0.25 0.07
38 19 20 7 9
0.24 0.11 0.19 0.22 0.23
17 11 0 13 25
0.18 0.32 0.2 0.21 0.08
32 23 11 14 33
0.31 0.09 0.14 0.05 0.4
35 16 11 27 1
0.05 0.28 0.15 0.05 0.47
19 38 23 10 21
0.17 0.36 0.22 0.15 0.11
1 11 33 6 2
0.39 0.13 0.37 0.05 0.05
12 34 2 14 13
0.27 0.29 0.12 0.11 0.21
18 7 16 5 1
0.16 0.13 0.24 0.05 0.41
36 9 33 16 19
0.15 0.15 0.39 0.24 0.07
24 29 33 17 26
0.11 0.25 0.46 0.09 0.09
28 2 11 5 19
0.46 0.09 0.24 0.09 0.13
15 34 20 14 4
0.37 0.23 0.22 0.09 0.1
11 17 19 8 14
0.23 0.13 0.12 0.44 0.08
31 11 7 4 10
0.42 0.2 0.2 0.08 0.09
16 6 26 31 2
0.34 0.08 0.11 0.39 0.07
19 2 18 5 34
0.15 0.11 0.36 0.1 0.27
23 19 37 3 18
0.19 0.15 0.24 0.08 0.34
20 36 26 4 17
0.25 0.32 0.16 0.11 0.16
39 4 37 21 28
0.27 0.08 0.17 0.07 0.4
11 1 38 4 29
0.14 0.43 0.16 0.05 0.22
12 33 9 11 14
0.14 0.47 0.17 0.16 0.06
9 6 36 31 15
0.18 0.07 0.18 0.33 0.24
4 27 20 19 33
0.08 0.06 0.18 0.1 0.58
22 1 33 8 11
0.04 0.33 0.31 0.21 0.11
16 25 30 22 32
0.23 0.03 0.39 0.05 0.29
39 15 25 30 14
0.2 0.23 0.04 0.47 0.06
23 9 24 37 38
0.15 0.25 0.16 0.19 0.25
6 29 31 37 20
0.07 0.28 0.35 0.14 0.15
20 37 6 3 14
0.32 0.3 0.15 0.1 0.13
24 36 19 38 16
0.13 0.22 0.1 0.21 0.34
33 19 22 25 18
0.55 0.1 0.07 0.05 0.23
27 10 1 15 5
0.06 0.08 0.54 0.26 0.06
25 8 12 21 11
0.06 0.43 0.2 0.08 0.23
3 36 5 0 8
0.07 0.26 0.08 0.15 0.44
24 28 36 27 23
0.15 0.4 0.24 0.07 0.14
10 28 5 22 16
0.09 0.39 0.07 0.08 0.37
14 21 39 24 8
0.08 0.08 0.28 0.15 0.41
19 33 27 28 6
0.09 0.48 0.05 0.31 0.07
