#Number of options
40

#Assortments data
19 22 37 18 16
0.14 0.09 0.29 0.09 0.38
8 31 12 16 18
0.16 0.49 0.13 0.18 0.04
11 24 23 3 26
0.61 0.23 0.06 0.04 0.06
39 28 13 26 5
0.14 0.56 0.13 0.11 0.05
39 23 28 6 20
0.08 0.07 0.33 0.43 0.09
36 14 7 22 0
0.18 0.29 0.45 0.03 0.05
13 31 10 16 15
0.07 0.5 0.06 0.19 0.17
21 32 31 15 0
0.05 0.22 0.5 0.17 0.06
13 34 7 35 25
0.09 0.08 0.71 0.09 0.02
36 8 6 15 22
0.22 0.16 0.41 0.17 0.04
3 11 31 17 7
0.02 0.3 0.22 0.21 0.25
12 14 31 10 17
0.09 0.24 0.32 0.04 0.31
27 0 2 31 30
0.08 0.06 0.06 0.5 0.3
35 8 4 30 28
0.09 0.19 0.02 0.34 0.37
15 24 3 2 19
0.28 0.42 0.08 0.1 0.12
4 20 18 15 5
0.04 0.25 0.13 0.49 0.08
6 36 10 5 21
0.53 0.29 0.08 0.04 0.07
31 26 13 8 29
0.46 0.06 0.07 0.15 0.26
8 19 39 10 2
0.37 0.16 0.19 0.15 0.13
30 24 20 1 36
0.27 0.23 0.08 0.21 0.21
