#Number of options
40

#Assortments data
35 31 27 37 17
0.07 0.42 0.1 0.11 0.29
30 24 33 39 12
0.14 0.34 0.17 0.21 0.13
37 21 24 4 14
0.14 0.09 0.44 0.03 0.3
35 11 38 3 14
0.06 0.24 0.47 0.03 0.2
3 1 30 14 38
0.03 0.18 0.12 0.2 0.47
16 35 19 12 11
0.44 0.07 0.05 0.14 0.3
1 14 26 12 21
0.29 0.32 0.13 0.18 0.09
7 38 2 8 30
0.43 0.3 0.1 0.1 0.08
1 36 25 22 7
0.13 0.34 0.02 0.03 0.47
11 38 35 26 2
0.24 0.47 0.06 0.08 0.15
4 2 39 11 12
0.03 0.21 0.26 0.34 0.16
1 34 15 24 31
0.19 0.04 0.14 0.29 0.34
29 18 32 26 4
0.29 0.08 0.49 0.11 0.03
32 23 26 1 15
0.44 0.07 0.1 0.22 0.17
12 32 26 34 39
0.14 0.47 0.1 0.06 0.23
27 38 34 2 7
0.05 0.34 0.03 0.11 0.47
33 25 4 34 17
0.3 0.07 0.05 0.09 0.49
5 12 11 19 25
0.05 0.25 0.55 0.08 0.07
19 4 16 5 14
0.06 0.03 0.56 0.03 0.32
30 0 35 9 16
0.18 0.08 0.09 0.12 0.53
26 8 13 9 19
0.16 0.31 0.31 0.16 0.07
7 18 13 28 2
0.47 0.04 0.11 0.28 0.1
14 33 32 27 36
0.16 0.11 0.29 0.06 0.38
15 31 24 35 37
0.15 0.37 0.32 0.07 0.1
36 16 10 27 25
0.5 0.36 0.03 0.08 0.03
17 29 5 34 25
0.43 0.39 0.04 0.08 0.06
3 21 18 10 5
0.14 0.28 0.31 0.17 0.1
32 9 36 28 24
0.22 0.05 0.3 0.25 0.18
19 8 24 6 25
0.05 0.21 0.4 0.29 0.05
35 19 23 38 16
0.06 0.04 0.06 0.48 0.36
34 17 8 37 39
0.06 0.33 0.22 0.13 0.26
28 7 3 27 39
0.29 0.49 0.02 0.06 0.13
7 6 3 13 19
0.61 0.19 0.03 0.14 0.03
26 38 15 17 28
0.06 0.36 0.1 0.17 0.3
27 0 32 7 23
0.06 0.04 0.3 0.55 0.05
3 18 5 33 1
0.07 0.14 0.05 0.32 0.42
37 18 9 27 24
0.15 0.1 0.13 0.13 0.48
13 17 24 8 20
0.17 0.25 0.31 0.17 0.1
16 17 31 4 18
0.35 0.23 0.33 0.02 0.06
5 10 16 14 34
0.03 0.05 0.54 0.31 0.07
33 19 36 11 38
0.1 0.03 0.35 0.18 0.34
4 39 20 30 12
0.04 0.34 0.18 0.23 0.21
21 17 39 33 16
0.06 0.24 0.19 0.15 0.37
0 31 17 15 18
0.06 0.41 0.28 0.17 0.08
20 14 36 8 9
0.09 0.2 0.48 0.15 0.08
26 12 17 7 15
0.07 0.09 0.19 0.55 0.11
31 14 0 6 12
0.37 0.22 0.06 0.23 0.12
17 35 9 5 15
0.44 0.11 0.15 0.04 0.26
24 18 20 31 25
0.36 0.08 0.12 0.41 0.04
8 6 14 18 21
0.22 0.31 0.29 0.09 0.08
