#Number of options
40

#Assortments data
35 4 14 32 31
0.04 0.01 0.09 0.31 0.55
1 19 38 37 12
0.27 0.04 0.28 0.16 0.24
32 17 25 28 27
0.4 0.13 0.02 0.41 0.05
29 31 39 21 27
0.33 0.5 0.11 0.03 0.03
1 17 38 8 6
0.29 0.11 0.29 0.24 0.08
8 26 14 22 10
0.52 0.12 0.23 0.07 0.06
26 37 30 38 18
0.06 0.17 0.41 0.29 0.06
32 8 13 4 21
0.5 0.33 0.08 0.02 0.06
5 27 13 37 29
0.02 0.06 0.08 0.25 0.59
15 13 14 10 27
0.38 0.15 0.28 0.08 0.11
28 21 38 34 37
0.38 0.04 0.3 0.11 0.18
32 7 31 36 35
0.22 0.19 0.38 0.18 0.03
12 34 20 14 30
0.26 0.1 0.12 0.11 0.41
0 4 10 33 5
0.25 0.04 0.07 0.61 0.04
33 23 3 38 32
0.28 0.05 0.02 0.29 0.36
26 34 22 19 17
0.16 0.3 0.09 0.13 0.33
27 2 15 10 13
0.11 0.24 0.4 0.08 0.16
7 0 33 15 17
0.32 0.12 0.29 0.15 0.12
5 38 19 14 7
0.02 0.38 0.06 0.14 0.4
34 9 33 27 6
0.17 0.19 0.45 0.07 0.12
10 16 0 1 27
0.05 0.26 0.18 0.45 0.06
39 26 12 14 30
0.15 0.06 0.27 0.11 0.42
33 16 27 23 15
0.4 0.25 0.06 0.08 0.21
30 10 15 8 11
0.41 0.03 0.14 0.24 0.18
2 18 23 20 7
0.14 0.1 0.09 0.18 0.49
7 35 5 14 20
0.52 0.08 0.03 0.18 0.19
39 36 1 10 26
0.17 0.37 0.35 0.04 0.07
32 1 26 24 9
0.37 0.3 0.06 0.17 0.12
36 28 27 10 15
0.34 0.41 0.05 0.03 0.16
22 0 6 25 37
0.07 0.28 0.19 0.04 0.42
27 12 20 10 24
0.07 0.43 0.19 0.05 0.27
37 27 18 8 6
0.29 0.07 0.11 0.4 0.13
0 5 14 34 20
0.25 0.04 0.23 0.23 0.25
3 17 30 38 4
0.02 0.13 0.48 0.34 0.02
9 38 13 29 15
0.11 0.29 0.06 0.41 0.14
9 6 24 10 30
0.14 0.1 0.21 0.04 0.52
39 34 18 4 12
0.24 0.18 0.11 0.03 0.44
35 11 32 34 24
0.05 0.21 0.43 0.12 0.19
31 15 32 8 37
0.41 0.09 0.23 0.15 0.11
15 26 32 3 27
0.23 0.09 0.58 0.03 0.07
30 2 36 11 21
0.4 0.08 0.3 0.17 0.04
23 9 2 10 30
0.08 0.16 0.12 0.04 0.59
30 0 31 7 22
0.27 0.08 0.42 0.21 0.02
8 1 7 14 6
0.23 0.28 0.3 0.1 0.07
24 38 7 27 23
0.19 0.34 0.36 0.05 0.06
32 17 38 5 23
0.43 0.14 0.35 0.02 0.06
30 31 24 26 15
0.29 0.45 0.12 0.04 0.1
2 20 32 14 10
0.12 0.17 0.52 0.15 0.04
38 15 8 10 2
0.37 0.18 0.3 0.04 0.11
17 36 12 11 29
0.09 0.24 0.2 0.14 0.33
