#Number of options
40

#Assortments data
15 33 9 23 36
0.24 0.3 0.09 0.15 0.22
3 11 2 16 4
0.32 0.04 0.49 0.12 0.03
36 37 18 13 39
0.08 0.13 0.06 0.41 0.32
39 21 26 38 31
0.3 0.2 0.34 0.09 0.06
17 4 19 30 7
0.19 0.09 0.35 0.24 0.13
2 9 20 22 12
0.63 0.03 0.01 0.3 0.03
32 38 6 33 3
0.07 0.13 0.11 0.14 0.56
10 4 30 36 14
0.22 0.1 0.26 0.22 0.19
14 6 0 25 26
0.08 0.09 0.17 0.24 0.41
24 14 11 0 37
0.18 0.14 0.11 0.31 0.26
39 13 4 21 24
0.3 0.38 0.03 0.2 0.09
29 20 8 22 39
0.07 0.02 0.1 0.41 0.41
29 31 38 30 33
0.13 0.15 0.23 0.23 0.26
39 16 20 37 10
0.45 0.23 0.02 0.18 0.12
13 24 0 10 37
0.48 0.11 0.18 0.1 0.15
8 20 21 15 38
0.16 0.02 0.44 0.18 0.2
8 37 17 7 34
0.18 0.29 0.17 0.12 0.24
11 38 2 21 18
0.05 0.09 0.61 0.2 0.05
10 8 19 15 26
0.11 0.1 0.19 0.12 0.49
2 10 12 21 18
0.64 0.08 0.03 0.2 0.06
16 24 26 6 8
0.21 0.12 0.47 0.11 0.1
3 20 2 27 39
0.24 0.01 0.37 0.21 0.17
29 20 30 19 1
0.13 0.03 0.22 0.32 0.3
7 11 39 3 24
0.06 0.06 0.33 0.46 0.1
8 33 36 21 13
0.09 0.12 0.09 0.24 0.46
23 31 21 11 32
0.13 0.14 0.48 0.12 0.13
5 17 27 32 20
0.19 0.11 0.59 0.09 0.02
12 0 32 38 37
0.06 0.33 0.12 0.22 0.28
17 5 23 25 36
0.13 0.23 0.1 0.39 0.15
34 10 20 29 26
0.17 0.13 0.02 0.09 0.59
14 37 19 5 28
0.14 0.25 0.27 0.24 0.11
0 28 14 24 23
0.36 0.13 0.17 0.22 0.13
22 30 0 35 24
0.22 0.07 0.1 0.54 0.06
1 29 21 38 9
0.25 0.11 0.4 0.19 0.06
25 12 19 9 32
0.46 0.06 0.3 0.07 0.12
34 21 14 18 16
0.17 0.35 0.12 0.1 0.27
12 17 39 25 31
0.04 0.11 0.46 0.31 0.09
25 15 5 39 12
0.28 0.11 0.16 0.41 0.03
2 5 7 37 21
0.56 0.1 0.04 0.11 0.18
15 34 0 30 5
0.15 0.19 0.27 0.17 0.22
0 3 33 22 39
0.11 0.33 0.08 0.24 0.24
22 36 32 30 16
0.45 0.11 0.08 0.13 0.23
36 23 9 29 15
0.26 0.18 0.1 0.18 0.28
38 34 19 7 5
0.19 0.2 0.27 0.1 0.24
1 24 6 28 25
0.23 0.16 0.15 0.1 0.37
9 27 8 11 7
0.05 0.64 0.13 0.09 0.09
19 13 24 0 34
0.16 0.46 0.1 0.17 0.12
1 29 13 36 21
0.15 0.06 0.46 0.09 0.24
17 16 13 19 34
0.08 0.18 0.46 0.16 0.12
5 30 8 9 31
0.32 0.24 0.2 0.08 0.16
