#Number of options
40

#Assortments data
25 36 22 10 32
0.08 0.53 0.09 0.05 0.25
15 8 9 24 22
0.19 0.12 0.13 0.44 0.11
23 4 10 32 33
0.11 0.06 0.07 0.34 0.42
17 13 14 7 9
0.3 0.13 0.24 0.24 0.08
31 22 35 26 5
0.4 0.08 0.1 0.33 0.08
11 9 5 3 27
0.37 0.13 0.1 0.16 0.24
4 16 14 21 19
0.03 0.54 0.25 0.13 0.05
15 3 4 31 8
0.18 0.16 0.05 0.49 0.12
35 23 19 34 21
0.2 0.16 0.13 0.2 0.31
3 36 6 24 4
0.09 0.36 0.28 0.24 0.03
15 20 22 13 17
0.18 0.06 0.1 0.2 0.46
34 31 16 11 38
0.06 0.23 0.38 0.17 0.15
27 38 33 25 8
0.21 0.28 0.33 0.08 0.1
34 37 8 35 28
0.13 0.23 0.11 0.12 0.41
32 8 21 16 26
0.16 0.06 0.1 0.45 0.22
20 6 25 3 22
0.07 0.53 0.11 0.18 0.12
24 19 34 31 6
0.26 0.05 0.08 0.31 0.3
24 33 31 30 5
0.24 0.21 0.28 0.22 0.06
5 0 30 21 17
0.08 0.09 0.31 0.15 0.38
10 34 12 32 26
0.06 0.12 0.13 0.29 0.4
