#Number of options
40

#Assortments data
1 0 16 35 25
0.34 0.11 0.41 0.11 0.03
29 33 37 4 6
0.3 0.13 0.26 0.02 0.29
31 25 5 4 12
0.63 0.07 0.08 0.05 0.17
2 0 14 17 4
0.14 0.11 0.18 0.55 0.02
31 4 22 3 23
0.44 0.03 0.2 0.14 0.19
13 0 14 11 17
0.2 0.07 0.11 0.28 0.34
33 12 2 7 9
0.15 0.08 0.17 0.51 0.1
18 28 24 36 6
0.04 0.19 0.24 0.34 0.18
3 39 36 0 37
0.07 0.2 0.44 0.09 0.2
37 8 0 24 3
0.27 0.12 0.12 0.41 0.09
14 36 9 18 34
0.2 0.59 0.09 0.08 0.05
35 0 34 39 30
0.14 0.14 0.06 0.33 0.34
33 4 24 29 28
0.11 0.02 0.34 0.26 0.27
36 38 26 31 1
0.28 0.29 0.11 0.14 0.17
35 25 27 16 18
0.15 0.04 0.16 0.55 0.1
4 0 2 34 16
0.03 0.15 0.2 0.07 0.56
21 0 1 10 38
0.1 0.09 0.29 0.05 0.47
34 10 6 8 33
0.07 0.1 0.44 0.18 0.2
25 31 27 16 2
0.03 0.28 0.12 0.42 0.15
36 26 23 12 28
0.43 0.18 0.09 0.06 0.24
