#Number of options
40

#Assortments data
2 6 12 14 25
0.37 0.06 0.08 0.05 0.45
31 33 13 6 39
0.17 0.3 0.2 0.06 0.28
21 20 10 17 8
0.17 0.04 0.64 0.04 0.13
4 29 31 6 15
0.42 0.11 0.17 0.06 0.25
33 2 36 7 4
0.23 0.26 0.12 0.06 0.32
25 12 24 23 6
0.46 0.08 0.08 0.32 0.06
25 3 36 8 35
0.35 0.17 0.13 0.21 0.14
35 14 24 37 19
0.07 0.02 0.03 0.29 0.58
30 16 33 0 13
0.16 0.06 0.19 0.47 0.12
24 23 8 14 30
0.08 0.31 0.28 0.05 0.28
5 36 2 11 33
0.26 0.14 0.3 0.04 0.27
7 31 30 36 24
0.11 0.23 0.35 0.21 0.1
35 33 9 13 24
0.18 0.33 0.2 0.22 0.08
7 24 36 10 29
0.05 0.04 0.09 0.75 0.06
37 30 2 32 33
0.38 0.15 0.2 0.08 0.18
26 16 32 39 14
0.36 0.11 0.16 0.32 0.05
8 15 19 20 17
0.13 0.13 0.67 0.04 0.04
35 26 11 25 29
0.16 0.3 0.05 0.4 0.1
39 23 27 9 32
0.23 0.24 0.27 0.15 0.12
22 25 35 23 5
0.2 0.29 0.12 0.2 0.2
30 26 0 17 18
0.15 0.17 0.43 0.04 0.21
10 38 12 29 26
0.69 0.03 0.04 0.06 0.17
32 5 10 3 39
0.07 0.13 0.58 0.09 0.13
17 29 22 27 23
0.07 0.1 0.27 0.3 0.26
12 24 31 7 26
0.1 0.1 0.24 0.12 0.44
15 6 31 26 9
0.25 0.06 0.18 0.32 0.19
20 10 30 7 23
0.04 0.64 0.13 0.04 0.15
3 31 35 9 0
0.13 0.11 0.11 0.12 0.52
27 13 39 18 2
0.21 0.13 0.18 0.25 0.23
25 19 17 38 32
0.21 0.65 0.04 0.03 0.07
5 12 28 13 7
0.37 0.09 0.17 0.26 0.11
26 36 28 17 8
0.34 0.17 0.14 0.08 0.27
37 34 0 2 21
0.23 0.25 0.27 0.12 0.12
36 11 38 37 34
0.1 0.03 0.04 0.4 0.44
16 37 12 31 28
0.09 0.58 0.06 0.15 0.12
17 1 7 23 11
0.11 0.23 0.13 0.45 0.08
21 27 17 15 19
0.14 0.14 0.03 0.11 0.58
21 38 10 23 5
0.15 0.03 0.57 0.13 0.13
4 8 34 25 22
0.2 0.12 0.34 0.2 0.14
11 0 6 29 2
0.04 0.58 0.04 0.08 0.26
27 35 12 6 4
0.31 0.16 0.07 0.06 0.4
11 3 7 12 28
0.09 0.37 0.15 0.14 0.25
9 0 39 34 11
0.09 0.39 0.14 0.36 0.02
7 36 31 19 16
0.05 0.09 0.09 0.72 0.05
23 24 29 7 0
0.22 0.05 0.08 0.06 0.59
32 19 4 7 29
0.07 0.64 0.2 0.04 0.05
25 20 13 29 18
0.36 0.06 0.17 0.09 0.32
7 3 16 28 24
0.14 0.34 0.17 0.22 0.12
35 13 14 10 38
0.1 0.12 0.03 0.73 0.04
20 0 18 33 14
0.05 0.49 0.24 0.19 0.03
