#Number of options
40

#Assortments data
15 13 23 29 24
0.22 0.49 0.09 0.05 0.15
28 32 30 13 10
0.11 0.04 0.07 0.38 0.39
1 11 32 17 9
0.22 0.12 0.14 0.37 0.15
4 0 5 11 38
0.13 0.21 0.58 0.03 0.04
3 36 7 12 31
0.63 0.12 0.12 0.06 0.08
30 5 25 19 31
0.02 0.24 0.63 0.09 0.02
26 38 14 34 1
0.51 0.09 0.11 0.16 0.12
14 13 35 8 1
0.05 0.31 0.48 0.1 0.06
36 17 34 28 5
0.07 0.11 0.09 0.1 0.63
7 8 21 36 28
0.09 0.13 0.56 0.09 0.13
24 32 26 37 14
0.14 0.05 0.37 0.36 0.08
25 4 19 5 28
0.6 0.05 0.08 0.23 0.04
19 10 38 24 21
0.19 0.3 0.04 0.09 0.38
17 32 35 33 9
0.12 0.05 0.62 0.15 0.05
29 16 35 8 17
0.04 0.13 0.59 0.12 0.12
23 20 24 6 37
0.13 0.03 0.22 0.08 0.54
22 4 39 11 24
0.54 0.11 0.25 0.03 0.08
2 8 10 37 13
0.24 0.08 0.26 0.19 0.25
38 31 15 23 27
0.08 0.09 0.28 0.11 0.43
35 23 15 25 8
0.21 0.03 0.06 0.66 0.04
