#Number of options
40

#Assortments data
8 21 11 33 26
0.1 0.24 0.06 0.07 0.53
2 35 20 15 31
0.27 0.31 0.05 0.17 0.21
8 20 28 15 2
0.21 0.07 0.12 0.23 0.37
20 31 15 18 34
0.07 0.3 0.24 0.12 0.26
7 35 0 6 10
0.21 0.36 0.15 0.09 0.2
19 13 8 29 34
0.18 0.44 0.14 0.08 0.16
17 22 32 20 4
0.22 0.54 0.09 0.05 0.1
37 35 38 17 19
0.3 0.26 0.09 0.18 0.17
14 3 30 24 38
0.15 0.25 0.29 0.18 0.12
19 30 9 23 28
0.26 0.3 0.14 0.17 0.12
17 13 31 11 5
0.18 0.41 0.17 0.07 0.17
29 6 9 0 13
0.1 0.08 0.13 0.14 0.55
15 4 2 22 31
0.14 0.07 0.22 0.41 0.17
13 12 20 34 37
0.44 0.03 0.05 0.16 0.32
35 9 2 23 32
0.34 0.12 0.3 0.15 0.09
20 0 10 26 17
0.04 0.09 0.13 0.58 0.16
14 1 3 28 18
0.18 0.28 0.29 0.13 0.12
10 32 18 38 8
0.29 0.14 0.14 0.17 0.26
14 38 36 33 0
0.21 0.16 0.25 0.17 0.21
38 19 21 33 36
0.11 0.22 0.38 0.11 0.17
