#Number of options
40

#Assortments data
37 16 24 4 20
0.15 0.14 0.15 0.11 0.45
36 24 25 37 4
0.23 0.27 0.04 0.27 0.19
1 22 8 11 23
0.43 0.04 0.28 0.12 0.13
10 31 9 1 15
0.07 0.2 0.19 0.36 0.18
22 11 23 17 33
0.04 0.13 0.13 0.1 0.6
10 33 18 5 8
0.07 0.43 0.26 0.03 0.21
36 38 17 11 13
0.21 0.28 0.17 0.23 0.12
38 27 8 18 21
0.17 0.07 0.31 0.37 0.07
34 8 25 33 39
0.17 0.23 0.02 0.47 0.12
28 17 3 23 39
0.43 0.13 0.05 0.19 0.2
33 11 2 31 35
0.55 0.12 0.06 0.23 0.05
26 23 1 7 6
0.08 0.14 0.47 0.18 0.13
33 14 26 0 28
0.51 0.06 0.07 0.09 0.27
17 29 20 13 34
0.08 0.35 0.34 0.06 0.18
39 24 32 31 5
0.18 0.17 0.28 0.31 0.05
21 22 20 12 14
0.04 0.03 0.27 0.61 0.05
29 5 17 33 26
0.35 0.03 0.08 0.48 0.07
36 3 29 30 5
0.13 0.04 0.49 0.29 0.05
33 36 14 2 28
0.51 0.1 0.06 0.05 0.27
24 6 25 7 33
0.13 0.12 0.02 0.16 0.56
38 37 26 3 19
0.34 0.29 0.17 0.07 0.13
17 1 2 13 8
0.1 0.47 0.06 0.07 0.3
15 6 25 4 37
0.37 0.21 0.03 0.16 0.22
1 6 5 0 29
0.39 0.11 0.04 0.09 0.37
38 17 34 11 3
0.26 0.15 0.34 0.2 0.05
26 6 31 17 28
0.09 0.15 0.29 0.11 0.36
37 3 39 31 28
0.16 0.04 0.17 0.28 0.35
31 26 1 2 29
0.2 0.06 0.35 0.05 0.34
11 29 14 32 20
0.1 0.34 0.06 0.18 0.32
29 3 13 1 23
0.39 0.03 0.06 0.4 0.12
37 24 39 22 35
0.27 0.27 0.28 0.08 0.1
34 17 10 11 24
0.32 0.14 0.14 0.19 0.21
8 33 4 17 16
0.24 0.49 0.08 0.08 0.1
5 9 11 14 2
0.08 0.44 0.24 0.14 0.11
17 11 19 15 6
0.15 0.2 0.1 0.36 0.2
28 6 26 36 10
0.43 0.18 0.11 0.16 0.12
10 6 9 37 16
0.13 0.18 0.33 0.19 0.17
5 1 11 16 33
0.03 0.34 0.1 0.09 0.44
25 38 17 37 1
0.02 0.19 0.11 0.16 0.52
34 30 12 4 25
0.14 0.17 0.61 0.07 0.01
18 20 16 26 22
0.35 0.4 0.12 0.08 0.04
16 29 27 6 35
0.16 0.53 0.09 0.16 0.06
37 32 7 33 10
0.11 0.19 0.14 0.49 0.07
4 18 17 39 7
0.11 0.41 0.11 0.17 0.2
0 17 6 7 23
0.17 0.15 0.21 0.27 0.21
15 20 3 16 4
0.26 0.46 0.04 0.14 0.11
38 13 28 34 18
0.15 0.06 0.28 0.19 0.32
25 39 32 22 31
0.03 0.21 0.33 0.06 0.37
34 31 37 26 16
0.27 0.31 0.17 0.1 0.15
2 19 38 4 16
0.12 0.12 0.32 0.2 0.25
