#Number of options
40

#Assortments data
28 0 33 11 29
0.27 0.19 0.25 0.13 0.16
27 0 33 10 35
0.42 0.06 0.08 0.08 0.37
32 27 38 10 31
0.1 0.58 0.11 0.11 0.1
7 11 16 9 31
0.14 0.1 0.39 0.19 0.19
13 10 11 3 26
0.43 0.06 0.03 0.21 0.26
27 35 25 16 13
0.27 0.23 0.05 0.1 0.35
24 2 3 4 38
0.12 0.52 0.26 0.02 0.08
30 21 1 35 36
0.06 0.24 0.07 0.4 0.22
32 19 13 6 18
0.09 0.09 0.64 0.12 0.07
3 12 15 36 11
0.42 0.08 0.11 0.32 0.06
3 24 7 6 29
0.45 0.21 0.09 0.16 0.09
30 31 17 15 9
0.15 0.19 0.29 0.19 0.19
38 18 35 33 25
0.12 0.09 0.55 0.12 0.12
21 19 18 1 15
0.44 0.15 0.12 0.13 0.15
9 5 21 13 18
0.07 0.13 0.21 0.53 0.06
38 33 14 23 18
0.21 0.2 0.26 0.17 0.16
18 37 24 3 25
0.08 0.29 0.17 0.35 0.11
17 13 32 29 39
0.11 0.56 0.08 0.05 0.19
16 13 5 26 8
0.12 0.44 0.11 0.27 0.04
31 15 32 6 27
0.1 0.1 0.1 0.13 0.57
