#Number of options
40

#Assortments data
3 2 26 22 16
0.08 0.08 0.21 0.07 0.57
7 11 35 20 39
0.22 0.39 0.08 0.2 0.1
22 27 6 4 7
0.09 0.17 0.3 0.06 0.38
31 25 34 17 29
0.35 0.01 0.04 0.13 0.47
19 6 16 28 36
0.06 0.11 0.28 0.38 0.16
33 24 31 32 25
0.18 0.08 0.28 0.45 0.01
2 34 3 28 35
0.07 0.09 0.07 0.69 0.09
36 39 28 13 7
0.2 0.08 0.48 0.07 0.17
34 25 26 13 22
0.18 0.06 0.4 0.23 0.12
23 31 39 29 30
0.06 0.32 0.05 0.42 0.14
36 27 1 21 16
0.24 0.09 0.23 0.03 0.41
30 28 14 20 11
0.18 0.35 0.13 0.12 0.22
21 33 34 35 18
0.05 0.57 0.1 0.1 0.18
28 4 36 10 22
0.62 0.03 0.26 0.04 0.05
6 38 25 5 17
0.23 0.35 0.03 0.07 0.32
10 2 22 27 38
0.07 0.12 0.1 0.19 0.52
24 3 28 17 10
0.16 0.05 0.54 0.21 0.03
26 30 7 25 33
0.14 0.27 0.19 0.02 0.38
20 37 25 3 18
0.38 0.19 0.05 0.12 0.26
29 8 3 5 30
0.54 0.2 0.04 0.03 0.19
36 2 8 24 19
0.28 0.07 0.35 0.2 0.1
17 29 30 38 11
0.11 0.43 0.15 0.13 0.18
22 38 14 27 11
0.05 0.26 0.22 0.09 0.37
39 34 22 3 17
0.19 0.14 0.1 0.11 0.45
10 9 12 20 33
0.03 0.17 0.21 0.18 0.4
36 35 26 25 13
0.42 0.12 0.26 0.04 0.15
13 31 7 15 35
0.07 0.5 0.16 0.21 0.06
22 3 2 8 38
0.07 0.08 0.08 0.43 0.34
27 12 25 3 29
0.07 0.18 0.02 0.05 0.68
29 39 17 18 31
0.44 0.05 0.12 0.07 0.33
22 0 27 33 37
0.07 0.12 0.12 0.56 0.13
26 29 32 1 11
0.06 0.32 0.39 0.09 0.14
28 15 33 0 24
0.38 0.17 0.27 0.06 0.11
25 34 14 21 19
0.06 0.16 0.49 0.08 0.21
23 36 26 0 27
0.18 0.35 0.22 0.13 0.13
22 35 11 38 8
0.05 0.07 0.35 0.24 0.3
20 35 25 9 2
0.36 0.14 0.05 0.34 0.11
31 12 29 33 39
0.29 0.1 0.38 0.19 0.04
5 7 27 4 12
0.08 0.34 0.15 0.05 0.37
38 18 12 36 31
0.17 0.09 0.15 0.17 0.43
26 28 36 16 37
0.1 0.39 0.16 0.28 0.06
32 33 37 18 19
0.58 0.24 0.05 0.07 0.05
11 1 14 9 19
0.33 0.22 0.2 0.16 0.08
24 23 30 1 7
0.17 0.12 0.28 0.23 0.2
4 21 19 31 29
0.02 0.02 0.06 0.39 0.51
37 1 38 39 7
0.11 0.27 0.28 0.11 0.23
37 1 5 39 28
0.09 0.23 0.04 0.09 0.55
4 29 31 10 6
0.02 0.49 0.37 0.02 0.09
6 13 14 24 30
0.17 0.1 0.23 0.19 0.31
34 3 21 29 24
0.06 0.05 0.03 0.71 0.15
