#Number of options
40

#Assortments data
9 2 25 36 12
0.06 0.24 0.09 0.5 0.12
25 28 16 13 21
0.08 0.27 0.37 0.18 0.1
4 36 31 27 38
0.02 0.4 0.24 0.13 0.21
31 33 1 34 26
0.33 0.15 0.33 0.06 0.14
9 8 36 32 0
0.06 0.13 0.51 0.2 0.11
39 25 14 23 13
0.15 0.1 0.45 0.06 0.24
37 28 5 16 20
0.12 0.34 0.05 0.46 0.04
20 4 26 39 3
0.07 0.06 0.3 0.29 0.28
12 13 20 4 31
0.17 0.3 0.05 0.04 0.44
37 9 11 29 12
0.09 0.05 0.4 0.35 0.11
20 38 9 16 17
0.02 0.2 0.04 0.32 0.42
15 6 14 23 31
0.12 0.39 0.26 0.03 0.2
6 12 8 30 37
0.53 0.11 0.11 0.15 0.1
29 20 4 1 5
0.49 0.04 0.03 0.38 0.05
5 12 39 14 22
0.05 0.15 0.16 0.49 0.14
34 29 21 19 3
0.07 0.51 0.15 0.12 0.16
39 38 23 32 31
0.13 0.28 0.05 0.21 0.32
10 35 3 26 6
0.04 0.16 0.12 0.12 0.56
18 2 6 3 17
0.05 0.15 0.37 0.08 0.35
7 3 29 13 30
0.32 0.09 0.3 0.16 0.13
18 35 1 22 23
0.11 0.23 0.43 0.16 0.07
18 13 6 35 12
0.07 0.18 0.51 0.14 0.1
19 26 29 12 10
0.12 0.17 0.51 0.16 0.05
1 6 33 3 11
0.19 0.37 0.08 0.08 0.28
32 9 22 26 2
0.27 0.08 0.15 0.18 0.33
17 28 21 1 20
0.42 0.23 0.09 0.23 0.03
6 0 31 19 37
0.49 0.09 0.25 0.08 0.09
30 32 18 33 23
0.27 0.31 0.13 0.21 0.08
31 17 3 10 37
0.27 0.49 0.11 0.03 0.09
6 0 16 32 26
0.41 0.08 0.29 0.13 0.09
3 7 11 8 26
0.1 0.33 0.36 0.1 0.1
5 30 6 16 7
0.03 0.1 0.36 0.26 0.25
34 18 8 29 12
0.07 0.1 0.16 0.51 0.16
24 18 19 27 21
0.66 0.06 0.07 0.12 0.08
24 6 30 21 20
0.5 0.33 0.09 0.06 0.02
35 29 36 34 3
0.13 0.32 0.4 0.04 0.1
32 18 17 33 31
0.15 0.06 0.44 0.11 0.24
7 24 1 30 22
0.22 0.47 0.16 0.09 0.06
5 32 33 3 8
0.07 0.31 0.22 0.2 0.2
35 1 36 16 23
0.11 0.21 0.35 0.29 0.04
17 12 26 19 14
0.43 0.09 0.1 0.07 0.3
16 21 15 7 35
0.32 0.09 0.14 0.32 0.13
19 25 18 14 10
0.14 0.13 0.11 0.56 0.06
21 30 10 27 26
0.18 0.27 0.06 0.27 0.21
1 38 35 18 36
0.23 0.2 0.12 0.06 0.38
29 39 0 9 23
0.53 0.17 0.15 0.07 0.07
38 7 11 1 6
0.13 0.21 0.22 0.15 0.29
33 28 11 21 22
0.12 0.28 0.4 0.1 0.1
37 9 21 18 33
0.22 0.11 0.23 0.16 0.27
29 1 7 2 27
0.26 0.2 0.27 0.16 0.11
