#Number of options
40

#Assortments data
7 33 36 5 30
0.28 0.09 0.54 0.03 0.06
34 28 8 29 26
0.07 0.46 0.12 0.19 0.16
39 5 33 23 25
0.35 0.11 0.32 0.12 0.11
12 6 25 31 8
0.05 0.53 0.04 0.29 0.09
0 36 26 24 33
0.02 0.36 0.06 0.5 0.06
22 21 26 8 4
0.35 0.12 0.28 0.22 0.04
38 1 9 33 29
0.38 0.21 0.06 0.16 0.19
17 2 24 5 20
0.27 0.07 0.61 0.03 0.03
16 9 19 5 22
0.62 0.06 0.08 0.05 0.19
24 8 21 4 25
0.83 0.08 0.04 0.01 0.04
10 26 13 5 16
0.03 0.13 0.25 0.05 0.54
5 30 1 6 32
0.04 0.08 0.15 0.5 0.24
3 39 38 25 7
0.12 0.14 0.31 0.05 0.38
8 13 29 34 1
0.13 0.33 0.21 0.08 0.24
16 34 36 0 27
0.33 0.04 0.49 0.03 0.12
11 15 24 23 12
0.15 0.09 0.7 0.03 0.04
23 35 12 28 11
0.06 0.19 0.07 0.43 0.26
32 11 7 19 10
0.28 0.22 0.4 0.07 0.03
22 19 16 21 5
0.19 0.08 0.61 0.07 0.05
32 26 38 25 10
0.35 0.16 0.4 0.06 0.04
