#Number of options
40

#Assortments data
10 3 8 28 29
0.57 0.06 0.23 0.04 0.09
13 4 33 23 37
0.11 0.36 0.19 0.19 0.15
33 20 13 15 14
0.29 0.09 0.18 0.41 0.04
35 31 8 7 10
0.07 0.06 0.24 0.03 0.59
22 11 14 31 2
0.33 0.08 0.09 0.21 0.29
9 11 19 34 24
0.1 0.02 0.63 0.21 0.04
9 32 11 27 4
0.17 0.13 0.03 0.17 0.5
37 21 2 7 34
0.2 0.29 0.11 0.04 0.36
15 20 31 25 23
0.41 0.09 0.09 0.12 0.29
29 31 11 15 6
0.21 0.13 0.05 0.58 0.04
12 8 5 34 31
0.05 0.31 0.2 0.36 0.08
19 13 27 32 25
0.66 0.09 0.1 0.08 0.07
15 10 35 13 37
0.23 0.49 0.06 0.1 0.13
1 6 14 24 18
0.26 0.04 0.05 0.11 0.53
0 37 15 25 7
0.42 0.16 0.29 0.09 0.03
21 4 31 0 25
0.2 0.33 0.05 0.35 0.07
30 7 20 13 35
0.26 0.09 0.16 0.31 0.19
5 14 33 12 37
0.27 0.04 0.34 0.07 0.27
31 39 32 37 25
0.11 0.28 0.18 0.28 0.15
36 35 3 8 28
0.17 0.15 0.13 0.48 0.08
4 3 12 28 25
0.62 0.11 0.07 0.06 0.14
15 8 2 23 6
0.34 0.3 0.1 0.24 0.02
30 32 10 20 37
0.1 0.1 0.59 0.06 0.15
38 34 9 39 4
0.03 0.29 0.13 0.16 0.39
27 26 4 23 38
0.13 0.3 0.36 0.19 0.03
18 15 34 1 22
0.25 0.27 0.27 0.12 0.09
30 24 9 36 27
0.2 0.11 0.25 0.17 0.26
0 27 21 1 19
0.23 0.08 0.13 0.08 0.49
28 35 17 32 0
0.06 0.11 0.11 0.14 0.58
35 9 34 32 36
0.11 0.19 0.42 0.15 0.13
23 18 32 38 27
0.27 0.37 0.14 0.04 0.18
14 29 17 13 19
0.02 0.08 0.07 0.1 0.72
13 37 36 16 17
0.23 0.29 0.16 0.17 0.15
11 13 10 9 34
0.02 0.1 0.52 0.11 0.24
9 30 16 29 32
0.25 0.19 0.18 0.19 0.19
11 35 20 8 22
0.05 0.15 0.12 0.49 0.19
25 0 37 15 23
0.08 0.35 0.14 0.25 0.18
33 27 30 12 22
0.34 0.24 0.18 0.07 0.17
10 7 38 27 11
0.73 0.04 0.04 0.16 0.03
5 9 21 20 17
0.24 0.2 0.35 0.09 0.12
35 21 27 12 14
0.15 0.45 0.27 0.08 0.05
35 3 9 16 6
0.2 0.17 0.34 0.24 0.05
30 19 27 11 2
0.08 0.71 0.11 0.02 0.07
6 16 10 20 3
0.02 0.11 0.72 0.07 0.08
30 7 17 26 1
0.15 0.05 0.12 0.48 0.2
23 37 2 29 24
0.33 0.26 0.14 0.17 0.1
38 17 23 32 10
0.03 0.08 0.2 0.1 0.6
12 5 38 11 22
0.12 0.45 0.09 0.07 0.28
37 6 23 21 15
0.18 0.02 0.23 0.26 0.32
27 7 17 12 20
0.38 0.1 0.22 0.12 0.18
