#Number of options
150

#Assortments data
144 132 3 123 51
0.14 0.13 0.08 0.4 0.25
100 5 36 82 91
0.16 0.23 0.17 0.23 0.21
122 49 142 68 13
0.2 0.4 0.16 0.1 0.13
77 105 30 9 136
0.03 0.1 0.75 0.04 0.09
10 94 100 130 136
0.15 0.38 0.17 0.15 0.16
113 123 133 67 109
0.19 0.28 0.21 0.19 0.13
38 50 136 97 148
0.08 0.26 0.11 0.44 0.11
146 31 90 91 92
0.16 0.07 0.08 0.24 0.45
30 146 49 136 54
0.48 0.06 0.22 0.06 0.18
10 12 19 131 116
0.08 0.45 0.09 0.09 0.29
85 111 70 8 46
0.07 0.15 0.17 0.24 0.37
12 100 116 78 118
0.39 0.08 0.25 0.13 0.16
66 127 70 142 80
0.31 0.16 0.12 0.13 0.28
146 4 125 40 39
0.11 0.24 0.43 0.03 0.2
107 84 133 8 28
0.38 0.08 0.16 0.16 0.21
23 90 143 34 98
0.25 0.04 0.05 0.43 0.24
48 110 85 83 126
0.65 0.04 0.05 0.18 0.08
46 149 125 114 26
0.2 0.18 0.24 0.1 0.28
56 12 91 112 107
0.09 0.28 0.08 0.3 0.25
8 69 87 62 9
0.12 0.18 0.61 0.06 0.02
