#Number of options
150

#Assortments data
143 19 55 68 113
0.22 0.23 0.14 0.22 0.18
103 18 74 19 84
0.09 0.13 0.11 0.24 0.44
52 103 16 45 39
0.35 0.05 0.14 0.15 0.31
104 55 145 35 11
0.12 0.07 0.2 0.16 0.45
81 75 100 133 138
0.21 0.22 0.16 0.14 0.27
146 95 43 31 133
0.18 0.3 0.28 0.1 0.15
123 60 81 86 148
0.2 0.13 0.18 0.31 0.19
72 43 114 4 142
0.13 0.26 0.15 0.21 0.24
132 56 111 75 131
0.33 0.1 0.21 0.19 0.15
141 107 142 21 45
0.12 0.15 0.34 0.19 0.2
111 66 92 47 133
0.29 0.15 0.27 0.13 0.17
31 66 16 74 137
0.12 0.16 0.17 0.08 0.47
55 124 40 148 100
0.09 0.39 0.15 0.22 0.16
88 136 104 47 18
0.14 0.23 0.26 0.22 0.15
41 81 54 139 1
0.14 0.31 0.21 0.13 0.21
149 60 71 68 15
0.57 0.12 0.11 0.1 0.1
97 8 22 20 101
0.15 0.06 0.28 0.28 0.24
43 22 75 14 67
0.17 0.25 0.14 0.32 0.13
129 47 126 5 94
0.25 0.08 0.23 0.39 0.06
64 130 107 7 110
0.38 0.07 0.15 0.27 0.13
