#Number of options
150

#Assortments data
68 104 76 73 53
0.11 0.11 0.36 0.17 0.25
59 134 43 8 124
0.05 0.51 0.16 0.05 0.22
132 9 85 62 33
0.34 0.25 0.05 0.14 0.21
141 21 113 70 17
0.06 0.45 0.14 0.14 0.2
126 86 134 30 54
0.17 0.25 0.26 0.06 0.25
79 146 44 32 0
0.16 0.24 0.12 0.08 0.4
71 74 114 136 7
0.22 0.06 0.2 0.38 0.14
95 6 92 36 31
0.07 0.39 0.26 0.1 0.19
83 25 0 28 147
0.22 0.14 0.44 0.06 0.13
40 61 106 13 127
0.06 0.09 0.04 0.4 0.42
25 95 96 32 3
0.28 0.11 0.23 0.17 0.22
148 49 139 24 131
0.37 0.05 0.17 0.14 0.27
122 71 38 124 141
0.09 0.3 0.15 0.39 0.07
115 144 65 112 57
0.1 0.32 0.2 0.23 0.16
124 42 149 113 73
0.15 0.22 0.38 0.07 0.18
78 17 29 113 57
0.18 0.17 0.26 0.12 0.26
70 65 142 74 138
0.05 0.13 0.54 0.02 0.26
61 21 23 54 29
0.18 0.2 0.17 0.32 0.13
53 129 47 88 80
0.26 0.36 0.03 0.04 0.3
137 6 113 140 144
0.21 0.34 0.04 0.23 0.18
