#Number of options
150

#Assortments data
56 7 22 64 136
0.26 0.05 0.13 0.32 0.24
54 84 121 73 147
0.25 0.05 0.22 0.11 0.37
112 131 144 91 74
0.3 0.33 0.23 0.1 0.04
41 136 13 112 138
0.05 0.38 0.25 0.16 0.16
4 144 18 39 44
0.35 0.13 0.11 0.15 0.25
125 114 36 110 89
0.74 0.04 0.09 0.08 0.05
122 37 96 109 63
0.03 0.25 0.32 0.34 0.05
44 65 105 110 17
0.4 0.17 0.26 0.11 0.07
136 37 55 63 130
0.44 0.26 0.05 0.06 0.2
79 84 105 112 53
0.34 0.08 0.24 0.25 0.09
28 108 7 74 12
0.23 0.13 0.12 0.03 0.48
97 94 14 16 105
0.11 0.06 0.39 0.07 0.37
141 93 146 97 1
0.07 0.54 0.13 0.1 0.16
31 27 102 112 139
0.23 0.16 0.1 0.2 0.31
141 93 100 14 70
0.05 0.42 0.21 0.25 0.06
27 26 124 7 99
0.2 0.42 0.07 0.11 0.19
110 54 50 85 130
0.12 0.43 0.08 0.06 0.31
4 92 143 102 84
0.34 0.39 0.13 0.09 0.05
78 49 134 92 94
0.13 0.04 0.24 0.56 0.04
117 17 98 101 74
0.24 0.14 0.29 0.26 0.07
