#Number of options
150

#Assortments data
21 55 137 126 54
0.1 0.19 0.17 0.15 0.39
135 54 93 95 21
0.14 0.21 0.46 0.14 0.05
122 143 32 37 115
0.1 0.1 0.3 0.33 0.17
116 107 58 23 113
0.52 0.11 0.05 0.22 0.1
104 85 137 4 112
0.31 0.07 0.14 0.22 0.26
141 37 131 122 120
0.1 0.29 0.16 0.08 0.36
45 48 139 73 93
0.04 0.12 0.18 0.28 0.38
102 140 114 25 94
0.09 0.15 0.11 0.57 0.08
105 39 42 118 126
0.08 0.17 0.6 0.07 0.08
75 95 86 141 139
0.25 0.17 0.21 0.11 0.26
1 0 85 98 60
0.19 0.51 0.07 0.16 0.07
58 5 121 7 82
0.06 0.19 0.51 0.17 0.07
148 143 109 33 90
0.1 0.15 0.49 0.19 0.06
143 113 103 137 130
0.2 0.32 0.06 0.22 0.19
147 82 0 77 42
0.15 0.06 0.27 0.04 0.48
12 19 141 73 5
0.31 0.04 0.09 0.35 0.21
112 22 82 32 30
0.15 0.41 0.07 0.22 0.15
34 90 47 67 58
0.57 0.04 0.13 0.18 0.08
119 13 57 38 27
0.07 0.17 0.52 0.06 0.18
42 70 118 97 92
0.52 0.04 0.07 0.11 0.27
