#Number of options
150

#Assortments data
55 146 125 68 32
0.19 0.04 0.15 0.12 0.5
111 63 36 140 16
0.14 0.04 0.27 0.35 0.2
106 26 116 94 34
0.04 0.13 0.17 0.31 0.34
83 87 36 146 60
0.1 0.61 0.19 0.04 0.06
127 129 64 113 112
0.07 0.05 0.07 0.51 0.29
96 43 5 18 73
0.2 0.42 0.08 0.02 0.29
93 141 48 72 16
0.16 0.23 0.4 0.09 0.12
9 46 58 86 91
0.03 0.46 0.08 0.11 0.31
5 10 22 17 91
0.08 0.04 0.3 0.36 0.23
142 5 143 17 98
0.09 0.1 0.05 0.47 0.29
57 9 92 32 50
0.12 0.02 0.13 0.37 0.36
142 108 9 69 32
0.04 0.47 0.01 0.25 0.22
132 20 30 3 84
0.07 0.21 0.53 0.04 0.15
106 91 145 146 129
0.09 0.55 0.17 0.07 0.12
110 78 68 22 8
0.01 0.13 0.08 0.28 0.5
4 105 29 145 62
0.2 0.19 0.14 0.19 0.27
73 19 34 26 28
0.35 0.06 0.39 0.15 0.05
83 124 19 113 10
0.11 0.17 0.06 0.61 0.05
130 117 107 103 96
0.05 0.05 0.67 0.05 0.18
101 149 84 58 139
0.05 0.27 0.2 0.1 0.37
