#Number of options
150

#Assortments data
48 96 46 64 54
0.29 0.12 0.5 0.06 0.03
96 49 80 122 39
0.17 0.17 0.09 0.54 0.04
22 138 36 82 32
0.11 0.03 0.15 0.22 0.48
99 64 6 122 107
0.19 0.08 0.04 0.55 0.15
64 40 55 22 97
0.09 0.02 0.39 0.09 0.41
144 87 121 74 77
0.08 0.38 0.13 0.41 0.01
102 17 10 16 39
0.07 0.68 0.04 0.14 0.07
144 33 132 147 41
0.35 0.06 0.25 0.21 0.13
133 22 145 64 32
0.06 0.14 0.05 0.14 0.6
79 126 43 133 75
0.07 0.08 0.44 0.08 0.34
50 7 91 11 108
0.29 0.27 0.22 0.03 0.19
146 83 96 86 49
0.05 0.07 0.36 0.15 0.37
148 117 41 140 61
0.07 0.14 0.15 0.39 0.25
3 139 60 74 72
0.1 0.12 0.06 0.64 0.07
111 125 63 95 48
0.21 0.1 0.02 0.23 0.44
142 68 81 96 2
0.1 0.05 0.27 0.26 0.31
147 7 27 142 105
0.05 0.57 0.26 0.07 0.04
48 78 144 30 139
0.45 0.17 0.09 0.19 0.09
120 35 49 109 57
0.27 0.04 0.3 0.16 0.23
92 148 35 74 115
0.13 0.02 0.04 0.74 0.06
