#Number of options
150

#Assortments data
92 98 76 49 65
0.14 0.54 0.09 0.08 0.14
28 5 73 24 96
0.03 0.57 0.15 0.05 0.2
63 124 118 9 136
0.05 0.47 0.32 0.08 0.08
65 26 128 142 31
0.14 0.09 0.46 0.16 0.14
6 92 57 44 18
0.5 0.15 0.18 0.08 0.09
14 19 33 64 75
0.2 0.38 0.08 0.21 0.14
122 33 5 63 26
0.2 0.07 0.58 0.06 0.08
50 30 38 101 98
0.1 0.1 0.37 0.14 0.3
20 136 65 43 55
0.57 0.08 0.09 0.06 0.21
147 136 25 15 62
0.1 0.09 0.22 0.06 0.53
61 81 97 43 12
0.19 0.45 0.07 0.07 0.22
85 107 7 101 35
0.36 0.18 0.15 0.26 0.05
122 24 60 101 47
0.23 0.06 0.34 0.27 0.1
65 18 122 104 59
0.2 0.13 0.31 0.27 0.09
106 32 66 38 17
0.28 0.07 0.06 0.38 0.21
6 101 16 17 48
0.22 0.12 0.42 0.17 0.08
55 23 140 142 37
0.19 0.08 0.45 0.09 0.18
27 145 147 74 42
0.13 0.21 0.11 0.11 0.43
24 147 55 46 122
0.06 0.15 0.37 0.16 0.26
112 36 79 26 15
0.09 0.66 0.09 0.09 0.08
