#Number of options
150

#Assortments data
137 80 84 2 139
0.26 0.22 0.26 0.15 0.12
124 16 5 116 84
0.11 0.17 0.4 0.14 0.18
116 115 145 113 122
0.23 0.14 0.4 0.15 0.08
90 68 41 2 105
0.22 0.22 0.3 0.17 0.09
124 22 117 6 122
0.1 0.36 0.13 0.36 0.04
15 3 129 93 118
0.31 0.1 0.28 0.17 0.14
63 21 134 83 35
0.23 0.16 0.26 0.26 0.1
115 137 109 15 32
0.09 0.17 0.38 0.27 0.09
95 32 42 92 118
0.11 0.08 0.39 0.32 0.1
126 148 145 93 135
0.33 0.13 0.28 0.17 0.09
52 29 82 97 148
0.33 0.33 0.14 0.07 0.13
50 65 40 34 143
0.14 0.18 0.13 0.3 0.25
111 13 98 37 133
0.07 0.32 0.18 0.37 0.05
31 77 0 53 115
0.15 0.12 0.45 0.17 0.1
40 35 43 8 39
0.17 0.14 0.14 0.1 0.46
116 105 63 123 41
0.23 0.09 0.31 0.1 0.28
23 105 95 55 134
0.33 0.08 0.19 0.09 0.32
20 8 104 66 61
0.3 0.1 0.16 0.22 0.21
86 134 24 22 40
0.41 0.14 0.11 0.27 0.07
51 28 138 134 143
0.41 0.06 0.14 0.21 0.18
