#Number of options
150

#Assortments data
115 116 136 144 10
0.2 0.4 0.08 0.26 0.06
114 61 139 94 64
0.22 0.04 0.08 0.62 0.05
149 93 89 75 69
0.05 0.04 0.32 0.05 0.54
50 85 90 60 53
0.6 0.15 0.02 0.14 0.09
18 109 110 98 46
0.02 0.06 0.02 0.09 0.82
77 47 74 112 26
0.01 0.29 0.51 0.09 0.1
88 33 100 32 25
0.56 0.02 0.04 0.19 0.2
94 52 118 127 74
0.44 0.04 0.12 0.03 0.37
63 3 108 59 93
0.02 0.06 0.47 0.38 0.07
73 10 31 90 61
0.65 0.06 0.07 0.03 0.19
80 116 147 31 57
0.23 0.28 0.13 0.05 0.31
15 23 126 75 21
0.12 0.46 0.15 0.21 0.06
142 42 106 36 87
0.05 0.12 0.13 0.21 0.48
5 74 139 40 41
0.15 0.72 0.11 0.01 0.01
103 146 87 42 24
0.13 0.05 0.62 0.15 0.05
30 29 90 88 143
0.23 0.04 0.01 0.69 0.03
64 34 19 107 61
0.1 0.25 0.09 0.49 0.07
29 89 92 73 8
0.03 0.44 0.03 0.15 0.36
45 47 139 98 56
0.05 0.62 0.16 0.14 0.03
72 18 146 131 22
0.15 0.08 0.13 0.18 0.46
