#Number of options
150

#Assortments data
142 13 72 133 75
0.33 0.38 0.08 0.11 0.11
37 91 103 106 28
0.45 0.19 0.12 0.18 0.06
3 96 54 91 64
0.4 0.21 0.13 0.14 0.12
95 145 51 12 81
0.06 0.6 0.18 0.1 0.06
142 86 10 21 141
0.14 0.31 0.17 0.35 0.02
111 89 27 24 1
0.44 0.08 0.22 0.13 0.12
22 69 43 137 101
0.11 0.04 0.03 0.4 0.42
45 65 51 147 145
0.37 0.13 0.1 0.05 0.34
24 57 128 86 95
0.07 0.11 0.26 0.48 0.07
20 114 17 90 77
0.25 0.21 0.05 0.15 0.32
60 59 29 94 105
0.22 0.02 0.7 0.04 0.01
56 21 32 26 122
0.12 0.63 0.05 0.11 0.08
36 135 122 62 39
0.09 0.05 0.06 0.2 0.6
23 94 5 32 136
0.12 0.1 0.52 0.05 0.2
109 101 63 146 135
0.23 0.27 0.12 0.34 0.03
34 45 87 56 40
0.09 0.6 0.04 0.08 0.19
39 14 35 31 132
0.42 0.13 0.04 0.22 0.2
120 22 116 32 47
0.44 0.21 0.23 0.07 0.05
94 36 111 113 126
0.06 0.09 0.17 0.1 0.58
38 33 26 39 83
0.24 0.07 0.06 0.45 0.18
