#Number of options
150

#Assortments data
128 107 20 47 131
0.34 0.19 0.26 0.04 0.17
55 135 108 129 27
0.1 0.1 0.12 0.22 0.46
111 13 28 87 53
0.11 0.22 0.16 0.39 0.12
61 147 81 111 94
0.39 0.27 0.07 0.13 0.13
48 11 10 74 62
0.25 0.22 0.1 0.15 0.28
53 56 108 44 42
0.1 0.15 0.09 0.2 0.46
36 141 18 104 100
0.15 0.16 0.09 0.4 0.2
73 51 108 65 56
0.4 0.32 0.08 0.08 0.13
115 46 81 16 91
0.26 0.23 0.08 0.14 0.3
95 132 130 98 54
0.27 0.2 0.11 0.23 0.19
46 14 34 73 99
0.08 0.19 0.24 0.29 0.2
23 40 90 55 32
0.6 0.05 0.08 0.1 0.17
140 119 88 129 121
0.34 0.09 0.09 0.17 0.32
121 131 74 124 38
0.42 0.24 0.1 0.14 0.1
115 3 55 18 10
0.37 0.17 0.21 0.11 0.14
66 77 146 87 39
0.22 0.08 0.11 0.42 0.17
108 96 55 105 131
0.09 0.59 0.07 0.07 0.17
117 56 66 26 122
0.15 0.22 0.23 0.31 0.1
131 142 115 141 129
0.2 0.39 0.15 0.07 0.18
137 126 132 28 113
0.14 0.21 0.27 0.24 0.13
