#Number of options
150

#Assortments data
106 27 75 13 56
0.66 0.14 0.06 0.08 0.06
22 10 80 140 28
0.18 0.24 0.14 0.38 0.06
44 64 144 63 115
0.07 0.15 0.6 0.09 0.09
89 81 1 111 12
0.09 0.38 0.07 0.41 0.06
81 6 12 41 85
0.31 0.11 0.05 0.05 0.48
45 47 49 133 67
0.66 0.1 0.13 0.05 0.07
108 123 19 38 47
0.03 0.12 0.47 0.36 0.02
61 36 55 8 0
0.05 0.48 0.3 0.06 0.12
57 76 60 146 65
0.07 0.07 0.65 0.13 0.09
25 97 72 146 142
0.19 0.18 0.08 0.27 0.28
66 105 22 119 107
0.19 0.04 0.32 0.3 0.15
141 52 17 124 92
0.14 0.05 0.17 0.59 0.04
45 28 82 140 51
0.35 0.03 0.25 0.22 0.13
8 40 31 139 6
0.18 0.24 0.2 0.06 0.32
74 81 44 9 77
0.15 0.52 0.04 0.21 0.08
54 60 90 71 44
0.09 0.63 0.11 0.12 0.04
30 12 97 60 110
0.11 0.09 0.08 0.62 0.1
86 112 125 18 29
0.21 0.07 0.11 0.08 0.54
79 0 92 122 142
0.12 0.31 0.09 0.3 0.18
31 84 52 132 99
0.06 0.6 0.04 0.22 0.09
