#Number of options
150

#Assortments data
138 40 108 31 114
0.24 0.1 0.12 0.48 0.07
34 17 99 109 127
0.16 0.04 0.06 0.3 0.45
60 64 8 12 120
0.06 0.59 0.03 0.16 0.16
149 102 60 140 142
0.13 0.13 0.08 0.11 0.55
90 34 88 10 33
0.14 0.24 0.06 0.23 0.34
70 29 89 110 68
0.09 0.37 0.13 0.22 0.18
79 26 138 100 17
0.16 0.27 0.12 0.42 0.04
104 122 18 81 113
0.21 0.14 0.49 0.08 0.09
33 28 41 19 109
0.31 0.14 0.1 0.03 0.41
46 70 91 112 41
0.09 0.14 0.19 0.29 0.3
137 112 70 55 129
0.23 0.17 0.08 0.05 0.47
104 96 146 27 3
0.09 0.21 0.24 0.34 0.12
132 68 93 58 119
0.15 0.13 0.47 0.15 0.1
101 92 88 50 83
0.14 0.56 0.03 0.03 0.25
39 94 86 132 129
0.41 0.03 0.19 0.11 0.27
37 100 78 123 9
0.2 0.55 0.08 0.09 0.08
18 82 121 140 101
0.2 0.11 0.21 0.16 0.32
97 7 2 101 115
0.1 0.05 0.22 0.3 0.32
16 33 144 52 63
0.04 0.32 0.12 0.4 0.11
118 75 29 133 43
0.11 0.27 0.21 0.3 0.11
