#Number of options
150

#Assortments data
57 11 78 45 141
0.1 0.32 0.26 0.29 0.04
97 101 27 42 47
0.14 0.23 0.19 0.4 0.04
49 13 81 110 43
0.1 0.27 0.36 0.1 0.16
98 28 112 61 7
0.53 0.08 0.11 0.15 0.12
47 62 104 16 14
0.02 0.5 0.05 0.34 0.1
139 83 27 68 106
0.06 0.13 0.2 0.37 0.24
16 0 102 44 10
0.36 0.25 0.25 0.06 0.08
10 140 68 129 6
0.07 0.31 0.18 0.21 0.23
59 55 128 103 47
0.08 0.24 0.4 0.23 0.05
91 25 132 51 97
0.12 0.13 0.48 0.2 0.07
110 18 35 2 116
0.18 0.21 0.07 0.12 0.42
55 95 36 17 41
0.22 0.12 0.31 0.2 0.16
14 9 52 80 90
0.22 0.23 0.33 0.13 0.1
129 73 13 79 111
0.35 0.07 0.23 0.08 0.27
28 133 43 38 16
0.04 0.04 0.1 0.41 0.41
2 28 101 18 70
0.1 0.08 0.32 0.17 0.33
71 42 52 36 5
0.09 0.25 0.18 0.19 0.3
38 143 142 41 56
0.49 0.09 0.25 0.12 0.06
16 145 2 60 122
0.46 0.15 0.05 0.25 0.09
74 9 56 42 11
0.08 0.14 0.05 0.3 0.42
