#Number of options
150

#Assortments data
99 132 27 136 116
0.24 0.1 0.29 0.11 0.27
131 71 52 84 106
0.17 0.24 0.26 0.27 0.05
40 69 37 118 109
0.07 0.21 0.25 0.15 0.31
45 36 118 63 26
0.18 0.29 0.21 0.09 0.22
21 1 137 69 11
0.08 0.18 0.17 0.25 0.32
93 81 116 109 57
0.15 0.09 0.36 0.23 0.17
143 70 33 146 95
0.18 0.09 0.12 0.18 0.43
76 71 14 101 146
0.08 0.18 0.42 0.18 0.14
75 63 97 141 44
0.28 0.08 0.32 0.13 0.19
123 98 77 16 11
0.18 0.35 0.08 0.12 0.27
140 112 129 81 110
0.48 0.18 0.14 0.13 0.07
98 10 67 2 112
0.36 0.1 0.18 0.17 0.19
112 1 123 59 131
0.22 0.19 0.22 0.15 0.21
1 143 96 149 13
0.09 0.11 0.26 0.42 0.12
23 111 145 56 129
0.38 0.25 0.13 0.08 0.15
119 132 45 114 116
0.09 0.16 0.12 0.2 0.43
66 65 86 56 47
0.23 0.13 0.41 0.08 0.14
56 3 30 120 26
0.06 0.13 0.17 0.5 0.13
5 15 96 107 146
0.19 0.08 0.37 0.21 0.15
21 125 127 4 78
0.06 0.23 0.31 0.16 0.24
