#Number of options
150

#Assortments data
68 138 15 5 123
0.46 0.06 0.04 0.34 0.1
139 64 41 89 119
0.04 0.13 0.63 0.12 0.08
0 112 108 40 52
0.32 0.11 0.11 0.29 0.17
143 70 123 11 147
0.08 0.13 0.17 0.54 0.08
77 6 22 3 55
0.25 0.13 0.12 0.42 0.09
35 74 58 113 73
0.03 0.06 0.77 0.08 0.06
140 2 119 69 33
0.53 0.09 0.08 0.19 0.11
128 142 131 43 140
0.34 0.14 0.13 0.04 0.34
128 113 16 136 96
0.39 0.1 0.33 0.05 0.12
43 78 116 47 6
0.06 0.36 0.2 0.04 0.33
105 74 60 93 46
0.02 0.04 0.84 0.06 0.03
66 29 73 101 112
0.06 0.59 0.06 0.24 0.05
140 24 145 54 14
0.4 0.05 0.32 0.05 0.17
0 122 79 84 121
0.14 0.05 0.16 0.42 0.23
112 135 10 39 104
0.09 0.1 0.24 0.46 0.12
140 149 138 60 50
0.16 0.12 0.05 0.62 0.04
58 75 142 4 25
0.68 0.04 0.11 0.05 0.11
79 119 38 46 5
0.13 0.04 0.29 0.04 0.49
81 105 38 28 122
0.41 0.04 0.44 0.04 0.06
122 76 30 135 81
0.09 0.11 0.1 0.11 0.59
