#Number of options
150

#Assortments data
19 123 67 84 75
0.03 0.03 0.77 0.02 0.15
94 55 73 22 87
0.07 0.06 0.36 0.36 0.15
21 98 19 74 66
0.34 0.1 0.06 0.04 0.47
63 51 87 24 145
0.2 0.19 0.06 0.43 0.11
143 144 105 100 107
0.28 0.05 0.13 0.46 0.08
74 53 23 132 144
0.05 0.21 0.44 0.2 0.11
31 1 137 28 24
0.17 0.07 0.14 0.22 0.4
109 62 142 23 32
0.37 0.07 0.25 0.24 0.07
73 125 103 119 54
0.19 0.22 0.01 0.04 0.54
69 139 104 117 112
0.04 0.4 0.07 0.26 0.24
111 41 89 94 98
0.12 0.45 0.15 0.1 0.18
92 66 97 74 69
0.49 0.34 0.11 0.03 0.03
136 145 96 4 32
0.54 0.1 0.15 0.16 0.05
8 23 46 142 18
0.05 0.31 0.04 0.32 0.28
121 27 76 69 93
0.09 0.06 0.71 0.02 0.12
78 91 114 25 59
0.18 0.15 0.11 0.42 0.15
69 59 60 63 42
0.04 0.1 0.12 0.39 0.35
30 27 77 10 60
0.25 0.14 0.21 0.26 0.14
86 55 126 120 138
0.23 0.04 0.07 0.21 0.45
17 72 121 131 87
0.06 0.31 0.11 0.45 0.08
