#Number of options
150

#Assortments data
125 73 9 19 69
0.18 0.31 0.05 0.13 0.33
109 146 99 119 31
0.15 0.07 0.41 0.33 0.04
91 40 112 126 49
0.34 0.02 0.38 0.09 0.17
69 48 40 135 70
0.22 0.49 0.02 0.2 0.08
108 36 105 147 28
0.55 0.18 0.04 0.11 0.12
128 50 78 130 89
0.26 0.31 0.13 0.05 0.25
131 54 130 76 33
0.14 0.38 0.18 0.19 0.11
117 38 46 25 57
0.03 0.05 0.19 0.43 0.3
55 100 108 65 50
0.21 0.04 0.44 0.02 0.28
93 3 39 45 28
0.29 0.17 0.14 0.18 0.22
4 137 134 23 56
0.15 0.08 0.11 0.55 0.11
100 129 65 39 117
0.17 0.36 0.1 0.26 0.12
141 148 13 140 137
0.47 0.04 0.08 0.35 0.07
91 92 53 114 24
0.43 0.15 0.13 0.2 0.09
53 46 72 19 1
0.11 0.23 0.1 0.14 0.42
137 23 102 60 97
0.05 0.31 0.07 0.07 0.5
97 80 99 106 95
0.32 0.06 0.22 0.05 0.34
9 53 71 60 131
0.07 0.14 0.6 0.12 0.07
37 149 111 61 55
0.09 0.28 0.18 0.19 0.26
115 38 7 60 28
0.14 0.08 0.49 0.12 0.17
