#Number of options
150

#Assortments data
138 45 140 129 64
0.07 0.16 0.49 0.15 0.12
77 140 28 16 69
0.1 0.6 0.07 0.1 0.12
116 22 149 97 75
0.14 0.24 0.33 0.12 0.18
70 72 45 60 67
0.14 0.14 0.32 0.19 0.22
0 121 20 35 109
0.29 0.26 0.22 0.06 0.17
115 34 114 136 131
0.11 0.28 0.28 0.15 0.18
114 24 27 29 111
0.28 0.09 0.31 0.15 0.17
53 86 9 55 31
0.22 0.37 0.09 0.15 0.17
12 18 7 97 14
0.24 0.19 0.13 0.17 0.28
2 128 109 75 71
0.13 0.41 0.26 0.14 0.06
133 12 66 44 10
0.08 0.26 0.14 0.3 0.24
85 67 132 5 133
0.06 0.13 0.32 0.46 0.04
19 111 99 54 127
0.17 0.19 0.21 0.1 0.33
80 35 93 38 40
0.26 0.2 0.17 0.19 0.17
112 86 12 116 75
0.15 0.34 0.17 0.15 0.19
83 84 141 47 45
0.28 0.19 0.15 0.09 0.3
29 111 122 8 17
0.24 0.26 0.08 0.12 0.31
90 110 85 91 39
0.13 0.13 0.1 0.17 0.46
140 97 49 57 34
0.57 0.09 0.05 0.07 0.22
38 93 101 102 57
0.16 0.14 0.32 0.26 0.13
