#Number of options
150

#Assortments data
85 115 84 6 80
0.02 0.45 0.03 0.07 0.43
46 133 81 20 18
0.03 0.84 0.03 0.07 0.03
116 25 71 23 108
0.27 0.22 0.15 0.26 0.1
6 139 89 61 137
0.13 0.37 0.05 0.38 0.06
116 4 89 126 31
0.29 0.55 0.06 0.03 0.08
21 2 33 6 117
0.07 0.39 0.21 0.26 0.07
99 149 1 34 103
0.26 0.19 0.27 0.25 0.03
143 92 130 115 56
0.04 0.22 0.18 0.47 0.09
21 121 37 48 131
0.06 0.18 0.19 0.31 0.26
12 72 130 18 60
0.24 0.52 0.2 0.02 0.01
14 99 116 146 45
0.44 0.16 0.3 0.08 0.03
52 97 6 148 38
0.51 0.16 0.14 0.16 0.03
42 117 77 132 36
0.48 0.09 0.08 0.22 0.13
23 107 62 41 36
0.44 0.25 0.14 0.08 0.09
37 81 14 140 119
0.14 0.06 0.53 0.14 0.13
5 81 79 133 69
0.04 0.03 0.07 0.83 0.02
8 126 132 102 119
0.15 0.09 0.27 0.15 0.33
69 116 143 88 145
0.07 0.58 0.14 0.08 0.14
141 102 11 143 13
0.2 0.14 0.2 0.19 0.27
59 84 20 102 50
0.31 0.14 0.25 0.12 0.18
