#Number of options
150

#Assortments data
0 59 119 113 109
0.43 0.03 0.05 0.04 0.45
83 26 36 24 67
0.26 0.15 0.11 0.2 0.29
15 67 17 43 47
0.57 0.3 0.07 0.04 0.03
55 21 103 123 0
0.03 0.65 0.03 0.03 0.26
57 88 62 64 6
0.08 0.03 0.19 0.31 0.38
90 117 97 108 7
0.72 0.24 0.01 0.01 0.01
136 148 83 60 53
0.14 0.45 0.13 0.13 0.15
55 144 98 53 66
0.07 0.25 0.21 0.35 0.12
126 90 80 12 40
0.06 0.63 0.03 0.02 0.26
57 121 87 10 107
0.04 0.05 0.05 0.84 0.02
118 37 40 97 53
0.05 0.17 0.59 0.02 0.17
91 95 110 86 77
0.02 0.02 0.43 0.13 0.4
118 47 24 8 117
0.08 0.03 0.16 0.03 0.71
33 135 48 89 120
0.78 0.02 0.04 0.02 0.13
35 37 38 71 144
0.24 0.33 0.14 0.06 0.24
11 23 54 29 56
0.32 0.12 0.07 0.32 0.17
102 17 36 46 51
0.45 0.06 0.1 0.03 0.36
114 101 87 91 79
0.06 0.52 0.05 0.04 0.33
102 107 148 6 93
0.26 0.02 0.49 0.19 0.04
145 61 96 105 43
0.71 0.13 0.08 0.05 0.03
