#Number of options
150

#Assortments data
89 48 17 104 75
0.23 0.12 0.42 0.19 0.04
36 32 28 0 30
0.41 0.23 0.06 0.19 0.12
52 53 13 66 15
0.34 0.22 0.15 0.23 0.07
20 96 130 86 99
0.24 0.14 0.02 0.06 0.54
97 112 66 45 122
0.29 0.11 0.1 0.12 0.38
37 25 119 3 113
0.11 0.08 0.35 0.09 0.36
72 36 81 147 56
0.02 0.27 0.66 0.03 0.03
56 101 144 103 17
0.02 0.05 0.22 0.24 0.47
4 93 33 60 11
0.1 0.21 0.15 0.21 0.33
78 113 55 105 49
0.19 0.2 0.51 0.01 0.08
5 19 12 38 124
0.2 0.16 0.16 0.19 0.29
125 111 86 80 52
0.09 0.61 0.07 0.1 0.13
123 105 138 130 97
0.64 0.03 0.06 0.02 0.25
59 37 14 110 13
0.32 0.32 0.17 0.08 0.11
114 78 33 7 17
0.28 0.25 0.03 0.15 0.29
130 121 60 30 1
0.02 0.46 0.1 0.12 0.29
135 142 42 52 10
0.24 0.2 0.27 0.24 0.05
31 4 124 72 110
0.11 0.08 0.67 0.05 0.09
99 59 31 1 79
0.55 0.16 0.04 0.2 0.05
74 78 16 36 132
0.27 0.32 0.16 0.17 0.08
