#Number of options
150

#Assortments data
134 100 14 121 91
0.18 0.21 0.24 0.3 0.08
66 134 6 144 1
0.09 0.13 0.52 0.13 0.11
54 48 111 62 115
0.19 0.12 0.12 0.37 0.19
1 93 54 49 135
0.28 0.25 0.25 0.08 0.14
85 102 31 120 136
0.05 0.36 0.27 0.23 0.09
34 126 79 96 62
0.17 0.28 0.21 0.13 0.2
93 47 57 86 40
0.1 0.02 0.13 0.67 0.09
90 110 64 68 104
0.18 0.29 0.2 0.25 0.08
95 3 75 137 117
0.11 0.17 0.24 0.27 0.21
51 8 23 136 57
0.47 0.03 0.23 0.11 0.16
26 46 13 55 124
0.13 0.1 0.48 0.15 0.15
147 125 71 81 55
0.23 0.4 0.13 0.08 0.15
40 106 108 14 55
0.19 0.08 0.16 0.39 0.18
60 64 1 141 52
0.16 0.18 0.17 0.07 0.42
123 2 84 3 74
0.25 0.18 0.2 0.28 0.08
93 29 83 13 0
0.08 0.18 0.1 0.21 0.44
132 56 147 25 1
0.24 0.18 0.2 0.2 0.17
128 36 67 94 58
0.4 0.11 0.27 0.05 0.17
19 103 126 62 119
0.17 0.05 0.41 0.3 0.08
128 82 12 116 131
0.33 0.06 0.18 0.22 0.21
