#Number of options
150

#Assortments data
26 138 134 24 47
0.55 0.09 0.15 0.14 0.06
128 58 78 143 48
0.21 0.09 0.18 0.1 0.42
144 111 51 21 91
0.25 0.13 0.37 0.05 0.19
129 122 40 130 33
0.36 0.21 0.12 0.13 0.18
60 35 127 105 68
0.1 0.25 0.38 0.14 0.12
75 31 107 127 142
0.4 0.04 0.24 0.18 0.14
147 56 84 149 100
0.17 0.13 0.15 0.37 0.18
146 112 75 78 7
0.07 0.19 0.4 0.1 0.24
121 85 5 90 75
0.37 0.05 0.1 0.03 0.44
34 33 54 127 84
0.48 0.09 0.12 0.21 0.1
143 85 133 41 129
0.12 0.11 0.37 0.09 0.31
113 122 86 123 127
0.2 0.14 0.24 0.13 0.29
6 13 142 111 128
0.26 0.14 0.26 0.13 0.22
146 10 98 127 143
0.13 0.07 0.35 0.35 0.11
11 29 103 16 112
0.28 0.1 0.04 0.12 0.45
52 135 41 128 25
0.21 0.09 0.05 0.15 0.51
9 59 111 38 48
0.09 0.3 0.12 0.07 0.41
73 31 81 119 55
0.67 0.06 0.05 0.1 0.12
52 71 92 30 116
0.13 0.16 0.11 0.13 0.48
3 105 14 77 27
0.06 0.07 0.64 0.03 0.21
