#Number of options
150

#Assortments data
67 143 62 21 31
0.2 0.48 0.05 0.1 0.17
97 78 67 110 77
0.07 0.07 0.36 0.24 0.27
70 82 6 7 64
0.05 0.08 0.4 0.08 0.39
65 34 14 114 100
0.42 0.1 0.14 0.03 0.31
3 127 95 87 61
0.07 0.58 0.05 0.06 0.24
49 123 81 144 138
0.03 0.05 0.05 0.15 0.71
75 9 18 3 52
0.16 0.2 0.23 0.08 0.33
42 53 122 62 94
0.44 0.3 0.05 0.17 0.05
140 99 7 123 49
0.34 0.23 0.22 0.13 0.08
32 113 72 59 116
0.14 0.1 0.25 0.14 0.37
116 33 126 7 2
0.13 0.62 0.07 0.07 0.12
141 113 14 33 70
0.04 0.04 0.21 0.66 0.05
5 6 101 79 95
0.07 0.21 0.21 0.48 0.03
41 24 142 32 99
0.3 0.19 0.36 0.06 0.09
4 104 148 22 69
0.23 0.04 0.5 0.2 0.03
27 25 144 85 56
0.16 0.12 0.18 0.04 0.5
116 107 45 3 77
0.23 0.06 0.11 0.12 0.48
51 16 141 137 0
0.15 0.07 0.05 0.51 0.22
71 95 132 27 49
0.21 0.13 0.28 0.3 0.07
42 88 70 139 144
0.45 0.05 0.1 0.13 0.26
