#Number of options
150

#Assortments data
69 39 58 148 44
0.02 0.24 0.26 0.4 0.08
94 103 114 76 136
0.06 0.14 0.2 0.36 0.23
55 20 141 148 1
0.07 0.2 0.03 0.66 0.04
75 52 88 138 4
0.09 0.12 0.04 0.68 0.06
138 35 19 34 11
0.55 0.08 0.1 0.04 0.23
143 15 142 65 102
0.23 0.05 0.15 0.2 0.37
136 97 16 64 57
0.22 0.09 0.23 0.37 0.09
46 105 18 148 140
0.02 0.02 0.45 0.39 0.12
113 33 50 123 132
0.07 0.54 0.09 0.05 0.24
7 117 106 131 108
0.06 0.49 0.13 0.28 0.05
29 120 47 138 111
0.28 0.09 0.02 0.5 0.12
85 122 139 25 47
0.29 0.16 0.18 0.28 0.08
53 68 104 7 129
0.3 0.19 0.03 0.06 0.43
113 33 42 91 53
0.06 0.43 0.12 0.06 0.32
78 85 135 90 124
0.11 0.07 0.03 0.69 0.1
95 90 24 44 74
0.06 0.73 0.1 0.1 0.02
77 32 80 6 118
0.64 0.02 0.03 0.25 0.07
98 142 111 9 135
0.07 0.22 0.09 0.61 0.02
83 59 50 81 137
0.15 0.02 0.07 0.06 0.71
69 51 8 26 62
0.06 0.34 0.05 0.15 0.4
