#Number of options
150

#Assortments data
48 87 147 82 94
0.25 0.38 0.12 0.18 0.07
63 7 137 130 85
0.08 0.42 0.18 0.26 0.06
143 86 109 124 106
0.07 0.3 0.35 0.2 0.07
41 20 146 27 149
0.07 0.32 0.06 0.32 0.23
34 42 27 111 49
0.23 0.26 0.32 0.11 0.09
56 70 10 73 129
0.19 0.06 0.07 0.53 0.15
94 122 112 41 77
0.14 0.14 0.42 0.15 0.15
98 131 94 45 43
0.3 0.18 0.08 0.07 0.36
60 140 41 83 71
0.07 0.37 0.11 0.26 0.19
102 44 135 133 112
0.08 0.3 0.12 0.19 0.29
7 48 24 95 29
0.22 0.25 0.14 0.3 0.1
100 11 9 148 20
0.16 0.25 0.05 0.13 0.41
71 140 118 133 21
0.18 0.34 0.22 0.2 0.06
76 58 123 96 22
0.09 0.06 0.11 0.46 0.27
1 81 58 117 18
0.47 0.11 0.16 0.21 0.06
55 8 84 17 147
0.28 0.14 0.13 0.2 0.25
45 19 7 59 30
0.07 0.04 0.25 0.25 0.38
22 57 61 85 147
0.31 0.23 0.31 0.03 0.11
73 9 130 15 110
0.47 0.05 0.18 0.2 0.1
3 121 123 7 22
0.05 0.4 0.11 0.17 0.27
