#Number of options
150

#Assortments data
105 57 109 85 131
0.2 0.44 0.13 0.06 0.17
108 74 28 97 98
0.19 0.1 0.16 0.37 0.18
15 109 37 91 77
0.21 0.14 0.23 0.37 0.05
111 113 143 84 131
0.16 0.3 0.14 0.14 0.25
28 116 115 16 11
0.15 0.54 0.13 0.11 0.08
135 29 118 59 26
0.33 0.07 0.07 0.22 0.31
50 31 3 112 92
0.11 0.04 0.04 0.64 0.18
106 103 92 7 96
0.02 0.03 0.19 0.18 0.57
68 102 88 126 32
0.08 0.04 0.22 0.07 0.6
84 136 96 110 47
0.06 0.13 0.68 0.03 0.1
93 135 29 54 76
0.49 0.25 0.05 0.15 0.06
67 35 4 89 55
0.11 0.2 0.26 0.25 0.17
117 38 110 109 43
0.07 0.11 0.04 0.15 0.64
74 67 19 48 61
0.1 0.1 0.06 0.41 0.33
131 128 4 7 49
0.13 0.19 0.25 0.26 0.17
37 8 72 61 118
0.18 0.12 0.19 0.42 0.09
52 38 21 148 72
0.33 0.13 0.08 0.16 0.3
25 1 34 45 27
0.28 0.25 0.27 0.02 0.18
91 100 39 146 130
0.35 0.09 0.15 0.1 0.32
34 35 67 130 6
0.46 0.16 0.09 0.19 0.1
