#Number of options
150

#Assortments data
77 19 6 13 124
0.07 0.22 0.16 0.15 0.41
95 142 118 17 116
0.4 0.15 0.14 0.14 0.17
93 132 77 138 85
0.42 0.28 0.05 0.14 0.1
65 114 64 29 23
0.1 0.19 0.16 0.06 0.49
106 147 75 100 13
0.1 0.18 0.47 0.13 0.12
33 139 28 37 138
0.11 0.33 0.14 0.31 0.12
108 20 46 101 26
0.26 0.29 0.25 0.05 0.15
5 7 0 97 75
0.22 0.15 0.11 0.29 0.23
133 25 17 134 35
0.18 0.42 0.21 0.06 0.13
31 73 25 99 105
0.04 0.17 0.28 0.45 0.07
55 85 28 146 100
0.3 0.15 0.23 0.13 0.18
57 36 64 80 93
0.31 0.09 0.12 0.22 0.27
27 72 103 80 95
0.41 0.08 0.02 0.16 0.33
21 102 138 149 51
0.04 0.08 0.11 0.49 0.29
13 144 60 135 55
0.13 0.29 0.11 0.25 0.23
84 115 85 48 23
0.12 0.11 0.05 0.46 0.27
92 77 1 145 84
0.16 0.04 0.51 0.13 0.16
139 97 110 12 72
0.22 0.33 0.03 0.31 0.11
147 59 45 38 146
0.21 0.27 0.18 0.22 0.11
133 125 32 51 8
0.12 0.1 0.42 0.19 0.17
