#Number of options
150

#Assortments data
41 126 16 77 40
0.12 0.55 0.16 0.11 0.05
47 41 95 42 1
0.05 0.32 0.27 0.29 0.07
66 72 60 117 115
0.03 0.02 0.51 0.4 0.04
100 88 23 125 105
0.45 0.16 0.2 0.15 0.03
61 30 109 41 126
0.04 0.05 0.16 0.13 0.61
25 141 70 15 22
0.19 0.11 0.43 0.11 0.15
37 93 84 106 121
0.14 0.08 0.28 0.34 0.16
10 103 87 44 67
0.29 0.37 0.13 0.11 0.11
42 82 140 100 37
0.19 0.26 0.2 0.17 0.18
4 149 0 31 20
0.07 0.26 0.17 0.17 0.33
20 3 38 39 56
0.15 0.5 0.21 0.12 0.03
67 32 54 87 74
0.24 0.15 0.14 0.28 0.19
92 113 9 132 103
0.04 0.09 0.09 0.58 0.2
40 28 26 112 72
0.35 0.14 0.24 0.15 0.11
138 141 48 109 125
0.24 0.1 0.11 0.46 0.1
62 135 104 140 39
0.45 0.04 0.08 0.19 0.24
16 61 55 143 64
0.36 0.09 0.28 0.2 0.08
65 51 64 125 83
0.15 0.53 0.1 0.09 0.14
106 34 114 4 41
0.41 0.12 0.21 0.06 0.2
110 9 26 36 1
0.16 0.15 0.07 0.56 0.05
