#Number of options
150

#Assortments data
105 131 102 75 36
0.02 0.17 0.36 0.05 0.4
9 113 115 102 131
0.33 0.12 0.05 0.34 0.16
60 126 10 85 23
0.34 0.45 0.06 0.1 0.04
76 62 51 144 21
0.06 0.31 0.1 0.38 0.14
44 28 13 111 118
0.06 0.03 0.2 0.32 0.39
18 54 69 78 109
0.2 0.08 0.12 0.28 0.31
94 88 41 56 15
0.14 0.11 0.48 0.14 0.13
118 66 10 42 57
0.52 0.05 0.17 0.16 0.1
70 58 88 35 67
0.18 0.65 0.04 0.04 0.08
1 98 51 106 130
0.05 0.25 0.21 0.47 0.02
27 135 147 115 72
0.34 0.13 0.23 0.18 0.12
19 32 104 25 149
0.41 0.06 0.06 0.12 0.35
117 80 132 20 44
0.2 0.06 0.4 0.28 0.06
1 136 129 24 29
0.06 0.06 0.22 0.05 0.6
22 18 143 129 118
0.08 0.18 0.07 0.2 0.47
54 45 6 82 113
0.05 0.49 0.14 0.24 0.09
55 38 2 27 98
0.08 0.57 0.08 0.07 0.2
12 83 5 102 38
0.08 0.06 0.18 0.22 0.47
139 119 81 123 23
0.09 0.16 0.39 0.19 0.17
147 116 103 141 74
0.07 0.21 0.58 0.06 0.08
