#Number of options
150

#Assortments data
10 26 65 29 112
0.06 0.34 0.05 0.06 0.48
84 141 58 111 63
0.21 0.53 0.09 0.15 0.03
138 30 143 106 122
0.05 0.14 0.03 0.08 0.71
58 29 50 101 67
0.12 0.03 0.76 0.04 0.06
1 10 42 33 95
0.37 0.05 0.22 0.04 0.33
1 8 114 107 65
0.1 0.67 0.14 0.08 0.01
10 61 71 123 130
0.03 0.1 0.42 0.43 0.03
142 25 91 57 134
0.07 0.27 0.51 0.12 0.03
71 122 85 121 145
0.34 0.43 0.08 0.13 0.02
137 13 60 54 0
0.12 0.3 0.19 0.15 0.23
38 29 97 101 95
0.17 0.04 0.46 0.04 0.28
96 111 49 126 80
0.17 0.24 0.4 0.11 0.08
48 29 85 25 149
0.35 0.03 0.12 0.24 0.26
140 119 105 14 31
0.1 0.79 0.02 0.09 0.01
54 15 141 97 76
0.04 0.02 0.57 0.35 0.02
43 31 141 122 71
0.11 0.01 0.3 0.32 0.26
2 49 137 110 108
0.24 0.19 0.03 0.02 0.52
94 117 53 3 131
0.83 0.03 0.07 0.04 0.02
114 133 80 147 92
0.6 0.08 0.1 0.05 0.17
87 3 13 19 131
0.45 0.09 0.15 0.24 0.06
