#Number of options
150

#Assortments data
24 98 139 129 49
0.04 0.74 0.05 0.11 0.07
145 149 28 18 105
0.21 0.51 0.07 0.15 0.05
51 115 5 88 97
0.22 0.08 0.31 0.24 0.15
93 11 42 30 2
0.1 0.36 0.26 0.14 0.14
15 1 62 98 0
0.03 0.07 0.41 0.39 0.1
134 106 1 59 0
0.07 0.56 0.13 0.06 0.18
134 84 138 81 25
0.03 0.49 0.07 0.33 0.08
59 64 95 58 32
0.07 0.13 0.16 0.48 0.16
99 144 72 128 77
0.29 0.42 0.03 0.16 0.1
123 91 14 133 60
0.33 0.3 0.14 0.03 0.2
53 36 16 12 111
0.09 0.21 0.22 0.03 0.45
39 113 21 50 6
0.14 0.4 0.11 0.2 0.15
102 39 8 107 88
0.24 0.21 0.18 0.12 0.24
100 148 36 5 149
0.06 0.04 0.45 0.2 0.23
67 70 40 99 66
0.07 0.41 0.08 0.36 0.09
116 143 61 99 25
0.16 0.09 0.07 0.48 0.2
133 84 67 56 59
0.03 0.82 0.06 0.03 0.05
124 59 10 113 34
0.33 0.04 0.07 0.34 0.22
112 71 135 74 138
0.25 0.14 0.21 0.18 0.22
134 26 58 130 37
0.08 0.2 0.54 0.03 0.15
