#Number of options
150

#Assortments data
112 121 107 3 55
0.1 0.18 0.06 0.55 0.11
65 135 64 31 115
0.31 0.02 0.18 0.42 0.07
39 95 5 55 62
0.56 0.08 0.14 0.05 0.17
134 145 77 88 54
0.22 0.44 0.25 0.02 0.07
108 5 147 141 94
0.13 0.42 0.27 0.1 0.09
22 112 83 4 111
0.2 0.07 0.41 0.14 0.18
55 12 117 116 120
0.06 0.08 0.46 0.15 0.25
127 20 68 117 2
0.18 0.15 0.21 0.4 0.05
59 3 52 62 123
0.04 0.36 0.27 0.26 0.07
79 120 136 17 135
0.33 0.37 0.17 0.08 0.04
127 138 52 10 98
0.13 0.39 0.13 0.17 0.18
16 70 132 39 19
0.1 0.05 0.27 0.53 0.05
107 95 31 12 69
0.04 0.14 0.66 0.11 0.05
126 64 129 34 144
0.16 0.15 0.42 0.05 0.22
115 101 56 107 82
0.06 0.78 0.09 0.02 0.05
102 23 37 114 94
0.41 0.07 0.4 0.09 0.03
3 142 91 8 99
0.35 0.34 0.1 0.05 0.16
35 56 74 144 43
0.15 0.23 0.05 0.51 0.07
105 60 42 47 34
0.06 0.47 0.27 0.04 0.15
127 90 70 2 54
0.31 0.39 0.09 0.09 0.12
