#Number of options
150

#Assortments data
107 85 17 77 1
0.42 0.04 0.2 0.01 0.32
1 80 47 73 117
0.25 0.06 0.56 0.11 0.02
118 41 76 0 81
0.27 0.03 0.09 0.17 0.44
130 21 5 10 129
0.13 0.1 0.43 0.1 0.24
95 41 118 39 123
0.5 0.02 0.14 0.09 0.25
71 128 73 98 50
0.36 0.08 0.18 0.12 0.27
132 62 73 103 57
0.11 0.15 0.41 0.11 0.22
54 89 114 19 112
0.06 0.69 0.06 0.05 0.13
86 69 8 133 82
0.04 0.24 0.48 0.1 0.13
45 110 101 130 124
0.14 0.04 0.17 0.11 0.54
21 3 124 82 70
0.05 0.05 0.31 0.35 0.24
74 132 32 49 82
0.39 0.02 0.22 0.29 0.07
148 38 100 141 43
0.04 0.06 0.03 0.39 0.47
128 148 101 95 83
0.16 0.06 0.08 0.62 0.08
108 20 143 105 65
0.75 0.15 0.02 0.07 0.01
110 69 93 120 43
0.01 0.33 0.14 0.11 0.41
122 61 77 4 9
0.73 0.13 0.02 0.09 0.02
2 95 40 126 76
0.46 0.42 0.02 0.05 0.04
107 118 68 123 85
0.63 0.1 0.03 0.18 0.07
76 57 112 3 94
0.04 0.15 0.23 0.03 0.54
