#Number of options
150

#Assortments data
19 26 127 106 94
0.18 0.29 0.09 0.07 0.37
12 55 14 113 112
0.13 0.14 0.13 0.39 0.22
121 81 8 53 128
0.4 0.1 0.29 0.07 0.13
60 13 97 149 24
0.08 0.12 0.48 0.21 0.1
135 38 93 83 131
0.67 0.06 0.15 0.07 0.04
62 51 83 134 38
0.4 0.3 0.12 0.06 0.11
119 11 147 124 83
0.66 0.07 0.06 0.15 0.07
128 5 126 61 99
0.14 0.11 0.05 0.1 0.59
72 143 36 54 98
0.19 0.07 0.24 0.24 0.26
144 52 143 27 115
0.11 0.22 0.03 0.53 0.11
148 63 19 58 71
0.05 0.03 0.11 0.03 0.77
33 78 112 114 124
0.04 0.26 0.28 0.26 0.15
11 52 36 113 40
0.08 0.24 0.13 0.53 0.02
12 146 84 104 78
0.08 0.03 0.12 0.64 0.14
83 94 71 111 77
0.05 0.19 0.64 0.11 0.02
48 80 140 54 58
0.55 0.12 0.16 0.12 0.04
72 84 58 42 81
0.13 0.3 0.06 0.36 0.14
104 99 22 68 29
0.61 0.27 0.07 0.02 0.03
133 69 51 136 46
0.07 0.31 0.14 0.08 0.4
127 55 76 141 60
0.07 0.18 0.04 0.61 0.09
