#Number of options
150

#Assortments data
88 11 115 118 139
0.04 0.59 0.17 0.12 0.08
28 111 45 135 94
0.15 0.14 0.58 0.04 0.1
104 142 130 132 28
0.09 0.48 0.05 0.24 0.14
60 62 22 51 40
0.19 0.12 0.12 0.28 0.29
149 34 10 81 85
0.15 0.15 0.56 0.07 0.07
79 115 121 55 73
0.37 0.16 0.17 0.09 0.21
3 9 77 16 27
0.12 0.29 0.39 0.07 0.14
7 29 112 70 109
0.08 0.45 0.08 0.04 0.35
31 15 101 102 116
0.2 0.1 0.32 0.29 0.1
65 77 30 39 0
0.24 0.2 0.05 0.29 0.23
131 27 26 139 14
0.36 0.19 0.12 0.07 0.26
1 145 109 127 126
0.02 0.54 0.15 0.21 0.07
27 68 8 142 99
0.2 0.2 0.04 0.43 0.12
142 144 61 51 82
0.3 0.19 0.11 0.32 0.09
120 101 45 136 82
0.13 0.45 0.27 0.08 0.07
30 89 1 6 111
0.09 0.02 0.05 0.77 0.07
77 51 17 111 96
0.39 0.31 0.08 0.08 0.14
2 16 95 112 97
0.25 0.17 0.3 0.17 0.11
108 55 76 5 144
0.04 0.07 0.21 0.45 0.23
13 105 88 100 71
0.43 0.07 0.03 0.41 0.06
