#Number of options
150

#Assortments data
132 106 42 133 28
0.3 0.38 0.22 0.05 0.05
45 57 35 30 134
0.48 0.18 0.07 0.14 0.13
133 109 50 0 32
0.06 0.17 0.49 0.16 0.12
15 100 7 94 96
0.13 0.16 0.16 0.3 0.25
95 126 106 147 141
0.24 0.3 0.31 0.05 0.11
95 73 105 46 68
0.27 0.07 0.02 0.19 0.44
39 123 16 101 17
0.07 0.23 0.45 0.08 0.16
116 80 35 36 32
0.09 0.05 0.03 0.77 0.06
27 143 41 119 140
0.28 0.04 0.06 0.21 0.4
137 21 44 145 66
0.35 0.16 0.12 0.21 0.16
138 57 88 101 19
0.11 0.14 0.18 0.15 0.42
84 26 133 8 75
0.81 0.03 0.02 0.09 0.05
25 128 51 84 33
0.06 0.13 0.14 0.66 0.02
39 106 4 138 127
0.17 0.45 0.04 0.12 0.2
103 132 125 22 129
0.43 0.22 0.07 0.13 0.15
4 33 56 130 15
0.13 0.17 0.26 0.1 0.35
148 17 11 62 123
0.02 0.17 0.23 0.34 0.24
14 49 101 85 61
0.23 0.08 0.14 0.47 0.08
61 139 109 135 40
0.18 0.09 0.31 0.3 0.13
77 141 137 32 16
0.05 0.1 0.11 0.08 0.66
