#Number of options
150

#Assortments data
74 30 109 77 42
0.05 0.18 0.34 0.11 0.32
109 87 119 88 67
0.3 0.13 0.07 0.03 0.47
148 65 140 79 59
0.37 0.16 0.16 0.21 0.1
26 46 44 69 18
0.44 0.05 0.4 0.02 0.08
64 129 70 65 52
0.52 0.18 0.02 0.07 0.21
79 73 116 59 17
0.2 0.27 0.31 0.09 0.14
129 77 16 111 45
0.54 0.18 0.1 0.09 0.08
52 95 83 89 94
0.3 0.07 0.54 0.06 0.03
90 117 110 19 60
0.2 0.14 0.43 0.08 0.15
64 144 43 104 116
0.63 0.04 0.08 0.07 0.18
112 139 59 25 102
0.2 0.38 0.08 0.24 0.1
107 16 54 131 64
0.04 0.02 0.37 0.19 0.37
46 140 123 2 114
0.13 0.19 0.09 0.49 0.11
84 132 78 117 138
0.1 0.18 0.12 0.14 0.45
0 76 119 123 100
0.26 0.41 0.06 0.05 0.22
32 104 51 26 110
0.12 0.08 0.13 0.52 0.15
106 128 111 11 5
0.04 0.45 0.09 0.27 0.15
58 45 98 74 60
0.2 0.12 0.39 0.12 0.17
0 133 75 84 134
0.15 0.38 0.15 0.02 0.29
122 4 96 17 41
0.02 0.41 0.4 0.1 0.07
