#Number of options
150

#Assortments data
23 68 34 83 106
0.4 0.04 0.4 0.11 0.05
29 87 98 15 34
0.04 0.56 0.09 0.07 0.24
23 94 74 110 143
0.44 0.2 0.26 0.05 0.04
145 22 1 20 90
0.05 0.13 0.71 0.11 0.01
102 136 13 101 100
0.16 0.18 0.2 0.14 0.32
20 94 111 144 71
0.18 0.17 0.1 0.08 0.46
39 148 11 68 95
0.18 0.05 0.22 0.05 0.5
18 35 109 20 8
0.03 0.22 0.15 0.26 0.33
68 60 28 138 81
0.11 0.2 0.32 0.15 0.22
81 33 32 80 103
0.05 0.07 0.65 0.19 0.03
106 39 52 126 69
0.08 0.2 0.28 0.14 0.3
77 42 145 50 25
0.04 0.16 0.07 0.19 0.54
5 47 105 72 144
0.26 0.46 0.08 0.11 0.09
73 55 143 3 149
0.45 0.24 0.04 0.07 0.2
5 50 68 59 142
0.24 0.26 0.04 0.34 0.12
10 94 45 122 87
0.03 0.13 0.05 0.1 0.69
27 99 8 31 16
0.35 0.27 0.18 0.05 0.15
94 92 3 33 27
0.18 0.19 0.06 0.1 0.47
119 149 31 131 38
0.56 0.18 0.07 0.12 0.07
102 61 104 81 56
0.07 0.21 0.54 0.09 0.09
