#Number of options
150

#Assortments data
89 0 14 72 57
0.19 0.22 0.26 0.06 0.27
22 142 131 13 99
0.36 0.15 0.06 0.05 0.37
19 3 25 31 114
0.12 0.09 0.47 0.1 0.21
59 30 14 101 26
0.1 0.36 0.26 0.04 0.23
25 52 29 73 74
0.32 0.19 0.07 0.23 0.19
127 30 28 40 96
0.09 0.38 0.11 0.04 0.39
49 4 89 78 44
0.15 0.17 0.26 0.19 0.23
118 23 73 26 21
0.19 0.35 0.2 0.24 0.03
131 40 59 23 136
0.09 0.06 0.15 0.53 0.16
81 42 120 17 96
0.04 0.23 0.33 0.09 0.32
70 130 134 63 93
0.28 0.13 0.16 0.06 0.37
79 25 42 58 147
0.07 0.35 0.34 0.08 0.16
111 17 72 97 123
0.18 0.2 0.11 0.3 0.21
103 67 42 131 130
0.08 0.16 0.55 0.12 0.09
135 59 103 113 93
0.3 0.15 0.06 0.3 0.18
75 124 130 39 5
0.35 0.28 0.06 0.12 0.18
2 134 33 129 45
0.59 0.11 0.07 0.13 0.1
66 138 108 47 82
0.22 0.1 0.28 0.18 0.22
11 34 137 65 91
0.11 0.67 0.06 0.04 0.12
83 128 86 106 39
0.2 0.21 0.35 0.06 0.18
