#Number of options
150

#Assortments data
140 96 77 42 83
0.36 0.23 0.04 0.24 0.12
143 115 27 90 94
0.07 0.1 0.63 0.05 0.16
15 32 130 89 72
0.14 0.31 0.15 0.18 0.22
5 84 123 44 134
0.26 0.15 0.22 0.23 0.14
80 138 9 123 141
0.31 0.12 0.11 0.34 0.12
77 97 70 59 27
0.06 0.14 0.09 0.11 0.6
112 66 148 118 20
0.14 0.21 0.1 0.13 0.42
112 119 26 27 149
0.1 0.07 0.15 0.32 0.35
36 111 33 71 73
0.25 0.14 0.11 0.16 0.33
5 78 26 122 51
0.29 0.12 0.23 0.08 0.28
87 102 56 145 61
0.23 0.17 0.17 0.25 0.18
1 128 66 88 50
0.11 0.29 0.23 0.08 0.28
17 22 49 42 26
0.12 0.36 0.08 0.23 0.21
93 144 39 20 121
0.1 0.08 0.11 0.37 0.33
111 105 106 135 134
0.25 0.08 0.14 0.21 0.32
125 143 95 120 115
0.22 0.04 0.17 0.52 0.05
85 70 4 122 49
0.17 0.19 0.18 0.2 0.25
54 89 23 97 82
0.08 0.08 0.46 0.1 0.28
53 56 34 59 139
0.14 0.12 0.48 0.09 0.18
148 126 13 104 111
0.19 0.14 0.26 0.22 0.19
