#Number of options
150

#Assortments data
12 55 37 49 98
0.18 0.06 0.47 0.06 0.23
84 23 110 137 123
0.04 0.05 0.6 0.28 0.02
87 126 139 62 84
0.12 0.31 0.11 0.22 0.24
77 29 44 127 113
0.42 0.19 0.11 0.24 0.03
95 107 2 111 47
0.2 0.23 0.23 0.28 0.06
23 136 0 3 101
0.09 0.09 0.14 0.14 0.53
33 126 100 66 19
0.25 0.12 0.51 0.07 0.05
41 100 34 103 20
0.41 0.42 0.07 0.03 0.07
34 9 84 90 6
0.04 0.18 0.04 0.59 0.15
118 91 111 138 41
0.05 0.03 0.04 0.44 0.43
103 98 76 109 136
0.04 0.09 0.31 0.43 0.13
62 83 35 85 69
0.18 0.44 0.22 0.07 0.08
112 47 128 116 52
0.1 0.03 0.36 0.17 0.34
0 113 90 105 66
0.12 0.03 0.78 0.03 0.04
118 129 49 109 139
0.08 0.33 0.03 0.51 0.05
91 12 143 62 118
0.04 0.07 0.75 0.08 0.06
86 27 140 69 81
0.51 0.1 0.29 0.05 0.06
28 84 60 20 57
0.17 0.21 0.29 0.19 0.15
99 21 43 120 35
0.07 0.63 0.04 0.13 0.14
39 63 135 126 139
0.23 0.62 0.02 0.1 0.04
