#Number of options
150

#Assortments data
49 110 52 18 45
0.21 0.11 0.48 0.07 0.12
17 49 86 127 119
0.11 0.2 0.19 0.39 0.11
118 142 21 84 123
0.18 0.44 0.12 0.11 0.16
133 103 44 62 116
0.36 0.03 0.38 0.04 0.19
123 78 41 59 1
0.08 0.14 0.04 0.29 0.46
95 115 120 78 142
0.23 0.32 0.15 0.11 0.18
72 140 21 125 63
0.39 0.18 0.04 0.36 0.04
27 14 32 106 59
0.22 0.39 0.2 0.01 0.18
91 52 126 38 11
0.2 0.41 0.1 0.06 0.22
22 12 148 77 126
0.39 0.41 0.1 0.05 0.05
98 26 28 36 145
0.07 0.59 0.24 0.04 0.06
53 40 116 102 141
0.1 0.11 0.46 0.21 0.11
28 115 131 61 100
0.25 0.23 0.12 0.32 0.08
80 107 7 116 20
0.39 0.2 0.13 0.15 0.12
53 120 88 133 66
0.03 0.08 0.04 0.22 0.63
46 122 127 133 143
0.14 0.07 0.24 0.46 0.09
138 12 6 28 109
0.06 0.44 0.11 0.29 0.1
50 138 119 101 38
0.3 0.17 0.16 0.27 0.1
147 135 21 19 39
0.48 0.21 0.06 0.03 0.23
109 83 76 88 6
0.18 0.29 0.2 0.13 0.2
