#Number of options
150

#Assortments data
28 15 110 3 145
0.25 0.41 0.08 0.09 0.17
120 15 52 50 44
0.14 0.23 0.37 0.06 0.2
7 41 16 93 133
0.17 0.08 0.12 0.43 0.2
9 111 85 77 65
0.14 0.18 0.11 0.14 0.44
121 9 90 134 132
0.28 0.07 0.06 0.4 0.19
83 21 139 9 42
0.27 0.07 0.18 0.05 0.44
106 110 123 113 31
0.09 0.16 0.26 0.28 0.22
43 145 52 147 21
0.13 0.13 0.51 0.16 0.07
51 142 125 108 86
0.18 0.17 0.34 0.06 0.26
102 51 84 83 104
0.1 0.27 0.11 0.32 0.2
117 63 141 15 102
0.12 0.08 0.08 0.56 0.16
99 141 87 112 82
0.33 0.08 0.24 0.24 0.12
43 142 51 38 145
0.17 0.3 0.31 0.04 0.18
57 98 121 5 63
0.39 0.15 0.22 0.19 0.05
96 13 126 105 80
0.25 0.21 0.07 0.13 0.34
126 36 52 86 7
0.06 0.05 0.46 0.31 0.11
52 45 124 24 147
0.44 0.05 0.14 0.23 0.14
13 107 29 98 50
0.34 0.19 0.12 0.21 0.15
20 24 133 69 119
0.22 0.42 0.22 0.06 0.09
38 92 49 105 35
0.04 0.51 0.05 0.17 0.22
