#Number of options
150

#Assortments data
41 57 16 42 2
0.02 0.12 0.34 0.2 0.31
97 57 61 110 4
0.56 0.18 0.14 0.04 0.08
29 48 135 81 21
0.06 0.18 0.44 0.3 0.03
76 67 149 81 135
0.03 0.03 0.22 0.3 0.43
59 134 70 96 146
0.32 0.03 0.41 0.2 0.04
42 95 19 113 20
0.16 0.18 0.07 0.4 0.19
37 96 32 44 66
0.15 0.24 0.44 0.09 0.08
46 136 64 68 28
0.76 0.04 0.06 0.09 0.04
6 101 53 124 80
0.13 0.08 0.11 0.4 0.27
25 106 24 111 104
0.17 0.1 0.03 0.25 0.44
19 93 35 100 67
0.23 0.36 0.18 0.14 0.09
92 132 60 6 55
0.11 0.22 0.09 0.07 0.52
31 91 17 1 68
0.02 0.3 0.44 0.17 0.07
38 41 18 85 94
0.1 0.02 0.02 0.15 0.7
43 117 90 75 8
0.21 0.05 0.01 0.16 0.57
141 129 23 111 38
0.53 0.04 0.13 0.23 0.07
118 143 49 129 62
0.45 0.02 0.24 0.06 0.22
64 139 137 104 144
0.05 0.12 0.04 0.57 0.22
77 5 131 120 34
0.03 0.3 0.03 0.32 0.32
14 90 88 62 83
0.14 0.01 0.64 0.16 0.06
