#Number of options
150

#Assortments data
27 84 76 24 83
0.11 0.1 0.29 0.15 0.34
147 118 109 3 86
0.17 0.09 0.45 0.1 0.19
27 131 79 20 119
0.08 0.42 0.19 0.24 0.07
22 143 19 8 123
0.17 0.56 0.13 0.07 0.07
65 113 129 100 16
0.16 0.08 0.42 0.23 0.1
132 96 87 110 18
0.19 0.15 0.1 0.26 0.3
57 114 5 51 3
0.11 0.13 0.31 0.31 0.14
43 31 126 20 3
0.07 0.24 0.27 0.25 0.17
145 2 45 50 38
0.61 0.08 0.12 0.06 0.13
3 1 76 40 78
0.27 0.09 0.31 0.19 0.14
53 29 34 50 14
0.35 0.24 0.14 0.07 0.21
8 43 4 129 27
0.07 0.08 0.18 0.57 0.1
37 31 53 128 29
0.32 0.15 0.2 0.2 0.14
15 77 6 119 38
0.28 0.27 0.27 0.06 0.11
143 22 70 0 5
0.35 0.11 0.04 0.21 0.29
93 121 95 104 88
0.18 0.35 0.28 0.15 0.05
43 139 101 97 22
0.08 0.08 0.58 0.07 0.18
13 6 149 124 19
0.42 0.25 0.16 0.08 0.09
29 107 93 72 18
0.29 0.12 0.13 0.09 0.38
14 33 130 66 5
0.18 0.24 0.07 0.16 0.36
