#Number of options
150

#Assortments data
13 35 128 45 146
0.32 0.05 0.26 0.13 0.24
62 75 37 136 144
0.3 0.08 0.29 0.15 0.17
121 29 106 93 67
0.2 0.41 0.09 0.13 0.17
137 115 99 19 101
0.36 0.07 0.12 0.15 0.3
40 49 79 74 54
0.33 0.03 0.36 0.04 0.23
79 125 128 143 48
0.26 0.14 0.35 0.2 0.05
84 16 91 6 60
0.12 0.06 0.05 0.64 0.14
11 36 34 89 15
0.63 0.11 0.09 0.03 0.14
112 118 101 14 20
0.08 0.23 0.37 0.14 0.18
94 67 51 124 7
0.08 0.19 0.45 0.2 0.08
69 101 96 111 126
0.04 0.34 0.2 0.13 0.29
71 28 94 117 63
0.06 0.06 0.11 0.56 0.21
88 117 87 124 48
0.07 0.49 0.14 0.25 0.06
21 56 103 73 142
0.22 0.17 0.07 0.13 0.41
115 77 106 6 138
0.04 0.17 0.05 0.55 0.19
43 74 23 83 41
0.07 0.03 0.24 0.28 0.39
104 29 115 135 63
0.07 0.59 0.1 0.05 0.2
130 5 85 113 115
0.11 0.44 0.21 0.1 0.13
111 120 146 58 76
0.12 0.14 0.32 0.14 0.28
66 37 18 107 44
0.14 0.35 0.23 0.1 0.18
