#Number of options
150

#Assortments data
44 85 68 132 50
0.64 0.03 0.04 0.07 0.22
29 55 149 42 66
0.06 0.07 0.17 0.3 0.41
73 60 68 49 40
0.54 0.1 0.08 0.22 0.06
18 87 43 70 6
0.05 0.4 0.32 0.11 0.12
18 32 81 73 89
0.04 0.44 0.04 0.35 0.13
39 53 136 87 82
0.12 0.11 0.31 0.34 0.12
62 26 58 112 116
0.08 0.38 0.02 0.17 0.35
132 86 84 53 0
0.11 0.4 0.08 0.13 0.29
99 131 45 67 145
0.26 0.24 0.14 0.19 0.16
27 113 50 29 17
0.33 0.12 0.3 0.09 0.15
28 81 26 144 99
0.27 0.03 0.5 0.09 0.11
120 80 23 50 29
0.24 0.24 0.32 0.15 0.05
62 5 111 44 63
0.12 0.14 0.08 0.61 0.04
71 141 132 82 91
0.26 0.2 0.13 0.18 0.23
58 109 86 53 6
0.06 0.34 0.37 0.12 0.12
26 139 61 138 119
0.45 0.21 0.19 0.05 0.09
51 2 59 143 1
0.17 0.23 0.16 0.14 0.29
4 79 33 138 77
0.45 0.1 0.25 0.13 0.07
39 54 32 99 8
0.08 0.42 0.32 0.13 0.04
14 102 62 100 103
0.55 0.13 0.14 0.15 0.02
