#Number of options
150

#Assortments data
34 110 103 71 7
0.27 0.52 0.05 0.08 0.07
51 119 78 44 86
0.15 0.05 0.14 0.45 0.21
147 47 29 88 89
0.66 0.04 0.19 0.03 0.07
144 99 127 31 117
0.07 0.1 0.47 0.24 0.12
85 52 69 133 17
0.05 0.48 0.07 0.3 0.11
79 84 108 46 24
0.58 0.06 0.03 0.03 0.3
111 85 45 19 102
0.09 0.04 0.16 0.06 0.65
76 47 109 23 80
0.41 0.02 0.29 0.13 0.15
33 73 12 91 35
0.4 0.12 0.14 0.05 0.3
93 17 15 9 116
0.13 0.04 0.51 0.21 0.12
3 126 121 30 71
0.1 0.19 0.45 0.16 0.09
34 123 75 89 110
0.23 0.08 0.2 0.06 0.43
140 115 9 39 117
0.27 0.14 0.24 0.21 0.14
119 76 72 124 149
0.04 0.53 0.26 0.07 0.09
23 125 63 53 27
0.16 0.44 0.16 0.14 0.09
63 71 72 1 146
0.24 0.06 0.37 0.15 0.18
4 138 61 67 54
0.11 0.15 0.11 0.49 0.13
141 11 54 46 50
0.05 0.28 0.48 0.07 0.13
3 92 146 59 18
0.06 0.48 0.15 0.06 0.24
124 63 117 70 145
0.11 0.26 0.19 0.04 0.41
