#Number of options
150

#Assortments data
131 90 39 25 110
0.2 0.1 0.39 0.21 0.1
56 101 1 113 138
0.4 0.23 0.1 0.04 0.23
70 103 20 132 122
0.12 0.13 0.33 0.25 0.17
63 62 8 94 91
0.36 0.21 0.13 0.1 0.21
22 34 17 56 127
0.16 0.09 0.04 0.29 0.41
111 30 142 95 38
0.13 0.15 0.54 0.11 0.06
70 9 126 128 118
0.07 0.11 0.2 0.5 0.12
105 41 12 46 119
0.13 0.22 0.52 0.05 0.08
79 85 56 87 128
0.16 0.04 0.42 0.11 0.28
90 29 31 8 75
0.17 0.23 0.31 0.07 0.21
100 96 77 53 29
0.46 0.18 0.09 0.13 0.15
126 127 99 31 73
0.09 0.45 0.12 0.15 0.2
5 43 136 142 58
0.1 0.13 0.35 0.38 0.04
33 44 17 104 11
0.23 0.49 0.06 0.05 0.18
122 136 89 8 62
0.09 0.62 0.09 0.08 0.12
90 30 22 33 125
0.09 0.1 0.21 0.21 0.38
115 19 55 112 69
0.49 0.07 0.05 0.28 0.1
139 137 64 31 37
0.09 0.14 0.49 0.12 0.17
13 88 106 81 23
0.47 0.03 0.05 0.04 0.41
70 71 58 141 80
0.05 0.18 0.06 0.07 0.63
