#Number of options
150

#Assortments data
87 132 16 140 62
0.06 0.18 0.3 0.11 0.36
32 87 127 147 135
0.31 0.21 0.23 0.12 0.13
62 122 119 84 125
0.35 0.1 0.13 0.35 0.07
63 136 9 34 116
0.15 0.07 0.16 0.44 0.18
141 111 139 131 108
0.17 0.59 0.02 0.05 0.15
84 14 129 73 19
0.32 0.07 0.1 0.07 0.45
53 105 114 147 94
0.25 0.02 0.5 0.06 0.17
140 115 76 84 99
0.18 0.04 0.03 0.59 0.16
63 89 111 129 70
0.03 0.05 0.37 0.07 0.48
102 138 99 148 137
0.29 0.13 0.31 0.1 0.17
106 45 110 55 95
0.3 0.16 0.03 0.35 0.16
110 17 77 46 84
0.04 0.16 0.06 0.23 0.52
19 86 23 140 64
0.61 0.08 0.13 0.13 0.05
104 70 96 89 59
0.09 0.71 0.08 0.08 0.05
42 128 55 96 112
0.16 0.18 0.49 0.1 0.07
22 69 141 99 11
0.2 0.18 0.29 0.17 0.16
75 73 70 62 105
0.05 0.06 0.59 0.29 0.01
129 109 16 123 67
0.15 0.09 0.4 0.32 0.04
52 45 48 89 7
0.15 0.3 0.18 0.14 0.23
44 138 97 88 17
0.09 0.13 0.25 0.2 0.34
