#Number of options
150

#Assortments data
109 13 0 69 133
0.23 0.5 0.18 0.02 0.08
83 97 130 136 24
0.26 0.03 0.14 0.4 0.17
65 102 6 147 60
0.28 0.27 0.18 0.22 0.04
112 117 30 135 120
0.12 0.48 0.08 0.03 0.29
144 33 66 100 6
0.07 0.49 0.07 0.22 0.15
136 4 48 147 137
0.32 0.1 0.02 0.28 0.28
47 67 58 43 16
0.02 0.77 0.08 0.08 0.06
31 130 133 60 135
0.64 0.16 0.1 0.08 0.02
49 38 10 119 18
0.04 0.05 0.61 0.03 0.28
118 74 82 105 61
0.23 0.04 0.12 0.19 0.41
67 117 56 93 49
0.41 0.18 0.34 0.06 0.02
147 117 148 81 144
0.23 0.19 0.47 0.01 0.09
67 100 82 33 113
0.32 0.2 0.02 0.44 0.02
130 83 64 97 86
0.13 0.25 0.27 0.03 0.32
21 49 5 65 51
0.31 0.03 0.12 0.42 0.12
11 0 58 50 34
0.24 0.39 0.13 0.11 0.13
59 75 138 10 39
0.01 0.1 0.28 0.32 0.29
5 93 7 108 83
0.22 0.18 0.08 0.05 0.47
33 130 55 26 84
0.74 0.11 0.04 0.07 0.05
44 100 14 97 36
0.19 0.47 0.23 0.04 0.08
