#Number of options
150

#Assortments data
13 115 148 94 5
0.18 0.05 0.07 0.24 0.47
114 10 123 74 37
0.48 0.1 0.23 0.06 0.12
32 3 126 118 98
0.04 0.36 0.26 0.2 0.13
17 32 127 112 77
0.25 0.15 0.23 0.12 0.25
32 9 22 21 28
0.2 0.27 0.23 0.25 0.05
32 40 65 93 130
0.22 0.34 0.17 0.2 0.06
64 63 77 68 45
0.03 0.08 0.11 0.54 0.24
6 51 24 72 140
0.35 0.34 0.04 0.03 0.25
24 146 106 127 51
0.02 0.13 0.62 0.09 0.15
35 89 119 37 120
0.05 0.17 0.2 0.26 0.33
28 56 147 108 73
0.07 0.1 0.15 0.37 0.3
113 147 82 1 6
0.29 0.04 0.38 0.05 0.24
81 119 122 61 90
0.59 0.11 0.16 0.04 0.1
78 122 94 47 127
0.35 0.19 0.24 0.05 0.16
68 2 142 49 31
0.68 0.08 0.14 0.06 0.04
81 118 33 16 77
0.34 0.27 0.03 0.27 0.09
39 83 98 77 114
0.08 0.06 0.26 0.12 0.48
45 4 100 148 108
0.56 0.06 0.1 0.1 0.18
9 29 138 107 112
0.25 0.33 0.19 0.09 0.14
91 26 22 9 64
0.34 0.14 0.21 0.24 0.08
