#Number of options
150

#Assortments data
50 67 138 36 131
0.04 0.42 0.29 0.02 0.23
42 129 147 113 39
0.12 0.29 0.45 0.02 0.13
121 40 56 88 26
0.2 0.15 0.52 0.02 0.1
134 34 119 55 50
0.68 0.14 0.04 0.03 0.11
96 54 67 93 99
0.06 0.14 0.66 0.08 0.06
6 62 44 14 5
0.3 0.08 0.26 0.22 0.13
118 3 20 114 112
0.17 0.21 0.19 0.18 0.24
130 90 133 106 4
0.17 0.33 0.33 0.02 0.15
20 9 52 115 85
0.1 0.26 0.43 0.17 0.04
106 60 82 46 95
0.08 0.19 0.19 0.09 0.45
30 83 148 97 134
0.07 0.25 0.28 0.03 0.37
72 36 141 124 91
0.51 0.14 0.06 0.2 0.09
44 81 146 125 54
0.2 0.02 0.28 0.25 0.24
35 23 126 130 26
0.34 0.15 0.17 0.2 0.14
58 102 123 96 24
0.07 0.29 0.07 0.09 0.48
38 103 34 24 59
0.09 0.04 0.15 0.67 0.04
103 131 109 44 95
0.03 0.45 0.28 0.15 0.09
54 9 120 74 124
0.29 0.32 0.23 0.05 0.11
59 77 54 96 60
0.06 0.33 0.37 0.16 0.08
90 1 39 88 84
0.42 0.17 0.33 0.03 0.05
