#Number of options
150

#Assortments data
112 123 104 89 103
0.13 0.27 0.19 0.11 0.29
17 145 142 144 50
0.03 0.37 0.32 0.22 0.06
91 88 48 18 131
0.03 0.02 0.04 0.48 0.42
53 13 144 37 143
0.14 0.13 0.13 0.21 0.38
71 46 101 130 48
0.06 0.05 0.79 0.04 0.07
8 114 7 83 101
0.04 0.05 0.04 0.14 0.73
16 24 105 23 125
0.24 0.23 0.13 0.16 0.24
132 63 135 114 20
0.2 0.6 0.02 0.04 0.14
51 105 131 43 146
0.12 0.04 0.42 0.03 0.39
82 87 114 88 65
0.08 0.03 0.05 0.02 0.82
35 80 52 94 95
0.13 0.27 0.46 0.08 0.07
1 122 133 84 113
0.17 0.06 0.28 0.37 0.11
110 20 134 107 97
0.5 0.15 0.27 0.04 0.04
123 108 74 21 130
0.05 0.02 0.01 0.9 0.02
95 29 121 28 113
0.05 0.6 0.2 0.11 0.05
103 24 64 147 16
0.12 0.18 0.23 0.28 0.18
45 26 84 124 7
0.56 0.09 0.14 0.17 0.05
71 28 118 143 21
0.02 0.03 0.05 0.32 0.58
53 84 9 12 145
0.12 0.04 0.59 0.06 0.19
31 112 65 19 42
0.36 0.02 0.51 0.04 0.06
