#Number of options
150

#Assortments data
132 118 43 148 135
0.15 0.03 0.05 0.75 0.02
99 146 15 25 80
0.04 0.24 0.52 0.1 0.11
130 118 81 4 33
0.05 0.04 0.04 0.13 0.74
64 10 103 147 72
0.24 0.55 0.02 0.11 0.08
52 0 15 57 3
0.18 0.13 0.51 0.1 0.08
149 50 101 81 51
0.2 0.05 0.42 0.06 0.28
101 111 71 141 28
0.64 0.09 0.08 0.03 0.16
46 34 139 132 83
0.05 0.1 0.08 0.38 0.38
3 60 131 148 53
0.05 0.04 0.21 0.53 0.16
103 44 70 2 119
0.09 0.52 0.08 0.18 0.13
19 104 93 45 106
0.19 0.07 0.21 0.35 0.17
55 10 38 45 127
0.03 0.64 0.04 0.09 0.2
16 147 57 14 139
0.15 0.3 0.21 0.27 0.08
15 108 129 30 126
0.47 0.04 0.26 0.06 0.16
134 144 4 32 13
0.48 0.08 0.13 0.04 0.27
95 46 138 127 144
0.04 0.02 0.69 0.18 0.06
101 113 20 21 92
0.23 0.02 0.13 0.41 0.22
18 33 92 76 68
0.22 0.43 0.15 0.16 0.05
11 30 134 108 109
0.25 0.06 0.41 0.03 0.25
54 36 138 33 40
0.06 0.03 0.35 0.3 0.26
