#Number of options
150

#Assortments data
58 64 44 127 106
0.1 0.19 0.15 0.52 0.05
84 132 39 57 61
0.15 0.18 0.35 0.15 0.17
38 8 36 108 125
0.11 0.05 0.31 0.13 0.4
147 84 24 58 107
0.29 0.25 0.23 0.14 0.09
32 72 38 117 111
0.21 0.23 0.12 0.25 0.18
80 10 24 110 72
0.2 0.25 0.18 0.21 0.16
63 90 18 131 15
0.29 0.1 0.13 0.28 0.2
2 113 37 53 99
0.08 0.09 0.41 0.26 0.16
43 70 131 127 68
0.1 0.06 0.22 0.44 0.18
69 148 118 48 19
0.09 0.48 0.13 0.18 0.13
28 91 129 95 35
0.07 0.11 0.59 0.11 0.12
25 105 33 103 127
0.28 0.07 0.17 0.04 0.45
27 145 96 120 90
0.15 0.21 0.2 0.37 0.07
15 33 87 111 27
0.24 0.24 0.11 0.15 0.25
75 110 117 17 50
0.16 0.24 0.2 0.13 0.26
5 36 58 132 32
0.27 0.24 0.11 0.24 0.15
72 34 141 10 138
0.18 0.15 0.06 0.28 0.33
132 129 15 118 14
0.14 0.41 0.12 0.06 0.27
143 140 68 99 22
0.19 0.26 0.15 0.15 0.25
64 140 121 99 15
0.15 0.3 0.23 0.17 0.15
