#Number of options
150

#Assortments data
76 28 131 69 35
0.12 0.14 0.18 0.45 0.11
64 119 133 60 45
0.12 0.22 0.07 0.18 0.4
145 3 100 45 136
0.17 0.23 0.11 0.41 0.08
58 121 29 87 126
0.15 0.21 0.13 0.24 0.27
7 16 146 38 79
0.1 0.28 0.2 0.29 0.13
61 18 107 21 42
0.18 0.06 0.12 0.12 0.51
31 126 85 45 104
0.08 0.24 0.22 0.28 0.18
57 91 29 42 31
0.08 0.26 0.13 0.44 0.1
84 30 94 121 13
0.4 0.09 0.14 0.25 0.12
3 140 14 86 116
0.14 0.2 0.22 0.31 0.13
5 75 9 0 35
0.4 0.11 0.13 0.32 0.05
72 60 82 123 23
0.09 0.17 0.29 0.22 0.23
144 5 8 44 116
0.3 0.34 0.11 0.1 0.15
91 36 84 90 24
0.24 0.39 0.3 0.03 0.04
42 37 91 30 109
0.36 0.2 0.22 0.06 0.16
132 87 91 73 130
0.26 0.28 0.31 0.12 0.03
39 64 100 128 130
0.23 0.17 0.15 0.41 0.04
44 113 109 77 112
0.16 0.35 0.27 0.09 0.13
66 134 27 52 99
0.15 0.14 0.25 0.18 0.29
15 77 21 91 130
0.12 0.13 0.2 0.51 0.04
