#Number of options
150

#Assortments data
54 130 41 76 148
0.36 0.32 0.06 0.12 0.14
19 129 30 117 4
0.06 0.09 0.61 0.06 0.18
64 141 46 146 103
0.06 0.36 0.52 0.02 0.05
128 117 47 96 76
0.07 0.03 0.75 0.13 0.03
121 54 116 62 1
0.21 0.11 0.17 0.12 0.38
19 141 116 17 40
0.04 0.37 0.13 0.45 0.01
40 110 116 143 134
0.05 0.1 0.5 0.16 0.19
131 136 44 137 99
0.08 0.18 0.16 0.08 0.5
9 21 14 26 28
0.02 0.03 0.29 0.48 0.18
69 47 103 78 142
0.32 0.51 0.03 0.11 0.03
38 135 94 60 28
0.06 0.63 0.22 0.03 0.06
124 130 146 112 42
0.17 0.1 0.03 0.45 0.25
114 102 45 64 33
0.52 0.14 0.07 0.16 0.11
17 99 141 69 24
0.29 0.14 0.24 0.31 0.02
137 149 145 22 92
0.08 0.23 0.13 0.44 0.11
109 93 18 135 70
0.06 0.15 0.01 0.71 0.07
60 72 124 90 66
0.1 0.13 0.32 0.03 0.42
62 123 122 2 38
0.09 0.18 0.26 0.38 0.09
31 53 79 136 135
0.03 0.06 0.03 0.07 0.82
110 139 91 64 94
0.04 0.16 0.25 0.09 0.46
