#Number of options
150

#Assortments data
30 101 134 10 123
0.26 0.16 0.15 0.16 0.27
71 2 101 59 29
0.18 0.28 0.16 0.15 0.23
67 111 145 7 91
0.2 0.14 0.18 0.18 0.3
22 127 2 97 34
0.36 0.26 0.12 0.08 0.18
99 85 101 79 107
0.49 0.09 0.14 0.1 0.17
89 106 12 128 138
0.1 0.08 0.28 0.37 0.17
104 18 4 135 95
0.15 0.07 0.32 0.18 0.28
45 67 121 39 20
0.11 0.08 0.49 0.18 0.14
84 131 103 45 96
0.11 0.24 0.04 0.23 0.37
35 111 94 80 83
0.16 0.1 0.07 0.39 0.28
96 101 8 86 34
0.23 0.09 0.09 0.34 0.24
122 83 32 54 117
0.08 0.27 0.33 0.12 0.19
23 132 55 135 88
0.55 0.11 0.14 0.13 0.07
133 123 131 132 27
0.14 0.18 0.18 0.12 0.38
116 114 143 142 9
0.4 0.12 0.07 0.36 0.05
6 108 107 123 13
0.31 0.15 0.15 0.21 0.18
1 72 78 8 112
0.2 0.14 0.17 0.12 0.38
107 41 70 114 115
0.29 0.11 0.15 0.24 0.22
11 133 86 106 84
0.33 0.14 0.38 0.07 0.08
75 0 17 101 24
0.3 0.34 0.13 0.12 0.12
