#Number of options
150

#Assortments data
2 95 72 25 50
0.11 0.17 0.09 0.3 0.33
95 24 97 42 123
0.18 0.13 0.08 0.47 0.13
109 122 130 29 132
0.36 0.13 0.03 0.22 0.26
93 106 6 129 76
0.15 0.16 0.38 0.22 0.09
41 34 87 86 39
0.07 0.31 0.21 0.15 0.26
50 83 112 7 9
0.37 0.22 0.1 0.17 0.13
92 144 57 69 61
0.19 0.3 0.18 0.15 0.18
79 140 62 90 45
0.08 0.43 0.35 0.05 0.1
63 127 125 59 50
0.06 0.32 0.21 0.08 0.33
33 141 138 84 63
0.15 0.13 0.3 0.29 0.12
29 61 54 122 102
0.28 0.19 0.11 0.16 0.26
68 36 128 110 81
0.11 0.2 0.36 0.11 0.22
79 86 51 43 37
0.08 0.15 0.34 0.09 0.33
78 89 7 41 51
0.32 0.09 0.13 0.08 0.38
48 101 55 144 18
0.17 0.17 0.14 0.38 0.14
96 105 28 54 14
0.29 0.05 0.1 0.14 0.42
56 46 42 114 18
0.11 0.14 0.41 0.25 0.09
31 42 145 122 93
0.07 0.46 0.22 0.14 0.11
131 9 47 105 132
0.28 0.18 0.07 0.05 0.41
139 13 123 18 46
0.11 0.36 0.18 0.14 0.21
