#Number of options
150

#Assortments data
12 13 17 52 33
0.43 0.14 0.07 0.25 0.12
41 73 88 43 22
0.05 0.23 0.06 0.27 0.39
69 9 121 78 59
0.09 0.1 0.45 0.16 0.2
122 96 130 8 22
0.03 0.45 0.15 0.05 0.33
8 52 95 39 33
0.06 0.43 0.15 0.16 0.21
51 144 89 145 65
0.27 0.13 0.11 0.17 0.32
54 76 3 1 148
0.56 0.19 0.06 0.1 0.09
49 26 112 85 3
0.11 0.37 0.41 0.03 0.08
120 112 98 39 79
0.29 0.37 0.12 0.12 0.09
1 130 8 63 80
0.16 0.2 0.06 0.09 0.48
60 55 74 41 15
0.07 0.07 0.08 0.1 0.67
63 51 147 140 102
0.07 0.14 0.51 0.2 0.07
3 12 9 20 106
0.08 0.63 0.08 0.19 0.02
87 79 6 129 73
0.21 0.11 0.27 0.16 0.25
35 29 30 83 143
0.27 0.09 0.23 0.3 0.11
147 131 110 118 67
0.41 0.2 0.08 0.05 0.27
13 108 83 51 84
0.22 0.12 0.45 0.17 0.04
41 145 7 22 28
0.05 0.1 0.19 0.38 0.28
148 131 32 140 14
0.09 0.19 0.1 0.15 0.46
93 138 54 61 116
0.13 0.08 0.38 0.26 0.15
