#Number of options
150

#Assortments data
36 32 57 63 73
0.42 0.22 0.11 0.04 0.2
71 101 77 108 31
0.28 0.3 0.09 0.23 0.1
83 122 11 93 71
0.13 0.18 0.27 0.16 0.26
82 47 60 91 109
0.36 0.05 0.15 0.3 0.14
3 15 38 37 125
0.26 0.06 0.31 0.23 0.14
76 131 52 132 24
0.12 0.07 0.12 0.62 0.07
32 139 122 61 35
0.34 0.17 0.25 0.11 0.13
74 100 123 93 34
0.12 0.1 0.45 0.12 0.21
116 104 118 149 57
0.15 0.1 0.5 0.18 0.07
115 49 96 30 83
0.07 0.13 0.32 0.3 0.18
16 109 51 105 23
0.38 0.19 0.24 0.04 0.15
111 21 31 129 67
0.48 0.16 0.1 0.13 0.13
44 86 98 17 31
0.12 0.12 0.49 0.19 0.06
63 89 31 45 41
0.05 0.2 0.1 0.53 0.12
87 143 133 56 136
0.54 0.09 0.1 0.16 0.11
61 140 82 62 134
0.05 0.19 0.37 0.31 0.07
65 112 113 5 18
0.14 0.1 0.27 0.43 0.05
53 141 105 98 73
0.26 0.13 0.03 0.44 0.14
65 135 104 28 2
0.18 0.31 0.27 0.05 0.19
126 75 100 7 24
0.5 0.15 0.11 0.17 0.06
