#Number of options
150

#Assortments data
19 64 136 34 97
0.04 0.06 0.05 0.39 0.46
14 123 129 124 77
0.35 0.39 0.08 0.16 0.03
116 73 123 18 51
0.32 0.2 0.34 0.02 0.12
8 21 88 67 72
0.35 0.04 0.36 0.05 0.19
27 11 60 137 100
0.62 0.14 0.07 0.05 0.12
27 62 29 65 21
0.58 0.26 0.04 0.07 0.04
82 108 90 52 130
0.41 0.32 0.03 0.18 0.06
90 139 127 62 101
0.05 0.25 0.16 0.42 0.11
66 76 52 113 102
0.27 0.11 0.27 0.28 0.07
52 55 91 104 139
0.12 0.11 0.24 0.44 0.09
2 26 48 93 17
0.26 0.09 0.25 0.15 0.25
8 87 122 85 72
0.19 0.49 0.16 0.06 0.11
40 114 143 31 43
0.05 0.25 0.05 0.1 0.55
107 14 88 65 144
0.3 0.32 0.25 0.06 0.08
119 73 116 145 12
0.4 0.15 0.24 0.05 0.17
65 101 108 24 103
0.12 0.11 0.59 0.11 0.06
86 139 77 50 91
0.12 0.1 0.02 0.52 0.24
26 147 144 44 118
0.26 0.09 0.1 0.3 0.24
122 0 90 137 105
0.38 0.32 0.05 0.07 0.19
118 136 110 145 129
0.43 0.17 0.06 0.18 0.17
