#Number of options
150

#Assortments data
125 33 15 126 2
0.16 0.05 0.05 0.11 0.63
80 90 149 0 93
0.22 0.04 0.23 0.25 0.26
99 48 18 145 65
0.28 0.59 0.02 0.08 0.03
79 121 66 20 4
0.03 0.32 0.22 0.21 0.22
98 15 48 140 82
0.23 0.04 0.44 0.09 0.2
22 74 46 97 45
0.16 0.35 0.18 0.29 0.02
89 26 114 13 136
0.65 0.17 0.08 0.05 0.04
116 47 117 7 61
0.12 0.22 0.02 0.54 0.11
1 6 111 116 23
0.6 0.03 0.08 0.14 0.16
57 133 130 65 145
0.4 0.3 0.13 0.04 0.13
38 114 126 26 96
0.1 0.17 0.12 0.36 0.25
7 2 22 149 117
0.47 0.25 0.17 0.09 0.01
136 30 56 7 87
0.03 0.31 0.02 0.41 0.23
78 36 116 23 42
0.2 0.11 0.23 0.26 0.2
127 120 91 135 7
0.05 0.09 0.1 0.41 0.34
77 72 112 136 10
0.03 0.23 0.57 0.09 0.08
125 134 58 40 28
0.39 0.1 0.15 0.09 0.28
81 129 16 71 18
0.12 0.04 0.11 0.71 0.02
137 104 148 67 106
0.06 0.83 0.04 0.04 0.03
76 89 148 129 46
0.04 0.66 0.03 0.03 0.25
