#Number of options
150

#Assortments data
62 41 56 8 133
0.43 0.08 0.07 0.36 0.06
85 100 139 81 102
0.27 0.09 0.05 0.43 0.16
102 66 88 144 100
0.23 0.1 0.16 0.39 0.12
75 83 116 23 97
0.1 0.07 0.34 0.19 0.3
6 19 133 112 23
0.19 0.54 0.05 0.1 0.12
49 37 29 51 141
0.13 0.2 0.11 0.22 0.34
19 21 109 137 11
0.48 0.06 0.2 0.13 0.13
21 144 26 84 117
0.06 0.28 0.1 0.42 0.13
1 26 75 118 98
0.15 0.08 0.05 0.5 0.22
49 61 3 20 87
0.11 0.12 0.24 0.33 0.2
73 138 50 149 24
0.09 0.1 0.46 0.32 0.04
6 30 89 137 99
0.21 0.11 0.17 0.16 0.36
77 16 149 86 90
0.04 0.54 0.24 0.15 0.03
24 110 127 147 1
0.07 0.11 0.19 0.18 0.45
55 123 0 98 96
0.32 0.21 0.15 0.17 0.15
63 104 21 109 103
0.06 0.26 0.07 0.27 0.34
42 109 123 138 50
0.1 0.19 0.29 0.07 0.34
109 76 131 24 112
0.51 0.08 0.13 0.07 0.22
45 138 7 122 104
0.23 0.09 0.12 0.32 0.23
27 82 130 6 137
0.15 0.53 0.03 0.17 0.12
