#Number of options
150

#Assortments data
128 136 105 49 146
0.2 0.06 0.05 0.62 0.07
88 35 143 22 15
0.43 0.18 0.06 0.26 0.08
53 84 106 109 92
0.11 0.29 0.1 0.22 0.29
144 46 137 119 73
0.07 0.36 0.03 0.25 0.29
68 31 108 43 134
0.03 0.04 0.57 0.34 0.03
105 3 149 33 135
0.06 0.06 0.13 0.04 0.71
118 113 123 104 82
0.09 0.15 0.31 0.32 0.13
127 53 78 130 88
0.19 0.06 0.14 0.1 0.5
105 36 25 92 78
0.06 0.1 0.6 0.13 0.11
53 33 106 76 79
0.19 0.17 0.17 0.31 0.16
62 92 14 138 111
0.24 0.22 0.32 0.06 0.16
16 36 124 88 87
0.06 0.07 0.15 0.27 0.45
66 149 76 3 56
0.5 0.2 0.12 0.08 0.1
133 99 16 34 121
0.14 0.33 0.05 0.32 0.16
91 88 54 109 34
0.16 0.28 0.08 0.07 0.41
109 82 40 1 28
0.09 0.16 0.02 0.65 0.07
131 60 80 89 15
0.09 0.04 0.23 0.54 0.1
134 145 81 5 79
0.1 0.13 0.36 0.31 0.11
37 105 17 76 115
0.13 0.07 0.56 0.1 0.13
32 77 6 138 94
0.69 0.01 0.07 0.02 0.21
