#Number of options
150

#Assortments data
101 30 58 46 91
0.62 0.06 0.24 0.03 0.04
7 100 113 129 51
0.02 0.45 0.04 0.27 0.21
87 16 53 17 114
0.07 0.17 0.45 0.08 0.23
17 15 144 96 107
0.06 0.35 0.41 0.13 0.05
42 73 11 17 104
0.18 0.08 0.57 0.08 0.09
93 111 104 60 12
0.13 0.21 0.08 0.38 0.2
28 46 111 45 40
0.06 0.03 0.07 0.13 0.71
124 6 23 64 97
0.18 0.45 0.14 0.19 0.03
66 35 95 33 36
0.11 0.12 0.07 0.53 0.17
119 147 50 27 19
0.06 0.43 0.11 0.15 0.25
131 146 102 128 137
0.27 0.21 0.22 0.05 0.25
55 95 140 18 62
0.02 0.02 0.06 0.84 0.06
96 140 63 101 114
0.04 0.07 0.48 0.36 0.06
7 91 105 27 144
0.06 0.1 0.1 0.14 0.61
40 98 138 61 101
0.44 0.03 0.2 0.05 0.28
14 4 9 88 93
0.12 0.12 0.68 0.03 0.06
65 130 88 53 120
0.66 0.04 0.02 0.16 0.12
32 81 87 30 76
0.08 0.12 0.07 0.13 0.6
48 34 76 114 3
0.06 0.08 0.51 0.18 0.18
15 104 56 7 71
0.41 0.08 0.42 0.05 0.04
