#Number of options
150

#Assortments data
144 94 81 70 6
0.3 0.04 0.05 0.05 0.55
100 76 85 94 132
0.54 0.25 0.05 0.03 0.14
125 143 123 41 22
0.23 0.29 0.09 0.25 0.14
134 102 19 79 25
0.29 0.35 0.05 0.22 0.09
39 45 70 83 100
0.37 0.07 0.02 0.24 0.29
35 107 64 89 53
0.13 0.13 0.46 0.03 0.25
4 9 54 40 93
0.14 0.23 0.3 0.16 0.17
60 120 58 87 137
0.1 0.32 0.16 0.09 0.34
21 102 74 142 75
0.16 0.36 0.03 0.35 0.1
79 118 126 18 92
0.23 0.1 0.08 0.23 0.36
83 14 24 124 145
0.31 0.18 0.12 0.07 0.32
14 119 43 12 104
0.37 0.11 0.09 0.33 0.1
11 82 125 60 57
0.28 0.13 0.29 0.09 0.21
60 78 76 29 149
0.1 0.11 0.26 0.24 0.29
125 2 34 79 93
0.27 0.1 0.19 0.28 0.16
115 116 20 15 74
0.13 0.13 0.24 0.47 0.03
69 139 98 70 118
0.13 0.23 0.28 0.07 0.3
71 89 61 15 56
0.08 0.02 0.15 0.48 0.27
149 101 147 90 73
0.18 0.17 0.32 0.17 0.15
37 106 119 147 126
0.4 0.06 0.06 0.38 0.1
