#Number of options
150

#Assortments data
76 44 96 46 38
0.03 0.14 0.14 0.62 0.07
104 43 40 58 46
0.28 0.26 0.01 0.02 0.43
69 24 104 6 144
0.47 0.05 0.37 0.04 0.06
71 2 42 137 57
0.35 0.26 0.18 0.03 0.18
105 65 126 88 145
0.05 0.02 0.05 0.84 0.04
48 36 37 105 143
0.49 0.28 0.14 0.07 0.03
8 139 2 138 99
0.26 0.22 0.29 0.02 0.21
69 89 110 39 17
0.25 0.44 0.01 0.02 0.28
112 75 99 145 84
0.4 0.2 0.25 0.04 0.11
69 51 7 45 142
0.35 0.06 0.53 0.02 0.03
61 28 31 33 7
0.12 0.07 0.02 0.04 0.76
20 16 40 77 24
0.55 0.17 0.05 0.07 0.16
117 39 106 24 5
0.09 0.13 0.17 0.19 0.42
18 33 82 15 68
0.03 0.12 0.66 0.12 0.07
51 120 46 87 88
0.04 0.09 0.27 0.3 0.3
50 129 125 24 61
0.49 0.06 0.16 0.1 0.2
40 114 17 70 91
0.02 0.15 0.49 0.11 0.23
43 148 45 55 119
0.33 0.03 0.03 0.27 0.34
126 19 69 56 85
0.06 0.12 0.71 0.04 0.07
121 71 29 103 24
0.26 0.57 0.05 0.03 0.08
