#Number of options
150

#Assortments data
89 93 106 86 15
0.19 0.49 0.05 0.13 0.14
112 69 15 55 111
0.68 0.13 0.09 0.06 0.04
94 80 46 143 83
0.12 0.51 0.18 0.04 0.15
64 127 96 42 128
0.28 0.08 0.25 0.26 0.13
9 1 118 96 137
0.04 0.56 0.07 0.28 0.05
74 49 91 39 21
0.24 0.36 0.22 0.11 0.06
11 45 114 131 60
0.34 0.13 0.14 0.28 0.12
8 69 126 85 94
0.16 0.4 0.13 0.08 0.23
94 105 128 127 58
0.21 0.22 0.27 0.18 0.12
14 107 74 17 90
0.33 0.38 0.12 0.15 0.02
24 68 74 113 144
0.38 0.05 0.27 0.17 0.12
114 25 92 118 109
0.07 0.51 0.24 0.08 0.1
96 27 122 123 94
0.26 0.37 0.16 0.1 0.1
145 53 9 52 90
0.21 0.09 0.08 0.57 0.05
24 39 13 83 105
0.36 0.12 0.12 0.22 0.18
109 26 73 35 13
0.06 0.32 0.35 0.21 0.05
123 139 76 130 69
0.1 0.44 0.08 0.19 0.18
65 100 128 50 45
0.14 0.18 0.29 0.27 0.12
121 3 75 20 119
0.19 0.06 0.41 0.21 0.12
26 129 29 66 86
0.45 0.06 0.05 0.32 0.12
