#Number of options
150

#Assortments data
147 54 4 139 149
0.11 0.09 0.15 0.09 0.56
14 34 70 117 85
0.2 0.28 0.18 0.18 0.16
143 18 6 60 100
0.15 0.11 0.29 0.33 0.13
38 67 69 100 112
0.22 0.08 0.33 0.1 0.26
3 109 4 121 128
0.09 0.14 0.09 0.43 0.24
108 48 132 74 117
0.22 0.18 0.25 0.09 0.26
71 83 93 2 27
0.19 0.13 0.11 0.28 0.29
89 149 60 82 22
0.12 0.32 0.14 0.18 0.24
39 32 92 65 93
0.2 0.35 0.16 0.15 0.14
112 136 133 127 85
0.25 0.14 0.09 0.28 0.25
140 123 67 96 136
0.34 0.29 0.05 0.22 0.1
3 78 43 120 88
0.09 0.37 0.08 0.4 0.07
26 80 112 2 137
0.26 0.12 0.22 0.26 0.14
65 146 82 34 94
0.1 0.12 0.3 0.37 0.11
3 76 133 88 79
0.3 0.18 0.17 0.21 0.14
93 51 121 73 32
0.06 0.31 0.39 0.09 0.15
63 88 30 69 31
0.08 0.13 0.31 0.38 0.1
79 47 92 27 121
0.05 0.07 0.1 0.23 0.55
135 78 76 122 143
0.08 0.51 0.08 0.23 0.1
27 92 19 133 13
0.31 0.13 0.19 0.09 0.28
