#Number of options
150

#Assortments data
75 84 104 23 52
0.24 0.15 0.05 0.32 0.24
92 65 74 114 126
0.15 0.68 0.03 0.06 0.08
81 2 46 146 65
0.02 0.03 0.02 0.23 0.7
149 117 51 43 31
0.12 0.35 0.13 0.03 0.37
103 104 16 47 4
0.13 0.09 0.32 0.06 0.41
104 83 133 138 149
0.02 0.2 0.05 0.62 0.11
4 81 145 5 77
0.11 0.02 0.37 0.21 0.29
40 69 47 116 137
0.42 0.04 0.02 0.21 0.31
67 107 93 83 95
0.44 0.03 0.14 0.33 0.06
8 15 115 136 71
0.05 0.46 0.18 0.22 0.09
50 63 96 101 0
0.04 0.37 0.06 0.23 0.3
121 82 67 127 19
0.17 0.05 0.39 0.32 0.07
58 55 82 42 3
0.26 0.08 0.14 0.34 0.18
48 76 15 127 39
0.05 0.26 0.25 0.23 0.21
11 66 92 22 115
0.34 0.13 0.21 0.18 0.14
5 117 90 60 30
0.19 0.4 0.25 0.11 0.04
108 19 104 88 120
0.2 0.25 0.1 0.12 0.33
98 99 79 39 1
0.11 0.06 0.46 0.3 0.07
76 3 10 129 130
0.23 0.04 0.28 0.41 0.03
89 43 22 58 119
0.05 0.11 0.45 0.27 0.12
