#Number of options
150

#Assortments data
48 121 122 68 114
0.18 0.29 0.07 0.31 0.14
109 120 72 140 146
0.18 0.12 0.03 0.1 0.57
70 130 144 57 143
0.07 0.05 0.28 0.1 0.5
80 6 22 24 57
0.14 0.52 0.15 0.13 0.06
111 113 127 105 14
0.16 0.1 0.39 0.1 0.25
32 30 35 79 97
0.14 0.13 0.11 0.56 0.05
133 25 69 30 128
0.14 0.13 0.11 0.14 0.48
63 75 79 106 135
0.68 0.04 0.21 0.05 0.02
2 84 137 20 89
0.05 0.12 0.72 0.08 0.03
83 125 43 114 139
0.32 0.27 0.18 0.15 0.08
47 115 24 14 109
0.02 0.1 0.22 0.23 0.43
104 10 125 72 113
0.04 0.72 0.13 0.05 0.07
41 14 135 81 90
0.64 0.06 0.01 0.02 0.27
135 32 96 94 88
0.08 0.28 0.41 0.08 0.14
4 138 13 28 66
0.04 0.59 0.26 0.03 0.08
34 78 102 122 93
0.09 0.1 0.73 0.02 0.06
130 19 92 117 110
0.02 0.09 0.16 0.38 0.35
61 144 3 141 107
0.21 0.27 0.41 0.05 0.07
66 123 21 17 93
0.07 0.04 0.8 0.02 0.07
128 57 44 68 38
0.33 0.09 0.19 0.19 0.21
