#Number of options
150

#Assortments data
143 99 66 29 43
0.03 0.47 0.11 0.11 0.28
27 21 99 16 120
0.13 0.04 0.38 0.31 0.14
145 33 37 129 104
0.12 0.04 0.19 0.09 0.55
130 51 30 50 82
0.01 0.11 0.1 0.22 0.55
75 85 52 63 56
0.13 0.54 0.2 0.03 0.1
55 41 108 148 65
0.44 0.03 0.48 0.03 0.02
10 74 52 40 39
0.09 0.55 0.19 0.05 0.13
13 137 102 18 57
0.2 0.21 0.14 0.08 0.38
47 16 130 9 62
0.26 0.38 0.02 0.04 0.3
45 90 111 68 109
0.11 0.04 0.64 0.11 0.11
126 34 32 99 141
0.09 0.16 0.2 0.26 0.29
16 12 148 40 89
0.45 0.1 0.03 0.03 0.39
62 1 31 149 54
0.35 0.25 0.03 0.32 0.05
126 62 146 83 145
0.24 0.44 0.13 0.07 0.11
103 56 6 97 62
0.2 0.07 0.07 0.32 0.35
139 103 54 48 20
0.15 0.22 0.05 0.31 0.26
130 93 138 44 34
0.03 0.23 0.11 0.11 0.52
33 36 12 131 130
0.06 0.58 0.21 0.1 0.04
69 15 62 140 89
0.53 0.02 0.18 0.07 0.2
30 65 58 121 112
0.22 0.03 0.12 0.51 0.13
