#Number of options
150

#Assortments data
10 80 124 108 90
0.24 0.16 0.25 0.11 0.24
50 31 94 1 109
0.13 0.19 0.09 0.11 0.47
70 6 124 112 0
0.08 0.48 0.13 0.13 0.19
143 13 57 91 20
0.09 0.43 0.15 0.16 0.17
17 25 28 26 91
0.13 0.3 0.08 0.2 0.29
105 111 97 61 8
0.06 0.34 0.19 0.28 0.13
112 108 144 99 135
0.2 0.09 0.45 0.19 0.06
18 71 32 68 21
0.12 0.19 0.11 0.22 0.36
72 71 22 13 16
0.04 0.12 0.26 0.43 0.15
118 15 110 136 32
0.3 0.22 0.19 0.16 0.14
79 78 24 131 95
0.26 0.33 0.12 0.16 0.14
92 102 84 108 4
0.34 0.32 0.15 0.08 0.11
122 109 57 107 19
0.1 0.45 0.2 0.11 0.13
17 102 104 92 114
0.09 0.32 0.1 0.34 0.15
2 8 133 128 59
0.17 0.11 0.12 0.48 0.11
66 80 103 126 2
0.13 0.15 0.09 0.44 0.18
80 10 6 130 101
0.09 0.14 0.55 0.03 0.18
145 68 14 81 119
0.31 0.21 0.26 0.13 0.09
39 32 125 27 7
0.37 0.11 0.29 0.16 0.07
7 35 138 88 96
0.09 0.24 0.4 0.07 0.19
