#Number of options
150

#Assortments data
19 53 132 121 13
0.04 0.08 0.09 0.5 0.28
111 71 100 57 6
0.06 0.24 0.22 0.31 0.17
136 39 55 119 53
0.57 0.24 0.04 0.1 0.05
20 65 44 74 14
0.07 0.08 0.52 0.08 0.25
11 141 68 119 65
0.36 0.17 0.07 0.19 0.22
30 63 51 83 53
0.39 0.08 0.23 0.26 0.04
139 114 145 119 7
0.73 0.04 0.08 0.07 0.08
138 75 43 69 0
0.12 0.39 0.21 0.08 0.21
144 20 41 127 123
0.1 0.17 0.07 0.56 0.1
55 27 56 19 135
0.05 0.25 0.51 0.03 0.17
91 14 116 68 46
0.07 0.41 0.39 0.04 0.1
119 134 62 67 7
0.14 0.31 0.1 0.27 0.17
71 78 15 136 32
0.21 0.09 0.13 0.44 0.12
49 73 34 121 146
0.06 0.4 0.22 0.22 0.09
72 50 128 52 112
0.49 0.08 0.11 0.15 0.17
131 137 55 117 88
0.42 0.23 0.07 0.2 0.09
41 9 23 4 143
0.03 0.02 0.23 0.63 0.09
119 66 44 2 145
0.04 0.47 0.32 0.12 0.05
48 90 148 99 100
0.25 0.06 0.23 0.19 0.26
106 144 7 132 0
0.08 0.12 0.24 0.12 0.44
