#Number of options
150

#Assortments data
122 3 65 40 46
0.22 0.1 0.12 0.09 0.47
88 103 110 123 53
0.36 0.06 0.08 0.4 0.11
104 127 88 69 51
0.27 0.12 0.2 0.15 0.25
51 53 88 18 32
0.23 0.05 0.18 0.04 0.5
127 89 118 149 9
0.17 0.37 0.18 0.23 0.07
132 35 92 51 26
0.12 0.12 0.26 0.17 0.34
8 137 53 103 139
0.14 0.13 0.08 0.04 0.61
4 9 61 117 95
0.33 0.04 0.38 0.04 0.22
77 57 12 67 75
0.03 0.36 0.19 0.1 0.31
11 87 143 20 77
0.26 0.36 0.1 0.21 0.07
145 86 75 64 55
0.04 0.1 0.47 0.29 0.1
131 90 109 119 125
0.1 0.05 0.12 0.28 0.45
87 41 31 42 16
0.4 0.06 0.07 0.3 0.18
117 134 19 102 147
0.13 0.19 0.13 0.14 0.41
65 89 1 84 127
0.06 0.31 0.37 0.12 0.14
124 39 102 21 23
0.14 0.12 0.07 0.07 0.61
121 39 112 55 106
0.25 0.05 0.59 0.08 0.03
142 93 139 40 61
0.07 0.4 0.24 0.02 0.27
142 34 82 101 9
0.14 0.57 0.13 0.11 0.05
76 110 138 15 87
0.19 0.05 0.07 0.25 0.44
