#Number of options
150

#Assortments data
141 72 112 125 92
0.02 0.1 0.07 0.4 0.42
78 38 56 134 53
0.03 0.02 0.18 0.68 0.08
7 23 98 13 64
0.03 0.17 0.13 0.3 0.37
101 116 93 85 108
0.34 0.27 0.23 0.04 0.11
9 27 111 36 74
0.37 0.23 0.12 0.23 0.05
2 58 23 36 68
0.1 0.12 0.43 0.15 0.2
125 54 99 141 1
0.43 0.4 0.09 0.02 0.07
63 121 140 46 145
0.31 0.13 0.15 0.04 0.36
130 37 34 85 13
0.17 0.4 0.07 0.02 0.34
143 138 16 95 26
0.41 0.4 0.03 0.03 0.12
50 102 88 46 123
0.1 0.66 0.05 0.1 0.1
112 0 61 89 114
0.1 0.3 0.45 0.06 0.1
59 6 72 1 118
0.1 0.46 0.18 0.12 0.14
77 90 146 30 147
0.21 0.17 0.22 0.06 0.33
35 125 143 139 67
0.14 0.2 0.37 0.03 0.26
48 100 70 108 94
0.07 0.82 0.03 0.06 0.02
142 83 62 12 35
0.34 0.24 0.07 0.18 0.17
92 98 115 84 62
0.47 0.19 0.17 0.04 0.12
146 121 120 50 81
0.47 0.24 0.18 0.08 0.03
91 139 30 8 131
0.04 0.05 0.07 0.02 0.82
