#Number of options
150

#Assortments data
12 90 105 20 16
0.48 0.07 0.17 0.16 0.12
37 31 81 116 113
0.22 0.05 0.09 0.57 0.07
30 89 90 75 71
0.22 0.11 0.03 0.51 0.12
74 109 101 0 35
0.12 0.23 0.06 0.19 0.4
75 90 45 113 9
0.83 0.05 0.03 0.06 0.03
98 143 122 138 53
0.22 0.16 0.22 0.24 0.15
137 32 50 114 116
0.1 0.19 0.17 0.12 0.43
122 124 6 125 75
0.07 0.06 0.05 0.31 0.51
45 87 25 16 132
0.03 0.49 0.31 0.09 0.07
0 67 127 39 42
0.23 0.11 0.21 0.18 0.27
65 79 122 134 108
0.14 0.15 0.24 0.16 0.31
18 69 79 49 30
0.03 0.19 0.1 0.19 0.49
37 116 1 73 41
0.1 0.27 0.12 0.48 0.02
71 89 68 55 7
0.31 0.26 0.06 0.1 0.27
51 69 65 37 74
0.26 0.2 0.1 0.27 0.17
140 118 60 71 45
0.34 0.14 0.1 0.36 0.06
31 128 125 60 109
0.04 0.23 0.47 0.05 0.21
110 132 101 63 64
0.08 0.16 0.15 0.06 0.54
81 120 41 12 77
0.08 0.44 0.04 0.39 0.05
114 65 89 94 125
0.13 0.07 0.17 0.12 0.51
