#Number of options
150

#Assortments data
26 7 136 67 39
0.22 0.05 0.36 0.26 0.11
14 54 85 104 102
0.32 0.4 0.03 0.14 0.1
7 53 130 75 110
0.05 0.03 0.7 0.16 0.06
11 100 19 103 138
0.23 0.51 0.04 0.03 0.18
61 35 146 28 3
0.15 0.17 0.02 0.65 0.01
79 19 135 103 54
0.22 0.02 0.19 0.02 0.54
95 15 125 22 105
0.06 0.15 0.22 0.09 0.48
15 118 16 69 124
0.61 0.06 0.1 0.09 0.14
48 56 92 39 41
0.13 0.38 0.31 0.14 0.04
47 50 56 61 104
0.05 0.06 0.36 0.42 0.11
1 24 75 126 73
0.16 0.48 0.15 0.03 0.17
86 57 27 87 44
0.11 0.38 0.11 0.1 0.29
35 84 144 104 121
0.62 0.05 0.04 0.15 0.14
90 127 126 103 2
0.18 0.29 0.13 0.03 0.37
100 125 14 24 34
0.1 0.27 0.15 0.4 0.08
128 98 148 46 102
0.15 0.23 0.31 0.13 0.17
144 6 15 67 75
0.03 0.1 0.32 0.32 0.22
11 140 139 96 119
0.08 0.07 0.53 0.29 0.04
65 38 64 131 22
0.13 0.03 0.45 0.18 0.2
28 41 49 98 84
0.88 0.02 0.03 0.05 0.02
