#Number of options
150

#Assortments data
106 129 110 73 63
0.02 0.22 0.1 0.59 0.07
146 44 103 7 29
0.11 0.57 0.02 0.2 0.1
108 28 103 11 20
0.05 0.86 0.01 0.05 0.03
62 111 47 106 5
0.16 0.24 0.26 0.06 0.29
144 65 89 106 77
0.26 0.32 0.19 0.05 0.2
32 33 20 127 129
0.19 0.16 0.09 0.31 0.25
92 15 31 113 24
0.16 0.17 0.11 0.02 0.54
138 87 29 119 47
0.29 0.23 0.14 0.2 0.15
49 141 134 95 144
0.16 0.06 0.47 0.16 0.15
82 39 6 67 90
0.08 0.26 0.14 0.41 0.11
75 65 99 88 0
0.46 0.13 0.15 0.08 0.18
94 95 90 76 131
0.05 0.15 0.08 0.33 0.39
34 85 12 101 135
0.26 0.03 0.43 0.11 0.17
41 40 114 102 20
0.16 0.12 0.3 0.17 0.25
95 89 78 135 107
0.18 0.13 0.15 0.24 0.31
56 27 44 129 31
0.2 0.12 0.38 0.18 0.13
47 78 52 0 116
0.08 0.08 0.41 0.17 0.25
85 10 132 40 111
0.09 0.27 0.24 0.13 0.26
94 123 125 27 51
0.04 0.07 0.49 0.16 0.25
45 57 15 40 120
0.04 0.52 0.19 0.03 0.23
