#Number of options
150

#Assortments data
112 52 77 102 95
0.07 0.31 0.19 0.25 0.19
71 141 49 82 37
0.2 0.08 0.11 0.23 0.38
116 32 48 74 51
0.11 0.14 0.15 0.1 0.49
60 116 6 140 17
0.17 0.1 0.26 0.33 0.14
120 134 36 15 107
0.49 0.14 0.19 0.1 0.08
29 32 43 126 59
0.34 0.17 0.09 0.3 0.11
72 2 110 78 56
0.08 0.11 0.13 0.59 0.09
106 31 34 28 94
0.27 0.1 0.45 0.05 0.12
108 55 114 21 107
0.14 0.19 0.29 0.23 0.14
7 59 14 0 44
0.09 0.12 0.17 0.42 0.2
101 11 121 48 148
0.25 0.24 0.33 0.12 0.06
1 85 21 111 36
0.17 0.17 0.16 0.24 0.26
63 4 39 53 23
0.06 0.07 0.37 0.32 0.18
118 105 73 81 143
0.27 0.03 0.25 0.25 0.2
108 93 84 62 149
0.08 0.09 0.18 0.31 0.33
146 43 109 69 79
0.17 0.09 0.48 0.15 0.11
148 35 2 11 54
0.13 0.08 0.14 0.54 0.11
37 125 113 74 1
0.33 0.24 0.12 0.13 0.18
94 113 57 111 40
0.16 0.19 0.14 0.37 0.14
14 97 139 110 7
0.28 0.22 0.14 0.2 0.16
