#Number of options
150

#Assortments data
137 118 84 134 80
0.16 0.07 0.06 0.4 0.31
19 60 101 92 14
0.04 0.05 0.24 0.45 0.22
85 57 79 45 6
0.05 0.22 0.24 0.21 0.28
114 64 110 60 98
0.1 0.4 0.29 0.08 0.14
108 61 57 139 49
0.14 0.32 0.27 0.24 0.04
109 50 60 85 6
0.49 0.12 0.07 0.05 0.27
148 105 31 36 2
0.29 0.1 0.29 0.11 0.21
18 20 91 73 13
0.15 0.21 0.06 0.15 0.44
58 96 78 149 108
0.17 0.24 0.12 0.35 0.13
74 107 23 29 62
0.05 0.15 0.41 0.21 0.18
120 125 91 4 72
0.24 0.36 0.09 0.16 0.16
94 135 121 142 6
0.03 0.03 0.11 0.65 0.18
108 12 111 42 13
0.08 0.14 0.06 0.3 0.42
99 2 149 21 89
0.16 0.22 0.41 0.16 0.05
91 6 25 53 77
0.08 0.3 0.31 0.19 0.12
81 20 67 46 146
0.07 0.23 0.35 0.07 0.28
58 123 57 69 73
0.19 0.16 0.29 0.09 0.27
120 52 112 50 36
0.21 0.46 0.11 0.13 0.09
27 81 3 105 135
0.32 0.15 0.3 0.14 0.09
28 18 146 78 35
0.1 0.19 0.32 0.1 0.29
