#Number of options
150

#Assortments data
10 55 21 82 58
0.43 0.03 0.36 0.05 0.13
127 94 17 27 141
0.69 0.04 0.06 0.15 0.05
54 70 72 7 59
0.49 0.12 0.16 0.13 0.1
83 30 62 103 14
0.35 0.08 0.33 0.07 0.17
37 117 53 148 22
0.29 0.35 0.19 0.11 0.06
39 74 85 26 90
0.45 0.02 0.05 0.08 0.41
51 66 19 89 32
0.38 0.18 0.21 0.08 0.16
110 117 17 43 88
0.24 0.61 0.04 0.06 0.04
70 46 19 94 63
0.1 0.07 0.26 0.07 0.5
89 111 148 146 36
0.04 0.07 0.2 0.63 0.06
44 102 10 14 103
0.06 0.37 0.44 0.1 0.04
63 96 7 93 125
0.34 0.2 0.07 0.17 0.22
34 18 137 121 132
0.06 0.35 0.36 0.1 0.13
135 33 46 143 102
0.02 0.29 0.03 0.17 0.49
55 65 147 50 76
0.06 0.44 0.16 0.14 0.2
58 65 36 116 115
0.26 0.42 0.08 0.14 0.1
29 96 87 130 49
0.54 0.22 0.1 0.07 0.07
92 24 65 25 86
0.26 0.06 0.27 0.07 0.35
52 113 29 149 72
0.17 0.08 0.41 0.27 0.07
144 129 13 30 1
0.16 0.34 0.38 0.08 0.05
