#Number of options
150

#Assortments data
142 39 100 7 96
0.15 0.28 0.07 0.31 0.19
19 78 50 112 138
0.32 0.29 0.28 0.07 0.04
36 117 40 11 12
0.51 0.11 0.06 0.15 0.17
104 89 71 61 48
0.21 0.17 0.2 0.17 0.25
70 6 63 35 62
0.28 0.11 0.06 0.04 0.52
41 136 54 39 118
0.04 0.03 0.04 0.14 0.75
94 46 130 60 89
0.26 0.24 0.03 0.33 0.14
26 49 119 5 138
0.12 0.09 0.35 0.37 0.08
11 93 106 99 111
0.13 0.04 0.19 0.17 0.46
96 36 114 7 132
0.06 0.23 0.43 0.09 0.19
42 74 130 104 50
0.19 0.22 0.02 0.11 0.46
20 127 40 118 23
0.23 0.05 0.04 0.59 0.09
20 111 128 15 0
0.26 0.36 0.17 0.05 0.16
82 83 138 31 92
0.64 0.07 0.08 0.05 0.15
16 116 30 147 63
0.63 0.1 0.15 0.06 0.06
112 67 2 9 85
0.21 0.08 0.16 0.16 0.39
149 6 69 116 96
0.29 0.13 0.31 0.1 0.16
49 121 42 35 104
0.09 0.46 0.26 0.05 0.15
133 48 132 9 127
0.04 0.17 0.58 0.11 0.11
106 4 134 102 38
0.31 0.05 0.12 0.17 0.35
