#Number of options
150

#Assortments data
100 124 19 47 58
0.04 0.49 0.19 0.09 0.19
17 146 26 29 145
0.3 0.17 0.16 0.19 0.18
58 24 32 6 96
0.3 0.04 0.16 0.31 0.19
117 50 63 56 138
0.2 0.44 0.1 0.16 0.1
140 0 111 82 80
0.18 0.09 0.38 0.29 0.06
20 44 104 38 121
0.25 0.07 0.19 0.25 0.25
100 96 119 23 81
0.07 0.21 0.22 0.14 0.35
107 143 22 10 121
0.24 0.11 0.2 0.1 0.35
12 131 17 127 7
0.13 0.16 0.36 0.14 0.21
102 94 147 124 59
0.14 0.17 0.04 0.57 0.09
11 6 23 20 90
0.35 0.23 0.1 0.26 0.06
28 120 76 73 114
0.03 0.2 0.06 0.14 0.57
61 82 75 43 135
0.18 0.45 0.16 0.13 0.09
58 98 22 7 114
0.14 0.39 0.09 0.08 0.29
4 42 97 119 56
0.06 0.38 0.16 0.26 0.13
127 143 106 130 9
0.22 0.21 0.25 0.1 0.22
42 140 76 123 32
0.21 0.22 0.05 0.41 0.11
41 104 57 111 81
0.04 0.19 0.07 0.46 0.24
34 144 136 122 3
0.17 0.33 0.09 0.17 0.25
43 122 46 9 25
0.13 0.21 0.33 0.11 0.22
