#Number of options
150

#Assortments data
147 8 104 15 30
0.03 0.39 0.41 0.05 0.12
92 131 57 89 79
0.06 0.05 0.09 0.77 0.02
9 8 53 105 66
0.05 0.71 0.09 0.04 0.11
112 93 5 12 114
0.16 0.15 0.19 0.14 0.37
1 59 94 16 33
0.16 0.16 0.5 0.17 0.02
52 50 10 26 137
0.15 0.56 0.05 0.15 0.09
124 25 133 109 95
0.21 0.17 0.07 0.06 0.48
113 22 15 80 81
0.58 0.16 0.03 0.08 0.16
9 115 109 142 131
0.11 0.18 0.24 0.34 0.13
78 32 135 138 125
0.17 0.35 0.34 0.05 0.1
127 55 52 141 140
0.08 0.38 0.1 0.28 0.15
121 67 20 22 115
0.36 0.07 0.2 0.29 0.07
52 20 15 117 21
0.3 0.4 0.13 0.13 0.04
64 126 94 53 124
0.08 0.09 0.56 0.05 0.22
59 77 29 6 126
0.43 0.07 0.13 0.15 0.22
148 86 80 20 76
0.09 0.2 0.27 0.37 0.08
25 129 54 4 134
0.49 0.16 0.16 0.13 0.06
8 72 98 17 136
0.29 0.02 0.15 0.53 0.02
49 91 41 2 60
0.23 0.4 0.03 0.28 0.05
78 59 52 71 85
0.16 0.22 0.14 0.32 0.16
