#Number of options
150

#Assortments data
40 86 127 2 56
0.15 0.24 0.39 0.08 0.13
65 38 136 95 39
0.12 0.36 0.05 0.12 0.34
70 62 91 51 123
0.19 0.31 0.14 0.28 0.07
4 109 46 102 134
0.05 0.29 0.11 0.36 0.19
0 122 72 15 28
0.56 0.16 0.07 0.17 0.03
138 99 121 118 95
0.17 0.19 0.14 0.4 0.1
112 3 45 2 46
0.03 0.46 0.43 0.04 0.05
48 39 91 50 75
0.11 0.43 0.29 0.1 0.07
138 40 73 64 50
0.28 0.18 0.18 0.23 0.12
106 116 122 16 123
0.42 0.12 0.09 0.24 0.12
84 114 143 144 67
0.26 0.19 0.1 0.39 0.07
96 64 37 5 147
0.18 0.18 0.18 0.34 0.12
94 16 71 29 108
0.09 0.18 0.07 0.61 0.05
57 107 40 66 62
0.1 0.05 0.16 0.09 0.61
14 39 128 112 98
0.13 0.26 0.16 0.04 0.4
29 144 101 115 32
0.49 0.3 0.14 0.02 0.05
130 102 124 132 53
0.01 0.15 0.21 0.24 0.39
57 84 66 125 75
0.12 0.52 0.11 0.16 0.08
76 116 93 146 139
0.13 0.14 0.11 0.58 0.05
78 148 19 61 39
0.21 0.1 0.28 0.07 0.34
