#Number of options
150

#Assortments data
136 144 106 120 71
0.51 0.14 0.03 0.15 0.17
98 134 13 139 124
0.13 0.3 0.17 0.35 0.05
6 25 19 60 10
0.22 0.37 0.1 0.14 0.17
149 55 116 18 19
0.25 0.06 0.4 0.18 0.12
92 55 38 42 99
0.57 0.03 0.06 0.24 0.09
123 87 92 102 119
0.07 0.13 0.51 0.22 0.08
15 128 101 135 94
0.38 0.32 0.14 0.08 0.08
17 55 124 44 38
0.08 0.04 0.1 0.71 0.07
47 139 75 43 115
0.05 0.37 0.17 0.09 0.32
77 82 61 51 126
0.1 0.1 0.56 0.19 0.06
119 135 117 147 28
0.05 0.04 0.08 0.62 0.21
138 91 127 64 40
0.09 0.07 0.14 0.67 0.04
26 130 100 1 54
0.17 0.19 0.09 0.04 0.52
58 64 144 84 145
0.03 0.72 0.09 0.05 0.11
47 42 127 10 138
0.09 0.29 0.3 0.15 0.18
73 5 108 48 136
0.32 0.15 0.09 0.07 0.36
117 104 132 49 66
0.15 0.16 0.12 0.06 0.51
22 3 99 132 11
0.48 0.08 0.11 0.14 0.18
146 70 88 101 40
0.47 0.05 0.14 0.21 0.12
2 12 65 60 28
0.18 0.28 0.2 0.08 0.26
