#Number of options
150

#Assortments data
40 103 30 78 88
0.52 0.13 0.08 0.2 0.07
36 80 148 91 39
0.13 0.15 0.2 0.13 0.39
63 67 13 100 138
0.17 0.1 0.22 0.16 0.35
75 21 6 7 25
0.08 0.46 0.35 0.03 0.07
37 118 42 71 92
0.46 0.18 0.14 0.04 0.19
12 73 3 119 125
0.22 0.15 0.32 0.08 0.23
26 90 2 80 62
0.17 0.31 0.06 0.21 0.26
57 53 83 80 20
0.13 0.38 0.18 0.13 0.17
6 91 21 20 98
0.28 0.07 0.37 0.11 0.17
51 31 82 18 5
0.28 0.21 0.05 0.27 0.19
21 26 33 66 117
0.42 0.08 0.12 0.06 0.33
94 20 1 26 58
0.04 0.27 0.06 0.17 0.46
33 61 69 88 135
0.42 0.31 0.08 0.13 0.07
115 51 135 118 57
0.12 0.48 0.03 0.2 0.17
1 56 30 137 124
0.03 0.09 0.05 0.72 0.1
11 101 144 17 23
0.25 0.45 0.19 0.03 0.08
87 32 96 41 69
0.14 0.11 0.14 0.57 0.05
82 145 30 141 18
0.07 0.46 0.06 0.05 0.36
6 136 22 46 71
0.6 0.17 0.15 0.04 0.05
85 25 80 94 111
0.22 0.16 0.25 0.05 0.32
