#Number of options
150

#Assortments data
115 95 124 106 88
0.6 0.13 0.2 0.03 0.04
3 116 47 46 85
0.12 0.65 0.1 0.06 0.08
142 130 74 23 101
0.38 0.24 0.04 0.18 0.16
32 88 56 53 75
0.14 0.02 0.55 0.11 0.18
137 30 15 85 84
0.16 0.12 0.65 0.04 0.03
20 108 122 57 45
0.16 0.13 0.09 0.54 0.09
87 92 13 26 71
0.05 0.43 0.26 0.17 0.1
72 3 63 55 103
0.46 0.13 0.27 0.08 0.06
94 8 149 68 49
0.13 0.13 0.46 0.17 0.1
33 16 101 13 107
0.29 0.04 0.16 0.38 0.13
37 52 137 78 81
0.42 0.29 0.17 0.09 0.03
9 5 60 53 26
0.2 0.26 0.07 0.15 0.33
144 22 35 62 7
0.13 0.28 0.45 0.07 0.07
126 139 34 0 35
0.05 0.14 0.12 0.36 0.33
22 145 87 18 128
0.3 0.28 0.09 0.17 0.16
87 144 112 79 47
0.1 0.16 0.21 0.44 0.08
90 32 0 38 95
0.12 0.19 0.56 0.04 0.1
9 78 74 83 145
0.12 0.07 0.03 0.58 0.19
99 20 36 5 3
0.22 0.17 0.14 0.35 0.12
76 58 109 88 86
0.55 0.05 0.27 0.02 0.12
