#Number of options
150

#Assortments data
76 141 20 107 38
0.05 0.3 0.24 0.23 0.18
32 75 94 52 122
0.16 0.11 0.27 0.11 0.35
83 105 101 107 47
0.08 0.04 0.12 0.38 0.38
1 39 96 44 38
0.38 0.11 0.2 0.08 0.23
21 120 16 2 40
0.04 0.34 0.37 0.19 0.06
75 10 31 47 137
0.28 0.11 0.05 0.47 0.08
60 55 109 120 88
0.11 0.36 0.09 0.23 0.21
2 15 9 122 113
0.13 0.05 0.05 0.44 0.33
101 135 128 63 32
0.11 0.17 0.4 0.03 0.29
33 53 61 114 30
0.03 0.16 0.1 0.5 0.21
13 119 139 128 123
0.06 0.16 0.02 0.15 0.61
0 71 81 138 14
0.19 0.25 0.41 0.03 0.12
129 96 64 94 142
0.15 0.2 0.12 0.44 0.09
59 105 107 0 57
0.18 0.03 0.32 0.24 0.24
26 10 143 113 133
0.22 0.09 0.04 0.53 0.12
43 50 142 7 18
0.13 0.47 0.08 0.27 0.04
88 94 77 119 70
0.2 0.31 0.04 0.27 0.18
36 73 124 118 121
0.17 0.14 0.19 0.39 0.12
96 50 47 123 134
0.08 0.22 0.12 0.55 0.03
99 21 5 117 53
0.43 0.04 0.29 0.07 0.17
