#Number of options
150

#Assortments data
22 54 91 65 134
0.2 0.38 0.08 0.08 0.26
9 21 55 142 54
0.04 0.07 0.04 0.37 0.47
68 5 133 145 79
0.07 0.18 0.34 0.2 0.21
18 27 30 92 94
0.08 0.13 0.17 0.56 0.06
90 112 95 109 5
0.04 0.38 0.21 0.2 0.17
104 81 41 110 128
0.23 0.14 0.09 0.13 0.41
11 148 30 36 98
0.14 0.22 0.28 0.16 0.2
6 51 145 92 72
0.06 0.12 0.13 0.4 0.3
39 85 30 131 66
0.13 0.02 0.15 0.23 0.47
80 21 98 37 60
0.56 0.08 0.15 0.17 0.04
2 58 19 4 1
0.31 0.04 0.06 0.33 0.26
27 105 72 80 134
0.09 0.15 0.29 0.3 0.18
128 132 39 109 21
0.27 0.09 0.24 0.3 0.1
104 134 43 109 54
0.08 0.23 0.17 0.17 0.34
131 100 1 112 77
0.24 0.2 0.2 0.32 0.04
72 77 25 47 124
0.46 0.05 0.34 0.07 0.08
105 101 134 87 131
0.22 0.06 0.27 0.17 0.28
137 3 75 10 58
0.17 0.11 0.46 0.19 0.06
23 41 112 54 72
0.26 0.02 0.22 0.24 0.26
102 14 78 68 110
0.1 0.66 0.09 0.08 0.07
