#Number of options
150

#Assortments data
67 3 30 24 105
0.14 0.08 0.48 0.17 0.13
3 98 66 77 29
0.09 0.29 0.48 0.06 0.08
78 28 149 74 95
0.07 0.05 0.18 0.36 0.35
19 48 45 71 18
0.03 0.54 0.02 0.38 0.02
33 13 71 4 146
0.07 0.12 0.62 0.14 0.05
114 39 145 103 92
0.19 0.19 0.17 0.09 0.35
113 20 37 70 26
0.27 0.16 0.19 0.07 0.31
26 86 100 18 81
0.54 0.21 0.07 0.07 0.12
148 107 26 147 31
0.05 0.53 0.26 0.11 0.05
78 147 145 136 143
0.23 0.26 0.19 0.24 0.09
2 101 4 24 19
0.49 0.1 0.18 0.15 0.07
60 17 39 86 40
0.08 0.56 0.16 0.17 0.03
102 45 56 115 78
0.14 0.07 0.19 0.37 0.23
6 135 3 15 76
0.08 0.72 0.06 0.07 0.07
107 55 60 41 135
0.39 0.09 0.03 0.02 0.46
69 88 33 47 68
0.26 0.24 0.08 0.35 0.07
111 129 45 53 27
0.28 0.12 0.05 0.09 0.46
25 34 119 43 10
0.11 0.27 0.22 0.39 0.01
8 113 76 133 116
0.26 0.26 0.07 0.14 0.27
80 143 42 41 22
0.29 0.07 0.25 0.05 0.34
