#Number of options
150

#Assortments data
20 3 19 0 37
0.16 0.08 0.05 0.38 0.33
109 100 24 28 129
0.42 0.18 0.06 0.05 0.3
23 18 34 103 48
0.34 0.16 0.17 0.04 0.28
133 83 129 55 85
0.14 0.25 0.49 0.05 0.07
10 53 55 120 1
0.21 0.21 0.04 0.34 0.19
60 134 142 132 131
0.08 0.22 0.35 0.18 0.16
65 126 63 141 8
0.24 0.3 0.2 0.1 0.16
146 124 36 143 70
0.25 0.31 0.15 0.2 0.08
83 149 82 123 89
0.31 0.28 0.18 0.17 0.06
10 146 115 79 30
0.3 0.21 0.15 0.14 0.2
14 90 131 16 72
0.46 0.12 0.17 0.16 0.09
45 24 11 98 140
0.08 0.07 0.46 0.2 0.19
55 18 11 61 59
0.05 0.11 0.54 0.25 0.06
16 69 96 15 84
0.17 0.09 0.25 0.38 0.11
87 44 115 36 119
0.19 0.46 0.15 0.13 0.07
125 88 129 93 102
0.16 0.04 0.4 0.16 0.24
57 69 99 120 116
0.17 0.06 0.13 0.29 0.35
61 113 79 30 128
0.3 0.11 0.12 0.17 0.31
135 74 13 72 4
0.08 0.09 0.5 0.14 0.19
16 9 144 1 112
0.17 0.19 0.24 0.23 0.17
