#Number of options
150

#Assortments data
114 123 73 77 124
0.07 0.13 0.45 0.22 0.13
18 121 88 117 125
0.18 0.24 0.03 0.13 0.42
21 144 10 25 106
0.21 0.1 0.25 0.38 0.06
110 103 89 144 29
0.32 0.04 0.07 0.18 0.39
125 58 34 68 36
0.55 0.06 0.25 0.08 0.06
88 56 93 128 139
0.02 0.52 0.15 0.15 0.16
77 89 90 66 12
0.15 0.03 0.13 0.33 0.36
122 46 68 88 49
0.14 0.13 0.31 0.16 0.25
3 63 55 73 9
0.08 0.26 0.06 0.41 0.19
130 5 83 70 95
0.16 0.08 0.69 0.02 0.05
83 55 80 61 116
0.45 0.02 0.17 0.29 0.07
30 82 42 32 29
0.21 0.13 0.3 0.16 0.19
87 134 16 110 68
0.15 0.46 0.06 0.21 0.11
119 35 66 120 56
0.03 0.24 0.15 0.1 0.48
26 135 6 148 72
0.18 0.06 0.13 0.39 0.25
113 124 67 22 56
0.02 0.04 0.37 0.1 0.48
123 121 59 92 4
0.07 0.23 0.05 0.47 0.18
21 120 109 103 93
0.17 0.23 0.28 0.02 0.31
73 135 124 90 15
0.3 0.07 0.09 0.13 0.4
89 20 48 52 69
0.04 0.13 0.19 0.57 0.07
