#Number of options
150

#Assortments data
23 73 20 33 118
0.09 0.14 0.28 0.04 0.46
24 19 98 79 74
0.04 0.4 0.37 0.03 0.15
112 65 52 23 70
0.1 0.07 0.16 0.1 0.57
149 3 2 146 142
0.23 0.45 0.09 0.11 0.12
6 75 131 142 58
0.24 0.17 0.06 0.14 0.39
11 132 22 51 71
0.29 0.22 0.14 0.2 0.16
102 87 110 7 62
0.14 0.12 0.06 0.13 0.55
145 77 137 32 112
0.26 0.16 0.18 0.2 0.2
28 98 136 118 25
0.02 0.35 0.05 0.49 0.09
38 31 35 147 47
0.56 0.09 0.09 0.08 0.18
110 51 54 94 141
0.09 0.26 0.1 0.39 0.16
66 129 67 52 108
0.14 0.16 0.13 0.26 0.3
34 12 57 139 146
0.32 0.25 0.11 0.14 0.18
40 117 133 66 29
0.11 0.3 0.05 0.14 0.4
12 70 37 144 109
0.1 0.43 0.08 0.25 0.14
86 107 135 59 28
0.36 0.16 0.26 0.17 0.05
140 58 97 108 9
0.38 0.26 0.13 0.16 0.08
26 148 93 99 134
0.16 0.12 0.1 0.5 0.12
128 86 24 70 134
0.3 0.14 0.04 0.48 0.05
68 14 94 85 81
0.19 0.1 0.21 0.18 0.33
