#Number of options
150

#Assortments data
90 142 43 123 82
0.02 0.07 0.28 0.35 0.28
120 74 31 112 149
0.18 0.38 0.02 0.2 0.22
64 16 55 20 83
0.11 0.16 0.42 0.26 0.05
108 57 48 8 9
0.21 0.07 0.25 0.45 0.02
92 116 81 145 122
0.06 0.08 0.23 0.03 0.61
133 53 16 74 6
0.08 0.08 0.18 0.61 0.06
21 43 42 127 20
0.04 0.29 0.27 0.14 0.27
27 97 39 45 87
0.28 0.31 0.05 0.06 0.29
113 60 67 126 146
0.7 0.06 0.03 0.15 0.06
140 34 72 118 32
0.21 0.27 0.04 0.23 0.25
69 100 135 112 9
0.68 0.02 0.16 0.11 0.02
79 130 131 81 100
0.05 0.08 0.05 0.71 0.11
59 133 72 118 112
0.36 0.07 0.04 0.22 0.3
99 60 3 121 82
0.4 0.06 0.1 0.14 0.29
144 149 136 52 3
0.17 0.43 0.05 0.21 0.14
88 131 95 146 117
0.66 0.01 0.27 0.03 0.03
117 1 82 106 19
0.09 0.27 0.34 0.18 0.12
43 65 143 36 49
0.29 0.02 0.04 0.34 0.31
136 111 25 97 146
0.04 0.26 0.15 0.5 0.06
70 122 12 98 63
0.22 0.56 0.06 0.14 0.02
