#Number of options
150

#Assortments data
92 149 112 60 26
0.2 0.08 0.26 0.01 0.43
70 127 123 107 51
0.04 0.45 0.08 0.19 0.24
118 30 112 58 21
0.08 0.38 0.44 0.05 0.04
68 2 124 44 131
0.02 0.16 0.05 0.63 0.14
145 54 24 119 105
0.04 0.22 0.35 0.04 0.35
74 9 34 49 14
0.07 0.07 0.29 0.09 0.46
37 128 101 135 20
0.25 0.27 0.11 0.15 0.22
144 76 100 65 94
0.08 0.49 0.24 0.13 0.07
12 141 90 7 37
0.4 0.13 0.11 0.13 0.23
147 28 75 122 144
0.28 0.45 0.22 0.02 0.02
81 16 41 133 52
0.02 0.02 0.05 0.78 0.13
73 39 134 25 128
0.32 0.13 0.12 0.3 0.13
19 55 129 66 26
0.01 0.02 0.08 0.51 0.38
76 124 133 56 128
0.14 0.03 0.58 0.16 0.09
113 75 141 12 9
0.09 0.48 0.09 0.29 0.06
124 38 9 142 37
0.12 0.07 0.1 0.4 0.31
140 61 40 53 44
0.08 0.37 0.03 0.03 0.49
78 6 73 31 51
0.05 0.15 0.49 0.16 0.15
76 97 30 34 112
0.21 0.09 0.25 0.15 0.29
19 55 142 64 94
0.03 0.04 0.26 0.62 0.05
