#Number of options
150

#Assortments data
113 70 12 129 49
0.09 0.03 0.36 0.36 0.16
146 61 38 9 15
0.12 0.39 0.04 0.07 0.38
126 146 65 114 120
0.16 0.25 0.16 0.09 0.35
81 124 44 107 65
0.05 0.12 0.43 0.3 0.11
100 46 24 32 21
0.16 0.05 0.64 0.08 0.07
48 116 43 7 109
0.1 0.36 0.16 0.2 0.18
73 18 23 115 41
0.19 0.02 0.1 0.67 0.02
8 25 122 119 13
0.08 0.3 0.09 0.2 0.33
42 23 86 135 94
0.24 0.34 0.17 0.17 0.08
120 114 98 112 9
0.23 0.06 0.06 0.55 0.1
61 16 118 11 96
0.4 0.06 0.05 0.12 0.37
122 30 75 51 104
0.05 0.32 0.33 0.22 0.07
140 116 138 28 50
0.07 0.18 0.05 0.66 0.03
28 94 110 64 103
0.65 0.03 0.07 0.24 0.01
56 57 102 133 18
0.18 0.12 0.07 0.6 0.02
110 87 95 7 53
0.18 0.22 0.25 0.25 0.1
127 40 115 146 16
0.14 0.03 0.73 0.07 0.03
145 30 11 6 115
0.06 0.14 0.06 0.04 0.7
79 72 10 105 24
0.05 0.34 0.03 0.32 0.26
111 132 7 66 82
0.05 0.1 0.19 0.61 0.05
