#Number of options
150

#Assortments data
17 111 55 61 19
0.11 0.17 0.14 0.51 0.07
5 121 99 117 26
0.11 0.46 0.14 0.06 0.23
108 80 12 74 119
0.12 0.32 0.33 0.07 0.17
9 106 0 3 50
0.07 0.05 0.48 0.07 0.33
123 28 87 59 58
0.13 0.11 0.46 0.2 0.1
30 61 77 45 139
0.21 0.37 0.07 0.1 0.25
86 22 149 126 38
0.26 0.35 0.17 0.14 0.09
137 91 86 65 97
0.09 0.16 0.37 0.08 0.29
129 67 3 54 29
0.29 0.26 0.1 0.24 0.11
23 60 49 56 123
0.67 0.05 0.07 0.14 0.07
82 68 49 71 135
0.26 0.11 0.12 0.35 0.16
12 86 96 0 124
0.24 0.14 0.28 0.21 0.11
31 36 95 108 49
0.16 0.1 0.42 0.19 0.12
53 95 71 50 123
0.14 0.29 0.26 0.22 0.09
89 6 115 55 18
0.24 0.21 0.28 0.19 0.08
74 143 131 3 90
0.19 0.22 0.35 0.12 0.12
107 19 28 0 102
0.24 0.08 0.1 0.47 0.12
120 101 127 109 58
0.49 0.12 0.15 0.17 0.07
63 125 97 70 127
0.08 0.45 0.23 0.06 0.18
110 29 137 48 146
0.08 0.12 0.12 0.54 0.13
