#Number of options
150

#Assortments data
5 87 20 118 132
0.22 0.05 0.21 0.16 0.36
136 30 60 1 124
0.08 0.09 0.42 0.08 0.33
11 41 79 107 122
0.52 0.2 0.11 0.04 0.12
104 126 118 26 109
0.09 0.34 0.27 0.06 0.24
16 7 138 70 5
0.29 0.08 0.09 0.12 0.43
145 5 106 38 99
0.14 0.41 0.13 0.16 0.16
19 4 112 92 69
0.54 0.11 0.08 0.15 0.13
135 112 54 117 111
0.06 0.07 0.08 0.23 0.56
110 60 21 22 94
0.16 0.42 0.1 0.21 0.11
74 34 38 28 60
0.05 0.18 0.22 0.06 0.49
77 108 13 101 40
0.17 0.22 0.2 0.27 0.14
110 141 19 87 96
0.19 0.08 0.49 0.13 0.11
69 59 145 74 112
0.24 0.1 0.41 0.11 0.15
132 3 36 111 73
0.41 0.15 0.1 0.25 0.08
110 87 68 9 96
0.18 0.13 0.35 0.23 0.11
55 22 48 26 120
0.26 0.26 0.17 0.1 0.21
96 90 145 11 127
0.09 0.07 0.16 0.51 0.18
53 142 126 72 95
0.26 0.18 0.35 0.06 0.16
57 117 7 116 91
0.1 0.26 0.11 0.19 0.34
55 66 0 118 42
0.21 0.09 0.23 0.34 0.14
