#Number of options
150

#Assortments data
108 11 102 142 7
0.04 0.37 0.34 0.2 0.05
9 32 118 2 35
0.29 0.17 0.27 0.17 0.11
108 109 67 33 112
0.1 0.34 0.2 0.29 0.07
25 85 27 106 64
0.21 0.3 0.14 0.14 0.21
5 52 36 42 51
0.32 0.11 0.18 0.17 0.22
86 27 145 11 4
0.27 0.06 0.17 0.45 0.05
9 27 49 96 103
0.32 0.16 0.06 0.19 0.26
34 55 0 64 82
0.25 0.14 0.21 0.19 0.2
135 89 12 149 146
0.05 0.07 0.2 0.37 0.31
32 92 79 137 95
0.1 0.17 0.18 0.49 0.06
42 67 75 47 39
0.2 0.15 0.09 0.02 0.53
23 86 122 3 45
0.06 0.3 0.03 0.32 0.3
116 111 9 80 1
0.27 0.2 0.3 0.1 0.14
8 93 108 11 16
0.05 0.09 0.07 0.67 0.12
128 42 60 119 98
0.16 0.14 0.35 0.05 0.29
14 106 60 121 46
0.14 0.09 0.47 0.22 0.08
8 21 127 107 2
0.07 0.29 0.45 0.05 0.14
46 19 112 63 45
0.08 0.17 0.05 0.29 0.41
106 1 11 54 76
0.08 0.08 0.63 0.06 0.15
128 94 18 2 27
0.34 0.1 0.24 0.17 0.15
