#Number of options
150

#Assortments data
30 74 82 106 41
0.07 0.03 0.08 0.13 0.7
39 113 58 7 98
0.49 0.09 0.21 0.05 0.17
103 109 6 106 4
0.06 0.23 0.57 0.07 0.06
102 34 53 137 88
0.55 0.04 0.17 0.23 0.01
123 47 143 85 35
0.12 0.03 0.58 0.14 0.12
100 46 80 101 85
0.36 0.02 0.06 0.49 0.08
107 105 125 67 87
0.08 0.05 0.18 0.6 0.09
3 60 39 128 70
0.13 0.25 0.3 0.29 0.03
144 17 94 31 131
0.29 0.07 0.04 0.26 0.34
15 92 30 42 138
0.21 0.19 0.04 0.22 0.35
48 78 76 74 136
0.12 0.18 0.41 0.03 0.26
126 79 110 124 100
0.19 0.26 0.12 0.11 0.32
94 8 55 45 66
0.07 0.05 0.12 0.56 0.2
35 25 118 82 80
0.22 0.25 0.21 0.13 0.19
111 63 80 60 89
0.08 0.39 0.1 0.4 0.03
65 93 3 32 82
0.34 0.17 0.28 0.12 0.09
49 137 138 120 125
0.02 0.42 0.38 0.1 0.08
100 27 95 84 17
0.59 0.14 0.11 0.1 0.06
29 138 80 68 82
0.29 0.39 0.08 0.19 0.05
122 16 12 93 124
0.07 0.26 0.23 0.17 0.28
