#Number of options
150

#Assortments data
76 136 35 27 127
0.2 0.19 0.11 0.09 0.39
141 123 132 133 61
0.05 0.14 0.35 0.17 0.29
43 139 92 143 6
0.03 0.03 0.15 0.46 0.32
96 55 0 130 7
0.22 0.05 0.59 0.09 0.04
148 11 0 79 143
0.19 0.1 0.13 0.3 0.28
65 144 50 109 141
0.56 0.12 0.03 0.27 0.01
57 82 22 40 0
0.05 0.06 0.12 0.53 0.25
19 94 79 76 38
0.05 0.02 0.66 0.21 0.06
144 36 52 85 106
0.34 0.13 0.34 0.12 0.07
39 38 72 99 25
0.65 0.1 0.05 0.09 0.11
81 115 132 96 13
0.08 0.13 0.21 0.2 0.38
78 123 23 115 128
0.19 0.12 0.19 0.18 0.31
144 87 149 136 65
0.13 0.04 0.08 0.14 0.6
143 97 132 62 64
0.62 0.04 0.11 0.09 0.14
87 109 27 110 36
0.05 0.33 0.08 0.48 0.06
54 88 14 50 128
0.2 0.04 0.38 0.11 0.27
5 59 125 55 49
0.53 0.07 0.29 0.06 0.05
47 122 89 141 57
0.13 0.22 0.19 0.12 0.35
77 19 109 112 121
0.51 0.04 0.33 0.06 0.06
65 33 145 82 85
0.55 0.17 0.2 0.04 0.04
