#Number of options
150

#Assortments data
58 131 35 132 101
0.02 0.17 0.72 0.05 0.04
113 68 134 12 149
0.06 0.06 0.46 0.27 0.15
48 106 75 117 122
0.11 0.02 0.68 0.12 0.07
72 85 29 7 118
0.74 0.02 0.05 0.12 0.07
46 124 83 21 123
0.1 0.12 0.54 0.15 0.1
24 56 131 86 141
0.5 0.2 0.19 0.09 0.02
31 26 94 42 92
0.1 0.27 0.05 0.25 0.32
27 11 145 84 74
0.34 0.18 0.31 0.05 0.11
114 121 22 86 4
0.02 0.11 0.13 0.09 0.65
139 18 38 0 57
0.46 0.06 0.04 0.14 0.3
92 40 72 30 13
0.22 0.03 0.51 0.12 0.11
131 26 121 105 42
0.19 0.25 0.11 0.23 0.22
72 16 127 137 19
0.66 0.04 0.21 0.06 0.03
29 148 44 16 23
0.06 0.2 0.49 0.05 0.2
46 131 105 126 102
0.06 0.35 0.44 0.06 0.1
136 58 40 55 112
0.67 0.03 0.07 0.04 0.2
29 94 51 96 136
0.05 0.06 0.11 0.3 0.49
75 116 72 147 42
0.22 0.11 0.39 0.16 0.13
104 39 66 16 68
0.16 0.17 0.53 0.07 0.07
112 13 5 59 113
0.28 0.33 0.13 0.18 0.08
