#Number of options
150

#Assortments data
84 14 4 108 99
0.19 0.25 0.28 0.05 0.24
8 69 93 135 125
0.08 0.09 0.33 0.04 0.47
10 28 1 65 112
0.48 0.05 0.03 0.38 0.06
17 66 148 127 38
0.02 0.12 0.4 0.37 0.1
67 19 43 16 148
0.26 0.06 0.06 0.12 0.51
138 64 18 97 81
0.32 0.07 0.57 0.02 0.02
9 81 18 125 82
0.43 0.01 0.45 0.09 0.02
143 112 58 56 89
0.59 0.05 0.13 0.21 0.02
65 25 32 12 114
0.62 0.08 0.04 0.2 0.05
94 125 149 54 36
0.04 0.26 0.31 0.31 0.08
62 134 6 145 50
0.08 0.34 0.25 0.28 0.05
147 5 110 102 80
0.06 0.08 0.5 0.33 0.03
104 119 10 125 57
0.03 0.02 0.66 0.17 0.12
76 16 51 0 102
0.21 0.06 0.15 0.14 0.45
128 7 16 101 29
0.12 0.05 0.11 0.48 0.24
75 1 9 14 44
0.07 0.04 0.72 0.09 0.08
0 95 114 53 147
0.31 0.1 0.06 0.34 0.17
52 90 96 131 134
0.05 0.48 0.02 0.28 0.16
141 91 126 50 92
0.04 0.06 0.25 0.11 0.55
114 23 101 69 107
0.07 0.12 0.7 0.05 0.06
