#Number of options
150

#Assortments data
77 133 88 74 103
0.12 0.07 0.19 0.19 0.43
66 89 88 45 38
0.07 0.08 0.15 0.21 0.5
61 141 102 105 55
0.1 0.21 0.14 0.03 0.51
16 14 27 11 144
0.58 0.04 0.05 0.12 0.21
38 120 67 114 6
0.32 0.16 0.06 0.28 0.18
91 83 32 30 145
0.59 0.05 0.09 0.12 0.16
85 2 3 39 35
0.43 0.09 0.22 0.2 0.06
18 53 1 22 19
0.06 0.14 0.06 0.11 0.63
120 41 133 19 62
0.13 0.08 0.03 0.46 0.3
64 17 38 126 39
0.05 0.28 0.33 0.2 0.14
7 63 129 67 45
0.26 0.11 0.2 0.14 0.29
45 14 73 129 126
0.23 0.13 0.14 0.16 0.35
115 59 23 40 92
0.08 0.13 0.45 0.12 0.22
46 77 93 120 73
0.27 0.13 0.1 0.33 0.17
18 137 123 129 67
0.08 0.2 0.5 0.13 0.09
104 12 135 53 97
0.24 0.16 0.18 0.26 0.14
126 25 90 82 138
0.27 0.09 0.07 0.48 0.09
56 3 37 54 12
0.09 0.39 0.22 0.09 0.22
125 64 26 85 3
0.15 0.08 0.1 0.45 0.23
100 130 122 116 73
0.16 0.05 0.39 0.18 0.22
