#Number of options
150

#Assortments data
64 96 122 109 59
0.05 0.12 0.65 0.04 0.14
47 52 16 9 1
0.54 0.09 0.15 0.02 0.21
76 9 41 62 68
0.06 0.05 0.07 0.61 0.2
117 102 13 65 24
0.28 0.17 0.29 0.15 0.1
9 47 134 31 88
0.02 0.46 0.03 0.02 0.48
110 73 137 43 28
0.05 0.44 0.12 0.32 0.07
69 125 116 32 86
0.59 0.05 0.05 0.26 0.05
36 103 82 69 35
0.17 0.04 0.19 0.57 0.04
39 54 127 136 37
0.28 0.11 0.15 0.12 0.34
58 25 10 100 49
0.14 0.32 0.03 0.07 0.44
52 84 118 22 98
0.08 0.37 0.31 0.1 0.14
79 95 115 54 8
0.03 0.35 0.03 0.02 0.57
101 6 73 76 12
0.08 0.12 0.54 0.04 0.22
3 4 127 7 129
0.11 0.1 0.06 0.62 0.11
61 106 96 81 70
0.05 0.13 0.18 0.41 0.23
135 133 90 112 30
0.54 0.06 0.01 0.14 0.25
16 59 74 26 72
0.13 0.17 0.56 0.11 0.04
80 13 2 87 65
0.2 0.1 0.28 0.37 0.05
0 79 11 97 55
0.12 0.04 0.16 0.35 0.33
87 143 24 86 66
0.52 0.05 0.05 0.17 0.21
