#Number of options
150

#Assortments data
37 99 89 109 46
0.25 0.07 0.04 0.59 0.05
97 29 101 87 19
0.01 0.4 0.47 0.03 0.09
99 147 73 105 122
0.13 0.51 0.16 0.11 0.09
115 11 92 145 24
0.06 0.17 0.16 0.57 0.04
133 134 63 82 13
0.06 0.29 0.35 0.05 0.25
148 53 139 149 64
0.24 0.42 0.06 0.11 0.16
73 3 112 142 17
0.11 0.49 0.06 0.29 0.05
138 104 13 111 34
0.48 0.03 0.35 0.07 0.07
34 83 120 61 91
0.08 0.36 0.26 0.2 0.09
31 37 65 119 144
0.3 0.19 0.3 0.06 0.16
60 88 116 117 126
0.17 0.02 0.06 0.43 0.32
138 70 9 54 20
0.22 0.04 0.59 0.07 0.09
118 148 99 38 53
0.06 0.26 0.05 0.17 0.45
134 73 21 119 141
0.29 0.05 0.61 0.04 0.02
118 78 123 81 75
0.22 0.25 0.15 0.19 0.19
101 16 134 0 114
0.5 0.04 0.23 0.19 0.04
97 76 64 45 0
0.02 0.24 0.17 0.27 0.29
89 109 83 148 78
0.02 0.39 0.26 0.26 0.07
87 14 81 123 130
0.18 0.3 0.22 0.17 0.13
48 80 125 109 142
0.05 0.07 0.1 0.56 0.23
