#Number of options
150

#Assortments data
23 134 6 100 132
0.42 0.09 0.21 0.18 0.1
115 0 95 11 94
0.18 0.36 0.22 0.18 0.06
33 107 96 112 16
0.13 0.1 0.33 0.38 0.06
38 83 67 126 33
0.06 0.43 0.24 0.08 0.19
66 8 79 55 58
0.52 0.14 0.17 0.08 0.09
66 140 0 81 5
0.3 0.19 0.35 0.05 0.11
131 16 31 38 130
0.3 0.18 0.15 0.13 0.24
148 1 149 13 42
0.13 0.2 0.17 0.18 0.32
91 58 46 115 30
0.1 0.08 0.18 0.26 0.38
75 89 72 62 61
0.36 0.1 0.16 0.06 0.32
148 4 8 106 138
0.26 0.3 0.18 0.04 0.21
136 112 42 36 113
0.12 0.42 0.33 0.06 0.08
34 37 103 84 78
0.39 0.25 0.04 0.16 0.17
32 124 57 135 11
0.2 0.09 0.36 0.13 0.22
129 17 15 73 62
0.17 0.07 0.17 0.51 0.08
96 123 25 17 5
0.36 0.09 0.37 0.06 0.12
28 18 21 114 65
0.27 0.16 0.15 0.26 0.16
91 100 90 24 104
0.13 0.25 0.05 0.37 0.2
63 100 111 85 8
0.09 0.4 0.19 0.09 0.23
134 77 125 59 145
0.08 0.07 0.64 0.09 0.1
