#Number of options
150

#Assortments data
7 63 142 71 100
0.42 0.07 0.2 0.24 0.07
76 140 86 69 59
0.04 0.21 0.16 0.47 0.12
133 65 37 125 118
0.04 0.04 0.18 0.11 0.63
45 112 93 79 40
0.51 0.19 0.14 0.09 0.07
95 93 113 84 82
0.07 0.04 0.19 0.47 0.24
136 114 57 69 18
0.03 0.43 0.12 0.38 0.04
33 64 43 21 78
0.07 0.07 0.14 0.13 0.59
107 77 25 105 86
0.23 0.14 0.22 0.08 0.33
94 87 115 138 6
0.42 0.18 0.06 0.09 0.25
26 71 144 77 11
0.18 0.2 0.33 0.09 0.21
129 79 144 105 12
0.2 0.11 0.4 0.06 0.23
119 24 89 87 88
0.23 0.06 0.22 0.13 0.36
50 46 27 112 122
0.3 0.18 0.09 0.09 0.33
112 8 16 121 98
0.07 0.17 0.53 0.1 0.12
110 95 58 10 94
0.08 0.2 0.24 0.08 0.4
55 46 94 96 97
0.44 0.19 0.22 0.06 0.08
51 83 36 25 86
0.21 0.08 0.48 0.09 0.13
30 124 36 72 20
0.06 0.35 0.36 0.03 0.2
17 10 78 24 116
0.39 0.05 0.39 0.05 0.12
144 28 60 122 68
0.16 0.02 0.18 0.34 0.29
