#Number of options
150

#Assortments data
33 68 80 98 62
0.04 0.27 0.05 0.25 0.39
39 126 56 31 147
0.22 0.52 0.04 0.13 0.09
22 65 86 2 97
0.31 0.18 0.32 0.09 0.1
2 77 96 130 18
0.08 0.44 0.23 0.03 0.21
142 127 90 139 74
0.21 0.49 0.21 0.05 0.05
81 94 26 49 4
0.39 0.24 0.18 0.06 0.12
76 145 63 72 74
0.21 0.54 0.16 0.04 0.05
36 33 125 91 46
0.26 0.09 0.23 0.27 0.15
68 120 82 111 79
0.41 0.11 0.11 0.29 0.08
32 11 97 134 60
0.06 0.2 0.05 0.12 0.57
149 66 76 85 15
0.39 0.06 0.16 0.21 0.18
45 149 72 42 128
0.34 0.2 0.01 0.16 0.28
73 20 58 61 139
0.09 0.31 0.49 0.08 0.03
1 135 129 66 137
0.06 0.04 0.45 0.07 0.38
5 125 144 14 33
0.25 0.15 0.43 0.12 0.06
46 103 4 136 114
0.14 0.37 0.07 0.09 0.33
80 123 15 29 33
0.09 0.14 0.17 0.53 0.07
113 138 116 128 112
0.11 0.2 0.19 0.46 0.05
86 44 17 126 73
0.18 0.07 0.08 0.57 0.1
67 106 143 41 66
0.1 0.34 0.24 0.24 0.08
