#Number of options
150

#Assortments data
15 121 84 71 47
0.54 0.2 0.19 0.05 0.02
76 120 58 7 64
0.36 0.11 0.23 0.06 0.24
26 114 137 100 24
0.07 0.04 0.56 0.27 0.05
63 51 137 102 139
0.23 0.11 0.41 0.23 0.03
113 100 47 137 42
0.04 0.28 0.01 0.59 0.08
81 13 101 28 40
0.01 0.13 0.4 0.01 0.44
50 32 84 133 119
0.26 0.2 0.34 0.13 0.08
79 147 1 132 84
0.4 0.11 0.04 0.31 0.14
118 79 133 130 82
0.15 0.54 0.07 0.11 0.13
135 1 138 77 103
0.01 0.02 0.22 0.72 0.03
143 72 120 43 62
0.54 0.08 0.12 0.05 0.21
116 29 83 21 11
0.05 0.28 0.12 0.44 0.1
94 11 27 44 86
0.04 0.23 0.1 0.13 0.5
37 103 32 62 149
0.42 0.09 0.09 0.19 0.21
42 43 116 133 136
0.27 0.07 0.21 0.09 0.35
3 13 138 44 74
0.24 0.28 0.38 0.09 0.02
6 67 82 101 60
0.19 0.11 0.04 0.52 0.14
132 54 20 37 42
0.26 0.09 0.21 0.31 0.12
94 12 34 0 14
0.05 0.21 0.08 0.37 0.29
138 143 120 89 133
0.47 0.37 0.09 0.02 0.05
