#Number of options
150

#Assortments data
94 144 95 122 12
0.24 0.23 0.14 0.31 0.08
48 135 45 121 115
0.23 0.09 0.29 0.35 0.04
47 67 124 42 101
0.12 0.03 0.57 0.16 0.13
83 74 60 85 93
0.07 0.17 0.24 0.46 0.05
143 67 33 27 119
0.05 0.07 0.06 0.37 0.46
57 102 128 66 93
0.19 0.25 0.31 0.13 0.13
49 96 123 15 82
0.08 0.07 0.37 0.04 0.44
88 85 139 109 111
0.2 0.41 0.02 0.07 0.29
57 23 122 2 80
0.15 0.12 0.56 0.1 0.07
123 12 82 66 112
0.38 0.06 0.44 0.04 0.08
17 117 9 45 2
0.39 0.12 0.07 0.32 0.09
146 93 79 124 52
0.12 0.07 0.04 0.68 0.08
6 45 143 101 31
0.19 0.43 0.05 0.25 0.1
2 76 83 24 148
0.27 0.1 0.37 0.09 0.16
84 61 146 32 68
0.55 0.04 0.09 0.09 0.23
144 68 4 27 131
0.32 0.33 0.06 0.22 0.07
137 53 69 140 18
0.12 0.17 0.4 0.25 0.06
113 42 131 114 95
0.37 0.11 0.04 0.39 0.1
84 5 131 86 125
0.6 0.17 0.05 0.12 0.05
96 5 139 58 16
0.1 0.16 0.03 0.29 0.42
