#Number of options
150

#Assortments data
14 131 43 98 115
0.16 0.03 0.59 0.14 0.08
48 73 6 10 14
0.46 0.26 0.06 0.04 0.19
32 77 82 84 29
0.74 0.01 0.15 0.06 0.04
63 132 133 117 52
0.08 0.16 0.29 0.07 0.41
96 111 27 141 147
0.26 0.07 0.44 0.16 0.06
133 8 83 15 71
0.13 0.24 0.12 0.06 0.45
38 16 23 55 68
0.07 0.13 0.42 0.3 0.07
57 110 114 96 72
0.22 0.03 0.21 0.44 0.09
16 113 133 13 73
0.1 0.36 0.12 0.06 0.36
81 79 56 131 7
0.07 0.05 0.08 0.04 0.75
23 94 81 121 15
0.36 0.24 0.08 0.27 0.06
11 122 108 30 15
0.1 0.17 0.37 0.3 0.05
88 29 17 127 67
0.43 0.06 0.34 0.09 0.08
53 5 27 72 95
0.06 0.08 0.45 0.05 0.36
144 139 119 48 113
0.1 0.15 0.15 0.38 0.21
54 133 61 32 131
0.08 0.09 0.1 0.7 0.03
146 102 8 112 105
0.07 0.04 0.3 0.44 0.15
82 117 132 43 11
0.14 0.02 0.05 0.71 0.08
74 0 81 40 32
0.22 0.11 0.05 0.01 0.61
126 99 66 135 111
0.06 0.25 0.15 0.42 0.13
