#Number of options
150

#Assortments data
82 87 12 133 63
0.08 0.3 0.24 0.35 0.04
2 67 76 83 19
0.34 0.13 0.15 0.32 0.06
52 16 105 41 15
0.45 0.05 0.35 0.03 0.12
106 101 145 46 5
0.1 0.19 0.16 0.35 0.2
134 19 3 54 22
0.15 0.07 0.08 0.3 0.41
82 132 137 22 61
0.09 0.04 0.09 0.26 0.52
109 8 103 138 50
0.41 0.15 0.04 0.18 0.22
78 99 143 111 8
0.18 0.4 0.12 0.17 0.13
25 131 37 96 28
0.19 0.06 0.15 0.4 0.19
132 97 88 90 94
0.1 0.56 0.15 0.04 0.15
117 98 61 22 128
0.03 0.07 0.49 0.24 0.18
146 60 99 8 46
0.12 0.06 0.43 0.14 0.24
33 78 118 18 141
0.27 0.18 0.24 0.07 0.23
11 76 2 84 60
0.14 0.22 0.52 0.07 0.05
29 148 1 94 111
0.1 0.09 0.55 0.12 0.14
128 60 17 71 11
0.29 0.04 0.18 0.4 0.1
139 116 135 101 137
0.57 0.23 0.1 0.04 0.07
10 23 25 110 62
0.07 0.51 0.31 0.05 0.06
25 53 72 120 38
0.26 0.05 0.35 0.31 0.03
116 80 40 22 88
0.22 0.52 0.03 0.18 0.05
