#Number of options
150

#Assortments data
76 75 147 96 93
0.04 0.21 0.14 0.39 0.21
77 3 126 42 40
0.07 0.16 0.2 0.51 0.07
135 22 32 149 2
0.24 0.09 0.39 0.11 0.18
46 42 19 134 64
0.49 0.26 0.12 0.03 0.09
30 87 97 131 101
0.35 0.3 0.29 0.03 0.03
36 9 85 8 93
0.25 0.02 0.14 0.5 0.1
96 25 115 24 64
0.32 0.4 0.09 0.06 0.12
96 28 83 1 9
0.25 0.05 0.05 0.63 0.02
145 147 63 110 37
0.12 0.28 0.05 0.11 0.45
22 127 87 116 64
0.14 0.09 0.38 0.29 0.1
35 140 19 92 119
0.07 0.13 0.11 0.07 0.61
61 80 50 92 51
0.06 0.16 0.61 0.07 0.1
132 42 11 84 23
0.09 0.34 0.17 0.16 0.24
22 27 29 113 98
0.11 0.47 0.03 0.23 0.16
93 9 65 90 117
0.53 0.08 0.1 0.09 0.21
99 144 38 82 101
0.48 0.07 0.05 0.36 0.03
107 125 138 95 27
0.21 0.12 0.03 0.31 0.33
2 60 0 121 112
0.26 0.04 0.09 0.35 0.26
81 8 27 61 31
0.08 0.43 0.41 0.05 0.04
81 98 133 126 39
0.18 0.33 0.23 0.17 0.1
