#Number of options
150

#Assortments data
136 119 45 141 21
0.07 0.3 0.14 0.46 0.03
122 27 40 56 24
0.43 0.38 0.08 0.06 0.06
76 140 132 82 33
0.04 0.19 0.17 0.55 0.04
45 148 88 140 67
0.16 0.05 0.41 0.33 0.04
106 86 129 131 70
0.17 0.14 0.14 0.06 0.49
48 16 103 55 5
0.29 0.19 0.08 0.31 0.13
149 7 21 24 20
0.38 0.27 0.03 0.03 0.28
31 89 108 60 74
0.04 0.2 0.36 0.09 0.31
89 49 123 148 63
0.11 0.07 0.76 0.03 0.03
97 82 74 23 112
0.13 0.53 0.16 0.11 0.08
121 72 96 40 29
0.57 0.07 0.19 0.07 0.09
30 136 5 53 81
0.19 0.09 0.18 0.16 0.39
141 50 59 145 78
0.31 0.36 0.09 0.05 0.18
137 56 105 65 17
0.09 0.03 0.03 0.06 0.79
39 103 146 71 113
0.06 0.09 0.05 0.19 0.61
125 63 56 62 4
0.12 0.06 0.04 0.63 0.14
85 130 43 128 141
0.17 0.04 0.18 0.2 0.41
149 136 51 22 121
0.26 0.06 0.2 0.2 0.28
18 34 141 132 145
0.05 0.22 0.42 0.23 0.07
25 69 51 33 8
0.2 0.23 0.22 0.05 0.31
