#Number of options
150

#Assortments data
37 36 89 138 77
0.27 0.06 0.02 0.43 0.23
107 41 93 50 135
0.04 0.68 0.15 0.08 0.05
137 133 109 84 15
0.25 0.07 0.29 0.05 0.33
79 25 146 15 125
0.59 0.03 0.16 0.13 0.08
141 54 37 42 102
0.04 0.15 0.42 0.13 0.26
23 90 80 132 9
0.07 0.44 0.2 0.09 0.2
141 70 93 86 50
0.07 0.06 0.29 0.43 0.14
141 65 45 128 96
0.03 0.66 0.13 0.11 0.07
41 17 56 102 36
0.5 0.02 0.23 0.19 0.06
101 67 121 50 11
0.31 0.45 0.09 0.04 0.1
77 42 7 83 125
0.3 0.11 0.05 0.33 0.21
47 94 12 14 60
0.05 0.08 0.3 0.41 0.16
120 49 23 10 113
0.2 0.02 0.07 0.66 0.05
16 15 71 93 66
0.09 0.51 0.04 0.19 0.18
100 85 41 88 63
0.23 0.01 0.31 0.02 0.43
52 106 132 63 9
0.21 0.04 0.07 0.53 0.14
141 142 95 101 32
0.03 0.47 0.05 0.42 0.03
93 98 146 17 51
0.15 0.09 0.5 0.03 0.24
38 68 28 6 81
0.09 0.14 0.18 0.5 0.1
75 93 48 145 120
0.08 0.15 0.07 0.44 0.26
