#Number of options
150

#Assortments data
98 85 4 146 82
0.08 0.02 0.74 0.09 0.06
87 97 90 76 22
0.23 0.11 0.04 0.37 0.26
11 21 16 0 70
0.34 0.11 0.13 0.36 0.05
62 36 3 86 46
0.21 0.16 0.12 0.32 0.19
135 122 2 50 104
0.15 0.09 0.38 0.2 0.17
137 52 131 23 40
0.11 0.29 0.24 0.33 0.04
32 2 144 123 109
0.19 0.35 0.18 0.07 0.2
4 111 79 113 136
0.6 0.02 0.06 0.03 0.3
108 123 19 95 27
0.16 0.07 0.07 0.31 0.38
96 118 20 24 88
0.15 0.03 0.08 0.7 0.03
61 12 33 93 92
0.23 0.25 0.08 0.35 0.09
120 0 46 101 43
0.34 0.22 0.09 0.08 0.27
74 12 51 33 49
0.07 0.54 0.15 0.16 0.08
10 23 145 135 55
0.16 0.52 0.11 0.13 0.08
22 147 94 107 126
0.33 0.37 0.05 0.17 0.08
35 84 103 90 77
0.88 0.02 0.01 0.03 0.06
135 52 11 126 127
0.1 0.36 0.21 0.07 0.27
106 84 1 31 8
0.03 0.07 0.5 0.32 0.08
51 75 72 62 111
0.11 0.34 0.48 0.06 0.02
55 131 148 37 49
0.07 0.32 0.18 0.32 0.11
