#Number of options
150

#Assortments data
69 141 103 38 131
0.08 0.06 0.29 0.48 0.1
112 0 59 137 9
0.09 0.21 0.07 0.36 0.26
63 119 10 66 52
0.31 0.08 0.31 0.12 0.18
67 65 122 109 97
0.24 0.21 0.09 0.4 0.06
135 126 130 118 33
0.05 0.59 0.03 0.26 0.07
144 58 41 23 82
0.15 0.59 0.09 0.06 0.11
19 3 136 145 115
0.31 0.55 0.02 0.11 0.01
135 102 148 108 65
0.07 0.4 0.2 0.1 0.21
46 86 78 140 139
0.12 0.28 0.25 0.28 0.07
94 64 145 4 37
0.14 0.16 0.37 0.07 0.26
59 12 20 91 72
0.09 0.1 0.46 0.31 0.05
24 90 13 113 45
0.03 0.1 0.08 0.07 0.72
15 63 131 73 121
0.15 0.31 0.14 0.1 0.29
145 137 128 101 84
0.17 0.22 0.18 0.17 0.27
31 99 119 14 40
0.22 0.31 0.08 0.12 0.26
6 9 52 147 107
0.46 0.25 0.13 0.11 0.05
92 1 10 117 57
0.13 0.08 0.23 0.52 0.05
73 71 139 57 97
0.21 0.31 0.21 0.15 0.13
130 132 101 24 137
0.03 0.36 0.25 0.05 0.32
145 100 130 88 0
0.39 0.16 0.04 0.11 0.3
