#Number of options
150

#Assortments data
54 27 133 70 103
0.53 0.15 0.15 0.08 0.09
101 49 44 24 19
0.38 0.05 0.33 0.18 0.06
100 128 110 136 121
0.34 0.2 0.12 0.23 0.1
105 45 117 149 16
0.09 0.19 0.44 0.18 0.09
126 13 8 43 31
0.08 0.44 0.01 0.05 0.42
6 87 112 54 98
0.26 0.1 0.1 0.35 0.19
61 6 43 88 40
0.24 0.32 0.12 0.03 0.29
117 85 141 79 98
0.34 0.03 0.03 0.46 0.14
98 114 80 56 11
0.2 0.09 0.18 0.27 0.26
74 37 44 11 122
0.04 0.37 0.32 0.23 0.04
146 87 72 63 115
0.29 0.11 0.09 0.4 0.11
148 76 126 132 78
0.32 0.39 0.12 0.1 0.06
22 16 86 51 128
0.16 0.07 0.24 0.22 0.31
102 34 101 88 85
0.44 0.12 0.38 0.03 0.04
103 109 123 50 110
0.07 0.39 0.08 0.11 0.34
80 135 60 113 147
0.2 0.07 0.21 0.05 0.47
16 148 42 54 72
0.08 0.37 0.16 0.31 0.07
37 130 73 11 99
0.44 0.1 0.09 0.28 0.08
90 63 122 136 4
0.26 0.26 0.03 0.36 0.1
9 76 131 137 128
0.15 0.22 0.23 0.22 0.19
