#Number of options
150

#Assortments data
50 76 85 110 26
0.67 0.03 0.06 0.03 0.2
44 43 37 35 140
0.11 0.56 0.11 0.09 0.13
33 38 144 102 54
0.08 0.29 0.23 0.11 0.28
93 33 133 86 30
0.27 0.03 0.13 0.07 0.5
34 51 71 111 84
0.16 0.17 0.45 0.12 0.09
34 70 24 147 88
0.14 0.13 0.05 0.04 0.64
145 130 27 148 103
0.09 0.1 0.59 0.07 0.15
147 126 98 108 61
0.05 0.05 0.15 0.66 0.1
63 107 135 133 20
0.01 0.29 0.51 0.06 0.12
39 18 135 46 30
0.03 0.01 0.48 0.29 0.19
40 102 87 118 131
0.03 0.07 0.6 0.23 0.08
105 116 73 91 18
0.07 0.23 0.37 0.31 0.02
149 3 105 44 6
0.5 0.08 0.14 0.17 0.11
42 9 11 78 111
0.34 0.04 0.09 0.33 0.19
95 113 1 5 84
0.31 0.35 0.2 0.07 0.07
29 111 35 147 65
0.12 0.42 0.2 0.18 0.09
112 138 142 107 82
0.19 0.02 0.05 0.49 0.24
123 58 12 16 96
0.35 0.08 0.23 0.19 0.15
131 145 128 123 80
0.06 0.07 0.24 0.5 0.14
147 66 17 40 146
0.1 0.14 0.65 0.02 0.09
