#Number of options
150

#Assortments data
44 26 63 67 132
0.14 0.11 0.2 0.49 0.08
74 46 112 2 98
0.11 0.08 0.22 0.15 0.44
131 23 86 36 49
0.47 0.12 0.32 0.05 0.03
99 26 100 35 59
0.04 0.15 0.58 0.2 0.03
115 112 78 47 140
0.35 0.15 0.21 0.03 0.26
17 39 80 102 134
0.03 0.26 0.07 0.26 0.38
142 134 42 101 96
0.17 0.45 0.07 0.26 0.05
121 18 58 143 106
0.04 0.28 0.07 0.59 0.02
114 22 15 132 16
0.07 0.12 0.65 0.1 0.06
83 145 52 76 84
0.23 0.26 0.2 0.26 0.04
105 3 41 12 90
0.07 0.07 0.41 0.15 0.31
137 22 112 110 56
0.34 0.1 0.05 0.32 0.19
146 50 133 105 127
0.54 0.04 0.12 0.08 0.22
91 100 11 92 103
0.03 0.6 0.17 0.18 0.02
49 123 73 142 62
0.05 0.13 0.22 0.46 0.14
135 36 96 97 4
0.15 0.17 0.27 0.12 0.28
129 119 117 114 44
0.38 0.03 0.25 0.09 0.25
133 129 134 144 68
0.09 0.24 0.51 0.08 0.08
54 98 96 107 29
0.19 0.19 0.1 0.05 0.47
133 22 34 148 122
0.11 0.13 0.11 0.64 0.02
