#Number of options
150

#Assortments data
125 21 48 22 2
0.08 0.03 0.39 0.22 0.28
113 0 33 121 11
0.25 0.15 0.03 0.37 0.21
15 2 73 30 146
0.08 0.45 0.25 0.17 0.05
126 119 38 45 48
0.08 0.35 0.1 0.06 0.41
132 86 91 63 89
0.19 0.17 0.29 0.03 0.32
16 17 52 51 14
0.18 0.36 0.11 0.17 0.18
2 149 58 146 135
0.39 0.17 0.12 0.04 0.27
45 44 1 87 91
0.08 0.11 0.2 0.36 0.25
105 79 80 35 111
0.06 0.08 0.34 0.19 0.32
70 78 21 123 105
0.18 0.24 0.04 0.53 0.02
123 135 19 55 43
0.4 0.16 0.07 0.18 0.18
104 89 50 39 114
0.21 0.13 0.48 0.07 0.1
49 66 128 62 23
0.13 0.18 0.24 0.19 0.26
65 95 14 130 24
0.03 0.59 0.27 0.04 0.08
41 61 90 107 33
0.07 0.34 0.08 0.45 0.07
4 127 124 100 22
0.12 0.1 0.27 0.08 0.44
59 117 62 141 77
0.27 0.05 0.24 0.39 0.06
122 110 7 24 142
0.27 0.03 0.54 0.06 0.09
126 140 40 10 23
0.16 0.34 0.06 0.08 0.36
70 9 29 36 55
0.3 0.05 0.06 0.21 0.39
