#Number of options
150

#Assortments data
6 97 10 130 71
0.04 0.32 0.04 0.08 0.51
8 108 35 146 55
0.17 0.52 0.13 0.06 0.12
27 30 73 23 15
0.36 0.27 0.23 0.13 0.02
142 4 87 108 65
0.12 0.09 0.35 0.4 0.04
33 73 45 44 123
0.04 0.46 0.04 0.22 0.24
15 81 66 112 69
0.06 0.14 0.23 0.38 0.19
37 111 8 24 127
0.17 0.23 0.27 0.16 0.16
149 55 135 23 56
0.16 0.13 0.32 0.29 0.11
144 111 10 38 108
0.14 0.16 0.05 0.09 0.56
107 57 113 124 31
0.49 0.3 0.1 0.09 0.03
114 58 112 72 65
0.25 0.06 0.41 0.21 0.08
38 118 144 12 58
0.15 0.26 0.23 0.3 0.07
18 57 147 93 142
0.02 0.4 0.1 0.33 0.15
128 91 69 52 48
0.11 0.11 0.08 0.12 0.57
5 115 31 30 89
0.17 0.13 0.03 0.4 0.27
38 136 34 116 74
0.06 0.04 0.51 0.19 0.19
51 84 125 18 87
0.23 0.15 0.22 0.02 0.38
14 29 62 44 21
0.51 0.05 0.1 0.31 0.03
24 35 141 90 74
0.16 0.21 0.24 0.02 0.37
69 44 149 125 117
0.18 0.28 0.17 0.32 0.05
