#Number of options
150

#Assortments data
119 48 17 69 74
0.2 0.27 0.17 0.14 0.22
87 40 128 3 10
0.54 0.04 0.31 0.06 0.05
108 29 94 59 6
0.33 0.06 0.11 0.21 0.29
51 116 17 96 142
0.11 0.41 0.06 0.34 0.08
5 58 137 146 91
0.34 0.06 0.14 0.17 0.28
124 101 30 62 144
0.11 0.1 0.62 0.09 0.07
13 141 65 59 69
0.37 0.18 0.13 0.2 0.13
94 122 85 23 17
0.1 0.17 0.07 0.5 0.16
128 62 16 32 146
0.34 0.11 0.1 0.33 0.12
87 109 62 98 10
0.52 0.15 0.1 0.18 0.05
34 18 73 80 49
0.22 0.02 0.29 0.41 0.06
139 101 99 34 14
0.23 0.06 0.16 0.26 0.3
80 70 75 66 3
0.3 0.02 0.35 0.31 0.02
112 138 137 93 18
0.38 0.07 0.07 0.45 0.04
5 140 146 62 104
0.24 0.28 0.12 0.12 0.23
72 57 61 32 43
0.12 0.4 0.17 0.15 0.15
83 87 125 109 89
0.15 0.34 0.32 0.1 0.09
24 32 75 7 134
0.1 0.15 0.56 0.13 0.06
83 135 18 102 60
0.34 0.41 0.06 0.1 0.1
76 12 89 63 100
0.14 0.43 0.14 0.06 0.22
