#Number of options
150

#Assortments data
125 34 115 129 91
0.54 0.13 0.17 0.12 0.05
39 95 88 68 101
0.26 0.43 0.08 0.08 0.15
138 12 34 23 21
0.15 0.29 0.2 0.3 0.06
104 71 11 22 44
0.06 0.15 0.2 0.2 0.38
15 41 76 124 23
0.31 0.11 0.18 0.08 0.31
112 116 117 125 108
0.09 0.31 0.06 0.47 0.08
140 12 46 106 100
0.32 0.32 0.08 0.02 0.26
62 71 10 112 109
0.19 0.25 0.09 0.19 0.28
119 94 62 96 112
0.13 0.07 0.16 0.48 0.16
107 77 37 139 32
0.2 0.12 0.31 0.26 0.12
89 31 141 51 63
0.11 0.24 0.1 0.43 0.12
48 14 147 131 116
0.09 0.3 0.23 0.08 0.3
91 41 26 107 8
0.09 0.13 0.53 0.2 0.05
142 86 132 116 11
0.17 0.18 0.09 0.37 0.19
145 68 83 103 29
0.18 0.08 0.59 0.04 0.11
8 139 91 16 84
0.09 0.47 0.15 0.15 0.14
58 146 147 143 66
0.04 0.09 0.36 0.14 0.37
76 123 28 95 121
0.17 0.09 0.2 0.23 0.3
132 127 60 51 117
0.17 0.3 0.06 0.33 0.14
71 95 85 132 7
0.28 0.32 0.03 0.17 0.2
