#Number of options
150

#Assortments data
7 105 149 16 128
0.08 0.05 0.36 0.13 0.39
92 60 29 74 86
0.16 0.1 0.17 0.02 0.54
84 123 148 86 29
0.06 0.09 0.17 0.51 0.16
82 137 90 29 33
0.09 0.38 0.21 0.14 0.19
48 142 3 2 38
0.1 0.5 0.25 0.07 0.09
113 104 107 121 50
0.18 0.18 0.09 0.34 0.21
129 61 93 127 90
0.46 0.13 0.04 0.25 0.13
135 134 144 17 130
0.1 0.46 0.28 0.08 0.08
32 1 64 69 56
0.17 0.2 0.33 0.08 0.23
30 50 70 98 28
0.19 0.17 0.09 0.46 0.08
125 95 4 6 96
0.15 0.1 0.07 0.53 0.14
6 16 116 92 141
0.63 0.09 0.1 0.15 0.04
8 109 38 0 86
0.03 0.38 0.05 0.21 0.33
147 58 120 44 56
0.18 0.32 0.19 0.13 0.17
58 120 0 81 77
0.24 0.14 0.36 0.08 0.18
147 138 10 70 105
0.18 0.4 0.31 0.06 0.05
36 127 126 77 148
0.07 0.41 0.24 0.14 0.15
17 102 25 127 6
0.03 0.26 0.05 0.28 0.38
88 10 52 107 45
0.03 0.3 0.28 0.05 0.33
4 81 63 149 2
0.13 0.11 0.32 0.37 0.08
