#Number of options
150

#Assortments data
118 29 96 122 7
0.07 0.82 0.05 0.02 0.03
119 115 26 21 132
0.05 0.03 0.04 0.47 0.41
113 90 91 92 23
0.14 0.47 0.09 0.18 0.12
31 30 38 20 28
0.49 0.06 0.18 0.22 0.05
36 89 28 83 11
0.17 0.05 0.04 0.21 0.53
63 19 0 143 8
0.29 0.15 0.27 0.27 0.03
46 70 10 72 58
0.04 0.05 0.44 0.05 0.42
68 44 65 125 80
0.31 0.1 0.31 0.13 0.14
86 55 65 42 8
0.31 0.07 0.3 0.28 0.04
146 16 80 9 112
0.31 0.1 0.07 0.49 0.03
65 84 144 124 82
0.24 0.18 0.4 0.11 0.07
83 57 24 140 78
0.25 0.08 0.11 0.4 0.15
113 54 101 11 66
0.08 0.06 0.43 0.4 0.03
121 138 144 96 148
0.09 0.38 0.35 0.06 0.13
70 65 72 14 11
0.07 0.26 0.06 0.11 0.5
131 49 107 9 32
0.22 0.03 0.02 0.69 0.03
53 106 51 96 3
0.42 0.1 0.15 0.04 0.28
127 88 96 72 35
0.6 0.09 0.12 0.1 0.08
109 15 11 108 123
0.37 0.12 0.4 0.06 0.06
74 147 11 85 101
0.02 0.07 0.39 0.1 0.42
