#Number of options
150

#Assortments data
124 58 139 18 111
0.07 0.05 0.77 0.04 0.07
24 6 31 106 63
0.44 0.22 0.14 0.08 0.12
93 32 66 128 17
0.27 0.11 0.41 0.14 0.07
88 148 75 21 108
0.07 0.08 0.51 0.07 0.27
131 65 75 49 66
0.06 0.07 0.27 0.07 0.54
130 125 80 62 138
0.19 0.25 0.44 0.05 0.07
149 125 42 94 19
0.18 0.32 0.34 0.12 0.04
58 75 137 56 30
0.04 0.3 0.04 0.19 0.44
55 130 25 113 34
0.07 0.19 0.34 0.08 0.33
76 91 24 51 140
0.16 0.15 0.29 0.23 0.17
89 117 116 0 72
0.11 0.03 0.48 0.1 0.27
136 149 83 66 122
0.1 0.13 0.13 0.61 0.04
126 138 132 49 42
0.13 0.12 0.11 0.16 0.48
73 98 7 139 23
0.3 0.06 0.05 0.35 0.25
48 56 41 91 81
0.25 0.41 0.1 0.16 0.08
12 65 52 28 26
0.23 0.06 0.31 0.17 0.23
47 20 131 144 62
0.14 0.38 0.15 0.22 0.12
10 108 33 53 85
0.17 0.43 0.23 0.1 0.06
112 129 82 101 142
0.38 0.14 0.13 0.12 0.22
109 79 128 72 24
0.18 0.09 0.25 0.33 0.16
