#Number of options
150

#Assortments data
103 139 99 135 113
0.02 0.64 0.12 0.18 0.05
135 64 28 65 117
0.14 0.54 0.17 0.08 0.08
35 64 93 78 39
0.33 0.29 0.29 0.04 0.06
96 130 55 54 23
0.25 0.12 0.02 0.44 0.17
15 119 66 76 79
0.24 0.06 0.55 0.09 0.06
84 79 142 62 61
0.05 0.07 0.26 0.08 0.54
146 67 78 59 13
0.08 0.43 0.11 0.17 0.21
135 67 44 107 90
0.12 0.23 0.4 0.2 0.05
55 9 74 27 51
0.05 0.08 0.15 0.37 0.35
139 124 143 21 125
0.48 0.11 0.07 0.05 0.29
41 21 134 96 133
0.03 0.05 0.13 0.27 0.52
22 107 98 95 26
0.26 0.16 0.1 0.09 0.38
132 128 139 16 118
0.15 0.19 0.57 0.04 0.05
114 70 53 55 84
0.28 0.16 0.29 0.1 0.16
14 41 46 22 57
0.22 0.03 0.05 0.37 0.33
105 139 39 18 42
0.23 0.43 0.09 0.05 0.2
25 9 51 92 26
0.19 0.03 0.14 0.3 0.34
141 133 78 61 120
0.03 0.36 0.04 0.36 0.21
22 32 125 100 38
0.37 0.13 0.29 0.18 0.03
27 105 57 52 45
0.16 0.19 0.24 0.38 0.02
