#Number of options
150

#Assortments data
57 1 126 6 131
0.35 0.31 0.06 0.21 0.08
40 43 103 119 68
0.09 0.52 0.08 0.17 0.14
25 125 18 146 34
0.32 0.25 0.04 0.07 0.33
7 113 28 47 19
0.45 0.13 0.15 0.2 0.08
75 20 28 100 53
0.39 0.18 0.1 0.13 0.19
56 84 68 110 104
0.23 0.24 0.15 0.14 0.26
137 26 131 17 74
0.11 0.39 0.12 0.24 0.14
12 52 101 47 28
0.45 0.26 0.09 0.12 0.09
119 138 132 23 38
0.13 0.08 0.18 0.5 0.11
149 30 124 3 123
0.2 0.3 0.14 0.09 0.26
21 147 122 105 22
0.06 0.17 0.1 0.09 0.58
142 72 28 74 70
0.24 0.35 0.15 0.16 0.1
20 137 6 112 148
0.2 0.1 0.27 0.34 0.08
24 46 34 120 52
0.07 0.08 0.32 0.37 0.17
52 149 129 39 73
0.19 0.13 0.11 0.1 0.47
5 18 129 42 15
0.27 0.07 0.17 0.32 0.17
50 19 101 34 74
0.27 0.05 0.09 0.5 0.1
23 22 9 34 81
0.28 0.28 0.05 0.33 0.05
43 5 61 97 101
0.24 0.16 0.24 0.29 0.07
95 98 33 149 83
0.2 0.29 0.11 0.18 0.22
