#Number of options
150

#Assortments data
83 69 93 70 3
0.42 0.12 0.12 0.18 0.15
145 114 15 19 91
0.33 0.22 0.1 0.18 0.17
58 135 6 130 105
0.14 0.12 0.53 0.12 0.08
0 40 30 64 99
0.34 0.09 0.11 0.22 0.23
48 29 15 44 100
0.12 0.31 0.14 0.21 0.21
41 5 118 141 102
0.08 0.41 0.15 0.08 0.28
39 57 108 42 31
0.31 0.15 0.08 0.29 0.16
42 60 140 54 12
0.31 0.17 0.26 0.07 0.19
60 133 98 137 103
0.22 0.07 0.51 0.15 0.06
13 97 7 117 112
0.27 0.19 0.15 0.19 0.2
110 104 76 88 75
0.12 0.16 0.26 0.17 0.3
82 111 5 68 54
0.2 0.12 0.49 0.09 0.09
9 124 55 42 94
0.1 0.31 0.09 0.44 0.07
91 97 31 67 26
0.17 0.12 0.2 0.23 0.28
8 35 86 145 80
0.09 0.13 0.3 0.27 0.2
2 134 57 144 86
0.09 0.19 0.16 0.24 0.32
54 58 41 94 1
0.17 0.2 0.16 0.11 0.36
76 105 56 61 0
0.18 0.07 0.21 0.21 0.33
97 138 35 125 99
0.15 0.12 0.21 0.29 0.24
72 130 123 29 139
0.08 0.12 0.34 0.32 0.13
