#Number of options
150

#Assortments data
33 131 38 145 49
0.05 0.12 0.13 0.08 0.62
103 20 33 21 93
0.06 0.28 0.08 0.07 0.51
45 114 142 123 147
0.07 0.22 0.25 0.31 0.16
83 116 137 138 19
0.15 0.59 0.07 0.09 0.09
118 76 112 100 142
0.13 0.09 0.58 0.07 0.13
17 24 72 101 109
0.5 0.15 0.16 0.06 0.12
107 147 0 121 7
0.39 0.03 0.09 0.11 0.38
102 15 54 70 2
0.08 0.04 0.14 0.09 0.64
77 105 70 86 54
0.06 0.17 0.2 0.26 0.3
45 15 125 38 113
0.06 0.08 0.29 0.16 0.41
128 56 125 41 26
0.2 0.16 0.27 0.04 0.34
70 58 27 12 19
0.12 0.05 0.34 0.39 0.09
95 140 27 110 123
0.38 0.16 0.29 0.03 0.14
90 71 78 118 11
0.03 0.63 0.12 0.12 0.1
46 70 4 107 52
0.19 0.06 0.1 0.53 0.11
35 30 147 148 60
0.23 0.5 0.11 0.07 0.1
23 79 50 33 131
0.39 0.04 0.41 0.05 0.1
88 121 143 27 128
0.21 0.29 0.03 0.32 0.14
149 88 108 2 25
0.11 0.11 0.26 0.37 0.15
77 112 128 93 49
0.02 0.39 0.09 0.18 0.33
