#Number of options
150

#Assortments data
116 127 15 142 41
0.1 0.19 0.32 0.21 0.17
17 47 49 104 29
0.1 0.04 0.03 0.13 0.7
37 142 33 41 143
0.11 0.14 0.18 0.12 0.46
81 47 3 33 140
0.05 0.02 0.16 0.44 0.33
83 66 14 101 98
0.4 0.09 0.14 0.3 0.07
83 137 20 81 74
0.45 0.39 0.09 0.04 0.03
58 137 13 38 75
0.13 0.3 0.43 0.05 0.09
32 149 2 127 46
0.13 0.32 0.07 0.43 0.06
70 50 101 15 19
0.04 0.05 0.39 0.45 0.07
72 82 48 97 12
0.21 0.17 0.13 0.12 0.36
91 104 18 145 100
0.04 0.03 0.23 0.24 0.47
61 132 96 56 116
0.19 0.19 0.19 0.26 0.17
85 42 39 100 112
0.03 0.13 0.16 0.64 0.05
66 30 99 96 86
0.15 0.14 0.11 0.23 0.37
52 48 23 86 129
0.12 0.05 0.13 0.25 0.45
107 123 31 115 131
0.02 0.03 0.66 0.04 0.25
14 5 53 126 17
0.23 0.21 0.19 0.31 0.05
20 138 7 121 100
0.05 0.31 0.02 0.1 0.52
82 78 120 105 89
0.2 0.21 0.38 0.14 0.07
8 47 26 30 138
0.02 0.02 0.16 0.11 0.69
