#Number of options
150

#Assortments data
104 128 15 118 146
0.04 0.33 0.4 0.04 0.18
12 111 135 18 100
0.16 0.07 0.01 0.19 0.57
125 41 139 84 30
0.35 0.28 0.09 0.1 0.17
133 1 77 111 90
0.19 0.07 0.28 0.13 0.33
103 99 98 63 50
0.03 0.11 0.2 0.53 0.12
122 55 112 53 107
0.09 0.06 0.19 0.54 0.11
109 88 93 80 59
0.51 0.06 0.14 0.21 0.07
42 89 41 98 27
0.22 0.04 0.35 0.21 0.18
143 96 76 35 103
0.4 0.05 0.41 0.12 0.01
71 129 66 98 1
0.07 0.61 0.11 0.15 0.06
117 128 91 11 51
0.2 0.39 0.05 0.19 0.16
24 77 15 43 121
0.26 0.19 0.36 0.07 0.12
51 42 123 136 78
0.15 0.15 0.04 0.56 0.11
123 100 87 97 73
0.03 0.8 0.04 0.05 0.07
126 7 92 47 2
0.21 0.1 0.56 0.04 0.08
132 108 136 75 71
0.17 0.03 0.58 0.16 0.07
67 27 62 97 40
0.48 0.12 0.11 0.06 0.22
82 37 121 38 123
0.09 0.6 0.2 0.06 0.05
137 23 91 108 146
0.41 0.21 0.07 0.04 0.27
87 42 1 102 26
0.06 0.21 0.08 0.46 0.19
