#Number of options
150

#Assortments data
116 26 86 19 37
0.08 0.06 0.08 0.65 0.13
59 54 98 17 39
0.11 0.1 0.33 0.33 0.14
82 116 84 69 149
0.28 0.07 0.4 0.11 0.15
4 98 142 129 115
0.07 0.45 0.14 0.25 0.08
23 63 95 9 18
0.25 0.17 0.16 0.31 0.11
131 110 53 94 122
0.09 0.07 0.43 0.2 0.21
62 60 116 75 17
0.28 0.34 0.11 0.07 0.2
75 68 30 48 34
0.08 0.54 0.09 0.13 0.16
143 90 77 34 128
0.15 0.08 0.24 0.25 0.27
116 51 58 70 148
0.08 0.19 0.36 0.31 0.05
97 8 18 12 143
0.13 0.38 0.12 0.19 0.18
94 9 123 86 63
0.26 0.24 0.22 0.17 0.13
64 51 27 149 3
0.04 0.23 0.08 0.21 0.44
109 0 143 32 31
0.32 0.22 0.21 0.13 0.12
127 142 43 48 76
0.25 0.17 0.15 0.3 0.13
44 93 119 105 22
0.09 0.17 0.31 0.04 0.38
63 97 111 13 105
0.12 0.08 0.57 0.21 0.02
67 10 140 45 103
0.04 0.09 0.14 0.19 0.54
102 18 109 137 30
0.4 0.09 0.22 0.16 0.13
114 81 100 93 127
0.23 0.53 0.09 0.06 0.09
