#Number of options
150

#Assortments data
18 29 45 91 19
0.04 0.09 0.12 0.63 0.13
131 0 43 27 88
0.04 0.12 0.29 0.39 0.16
0 26 56 65 88
0.27 0.21 0.08 0.07 0.38
140 146 3 80 132
0.28 0.14 0.11 0.23 0.25
100 146 148 48 115
0.1 0.13 0.06 0.55 0.15
146 102 125 111 30
0.11 0.1 0.27 0.32 0.2
117 128 78 82 70
0.05 0.27 0.19 0.28 0.21
106 119 4 11 72
0.07 0.52 0.09 0.2 0.12
117 42 116 97 78
0.05 0.39 0.16 0.21 0.19
55 82 14 16 130
0.33 0.24 0.31 0.11 0.02
137 12 52 34 25
0.1 0.13 0.13 0.29 0.35
16 136 41 50 55
0.11 0.04 0.06 0.44 0.35
64 8 0 112 19
0.19 0.21 0.2 0.26 0.15
143 132 62 82 148
0.04 0.17 0.37 0.38 0.04
116 1 29 98 55
0.14 0.15 0.06 0.32 0.34
113 63 17 93 39
0.29 0.05 0.3 0.19 0.17
59 114 73 81 26
0.17 0.34 0.26 0.12 0.11
24 8 36 33 30
0.16 0.25 0.29 0.06 0.25
108 50 62 18 129
0.34 0.35 0.19 0.02 0.09
36 138 16 1 147
0.26 0.06 0.21 0.29 0.18
