#Number of options
150

#Assortments data
126 84 141 61 8
0.05 0.18 0.27 0.09 0.42
97 143 101 91 139
0.25 0.05 0.05 0.52 0.13
113 24 22 27 19
0.49 0.03 0.11 0.3 0.06
11 97 18 66 70
0.14 0.35 0.04 0.23 0.25
114 29 134 129 43
0.33 0.09 0.08 0.14 0.36
121 125 15 130 113
0.15 0.09 0.03 0.02 0.71
114 68 140 47 141
0.2 0.07 0.17 0.19 0.36
15 112 21 108 121
0.04 0.3 0.03 0.45 0.18
32 45 105 0 25
0.37 0.14 0.05 0.11 0.33
109 66 46 137 52
0.12 0.15 0.49 0.07 0.18
0 18 49 99 82
0.07 0.01 0.17 0.36 0.38
47 67 77 56 106
0.5 0.08 0.1 0.15 0.15
137 104 87 7 20
0.04 0.29 0.14 0.35 0.17
145 12 65 60 77
0.1 0.57 0.09 0.13 0.11
140 92 122 111 131
0.17 0.07 0.49 0.25 0.03
52 120 53 60 25
0.19 0.33 0.06 0.06 0.37
31 52 138 73 103
0.07 0.25 0.05 0.44 0.19
120 146 28 104 102
0.3 0.07 0.06 0.48 0.09
11 146 120 39 91
0.09 0.07 0.31 0.09 0.44
63 115 85 3 10
0.06 0.23 0.39 0.22 0.11
