#Number of options
150

#Assortments data
136 123 113 135 109
0.02 0.32 0.35 0.24 0.05
86 49 144 72 95
0.09 0.42 0.08 0.07 0.33
146 10 5 118 73
0.06 0.03 0.17 0.4 0.34
121 65 34 75 107
0.2 0.02 0.35 0.2 0.23
28 116 57 37 42
0.05 0.34 0.32 0.15 0.15
21 41 34 18 54
0.04 0.09 0.74 0.05 0.09
84 57 100 128 54
0.43 0.3 0.04 0.16 0.07
148 66 2 47 137
0.03 0.17 0.29 0.48 0.04
136 44 48 87 5
0.04 0.05 0.58 0.23 0.11
128 76 103 108 125
0.11 0.02 0.13 0.65 0.09
83 49 126 97 107
0.05 0.34 0.05 0.39 0.18
7 107 149 40 85
0.41 0.27 0.14 0.02 0.16
12 120 104 3 121
0.12 0.19 0.48 0.03 0.17
137 28 11 78 72
0.09 0.09 0.24 0.37 0.22
21 37 99 66 86
0.03 0.16 0.41 0.24 0.16
53 11 133 138 61
0.18 0.28 0.23 0.07 0.24
49 38 112 87 143
0.44 0.09 0.24 0.21 0.03
32 36 59 91 107
0.15 0.08 0.31 0.33 0.13
64 32 102 142 12
0.1 0.42 0.07 0.17 0.23
49 28 60 39 56
0.77 0.05 0.06 0.07 0.05
