#Number of options
150

#Assortments data
77 85 36 17 39
0.04 0.05 0.2 0.55 0.17
50 68 93 74 143
0.35 0.05 0.4 0.16 0.04
41 68 83 140 59
0.05 0.08 0.13 0.29 0.46
144 78 125 147 3
0.13 0.13 0.51 0.19 0.05
100 133 59 60 137
0.09 0.23 0.46 0.1 0.12
96 65 90 43 116
0.17 0.03 0.01 0.62 0.18
42 33 110 122 57
0.31 0.05 0.04 0.3 0.31
87 138 95 81 62
0.57 0.04 0.25 0.05 0.09
146 30 103 38 79
0.06 0.73 0.06 0.07 0.08
115 61 51 79 57
0.17 0.15 0.3 0.06 0.33
110 6 106 8 58
0.06 0.12 0.06 0.62 0.14
85 138 137 16 25
0.05 0.08 0.13 0.11 0.63
76 12 128 79 29
0.06 0.53 0.29 0.05 0.06
76 39 66 17 137
0.06 0.13 0.31 0.42 0.09
28 32 37 2 46
0.09 0.43 0.06 0.31 0.11
87 119 140 52 80
0.43 0.16 0.11 0.14 0.17
130 62 123 89 106
0.11 0.16 0.42 0.28 0.04
64 69 115 123 27
0.15 0.11 0.09 0.21 0.45
138 134 12 54 144
0.06 0.05 0.56 0.22 0.1
23 102 35 90 110
0.46 0.08 0.38 0.02 0.05
