#Number of options
150

#Assortments data
144 64 68 136 108
0.26 0.09 0.44 0.05 0.17
20 144 122 126 115
0.22 0.25 0.24 0.27 0.02
37 51 4 76 130
0.28 0.5 0.05 0.13 0.04
99 135 5 30 139
0.3 0.11 0.38 0.14 0.07
121 122 127 17 73
0.15 0.37 0.19 0.2 0.09
50 149 32 59 120
0.3 0.26 0.1 0.1 0.24
3 56 121 138 120
0.6 0.04 0.12 0.09 0.15
72 101 26 65 139
0.09 0.45 0.16 0.16 0.14
137 111 30 14 8
0.1 0.42 0.11 0.1 0.28
52 124 12 139 104
0.08 0.65 0.11 0.06 0.1
29 1 66 126 44
0.45 0.09 0.05 0.36 0.05
71 140 43 147 41
0.14 0.37 0.15 0.11 0.23
82 103 80 146 125
0.14 0.76 0.02 0.05 0.03
6 81 95 42 126
0.1 0.46 0.13 0.12 0.19
42 120 20 147 78
0.15 0.1 0.19 0.04 0.52
20 132 67 104 49
0.31 0.42 0.08 0.12 0.06
66 49 119 13 56
0.12 0.13 0.41 0.24 0.09
104 81 83 122 135
0.08 0.57 0.07 0.21 0.07
53 47 94 4 134
0.46 0.12 0.22 0.04 0.15
87 94 14 35 111
0.19 0.17 0.11 0.04 0.5
