#Number of options
150

#Assortments data
31 85 128 7 139
0.03 0.07 0.11 0.66 0.12
111 106 73 51 110
0.38 0.13 0.33 0.14 0.02
56 53 68 123 26
0.04 0.09 0.06 0.47 0.33
83 20 25 26 54
0.09 0.2 0.38 0.28 0.05
148 6 23 43 107
0.03 0.04 0.09 0.37 0.48
109 62 96 68 122
0.06 0.11 0.16 0.04 0.63
136 79 123 9 40
0.1 0.1 0.71 0.03 0.06
5 11 138 114 117
0.23 0.18 0.04 0.49 0.06
83 69 25 95 122
0.03 0.23 0.14 0.25 0.34
139 38 74 119 147
0.08 0.04 0.57 0.28 0.04
70 0 11 83 49
0.24 0.07 0.09 0.07 0.53
142 111 82 93 14
0.07 0.22 0.33 0.18 0.2
63 98 107 37 120
0.01 0.1 0.68 0.06 0.14
114 103 140 47 13
0.19 0.06 0.06 0.62 0.06
26 134 16 71 145
0.29 0.03 0.22 0.39 0.06
141 55 13 38 145
0.7 0.17 0.05 0.05 0.04
44 148 35 115 8
0.07 0.04 0.1 0.1 0.68
73 145 26 98 44
0.33 0.08 0.34 0.16 0.09
27 94 125 33 16
0.21 0.46 0.11 0.04 0.18
61 125 93 42 96
0.19 0.14 0.27 0.14 0.26
