#Number of options
150

#Assortments data
96 122 18 55 66
0.19 0.33 0.06 0.33 0.09
82 144 65 81 109
0.49 0.11 0.03 0.32 0.06
74 140 130 76 96
0.28 0.41 0.05 0.04 0.22
69 54 26 11 89
0.44 0.04 0.14 0.15 0.24
45 147 114 59 20
0.12 0.04 0.36 0.12 0.36
117 54 66 57 129
0.16 0.08 0.21 0.26 0.27
33 146 113 36 10
0.06 0.12 0.38 0.36 0.08
41 46 32 30 10
0.05 0.39 0.37 0.12 0.07
4 13 61 103 84
0.06 0.13 0.13 0.13 0.55
54 55 31 15 51
0.06 0.51 0.06 0.11 0.26
116 22 146 82 4
0.11 0.13 0.07 0.65 0.03
129 84 21 31 1
0.14 0.45 0.08 0.05 0.29
2 32 48 21 5
0.09 0.27 0.33 0.06 0.25
15 85 137 133 76
0.12 0.56 0.13 0.13 0.05
17 126 15 139 73
0.57 0.18 0.08 0.06 0.1
40 65 22 96 118
0.04 0.04 0.13 0.15 0.64
109 22 141 37 127
0.14 0.25 0.21 0.16 0.24
43 28 20 11 128
0.13 0.02 0.48 0.16 0.2
105 80 22 4 84
0.05 0.11 0.24 0.06 0.54
77 125 84 45 101
0.1 0.1 0.51 0.2 0.1
