#Number of options
150

#Assortments data
28 61 135 104 14
0.22 0.52 0.05 0.05 0.16
133 116 20 111 110
0.23 0.28 0.12 0.06 0.33
6 135 21 51 56
0.18 0.03 0.13 0.19 0.47
73 95 142 70 15
0.04 0.05 0.25 0.01 0.64
43 124 139 146 65
0.07 0.05 0.13 0.22 0.54
108 103 17 7 104
0.19 0.09 0.25 0.24 0.24
114 48 27 8 93
0.15 0.23 0.22 0.1 0.3
35 17 109 129 19
0.31 0.04 0.27 0.32 0.06
7 56 104 23 22
0.04 0.61 0.04 0.13 0.18
138 75 127 12 97
0.45 0.11 0.24 0.16 0.05
145 64 4 20 118
0.19 0.39 0.27 0.09 0.07
90 147 49 110 108
0.18 0.54 0.02 0.23 0.03
45 109 26 75 0
0.12 0.3 0.23 0.13 0.23
4 48 128 24 17
0.31 0.09 0.23 0.33 0.05
21 23 94 31 73
0.2 0.14 0.02 0.54 0.09
49 67 97 145 138
0.01 0.41 0.04 0.16 0.37
95 2 29 128 117
0.13 0.13 0.19 0.35 0.21
98 8 133 108 43
0.27 0.09 0.42 0.07 0.15
149 6 27 35 146
0.11 0.25 0.09 0.34 0.22
81 54 10 30 22
0.04 0.39 0.33 0.1 0.15
