#Number of options
20

#Assortments data
14 15 2 7 11
0.28 0.07 0.35 0.12 0.18
13 4 1 5 15
0.04 0.54 0.05 0.26 0.11
14 2 6 18 9
0.33 0.41 0.07 0.03 0.17
18 4 13 14 9
0.03 0.42 0.03 0.34 0.17
18 3 2 17 19
0.03 0.36 0.45 0.04 0.13
4 7 2 9 17
0.35 0.13 0.35 0.14 0.03
1 7 2 5 10
0.04 0.14 0.4 0.19 0.23
15 14 13 12 10
0.1 0.41 0.04 0.15 0.29
6 13 0 4 12
0.05 0.02 0.55 0.29 0.09
13 15 6 12 10
0.06 0.15 0.13 0.23 0.44
19 6 1 10 4
0.14 0.08 0.05 0.27 0.47
10 12 14 17 2
0.21 0.11 0.29 0.03 0.36
2 3 6 5 8
0.37 0.3 0.06 0.18 0.09
0 1 10 9 5
0.54 0.03 0.17 0.12 0.14
12 2 13 9 17
0.16 0.53 0.04 0.22 0.04
3 17 7 13 19
0.49 0.05 0.22 0.05 0.18
13 5 8 0 19
0.03 0.16 0.08 0.63 0.1
12 14 13 15 17
0.2 0.55 0.06 0.13 0.06
4 19 17 12 18
0.57 0.17 0.05 0.17 0.04
12 15 9 11 7
0.17 0.11 0.23 0.29 0.2
