#Number of options
10

#Assortments data
2 1 0 8 9
0.1 0.22 0.6 0.03 0.05
9 7 3 6 2
0.14 0.12 0.11 0.33 0.29
6 7 4 9 8
0.19 0.07 0.61 0.08 0.05
0 8 9 5 6
0.73 0.03 0.06 0.04 0.14
2 8 4 0 9
0.09 0.02 0.32 0.53 0.04
5 9 7 8 4
0.07 0.09 0.08 0.05 0.7
4 9 2 0 5
0.32 0.04 0.09 0.52 0.03
0 8 2 3 4
0.53 0.02 0.09 0.03 0.32
1 0 5 6 9
0.22 0.59 0.03 0.11 0.05
9 0 1 7 4
0.04 0.47 0.17 0.03 0.28
9 2 1 4 0
0.04 0.08 0.17 0.27 0.45
7 3 8 2 1
0.1 0.09 0.06 0.23 0.52
1 2 7 6 8
0.44 0.2 0.08 0.23 0.05
8 3 5 9 2
0.11 0.15 0.14 0.19 0.4
7 2 3 1 6
0.08 0.19 0.07 0.43 0.22
2 5 6 1 0
0.09 0.03 0.11 0.21 0.56
9 8 1 6 0
0.05 0.03 0.22 0.11 0.59
8 4 0 9 6
0.02 0.31 0.52 0.04 0.1
0 9 8 2 7
0.73 0.06 0.03 0.12 0.05
8 2 5 7 6
0.08 0.31 0.11 0.13 0.36
9 2 0 4 5
0.04 0.09 0.52 0.32 0.03
1 4 9 8 6
0.29 0.47 0.06 0.03 0.15
3 6 2 5 0
0.04 0.13 0.11 0.04 0.68
2 4 6 1 3
0.12 0.43 0.14 0.26 0.05
1 8 6 7 4
0.29 0.03 0.15 0.05 0.47
1 2 8 3 0
0.22 0.1 0.03 0.04 0.61
9 0 6 2 1
0.04 0.55 0.11 0.09 0.2
6 2 1 3 5
0.22 0.2 0.43 0.08 0.07
9 6 1 4 7
0.06 0.14 0.28 0.46 0.05
1 0 7 6 8
0.22 0.6 0.04 0.11 0.03
4 0 2 7 3
0.32 0.52 0.09 0.04 0.03
0 6 9 2 1
0.55 0.11 0.04 0.09 0.2
9 0 4 3 5
0.04 0.55 0.33 0.04 0.03
2 7 4 8 6
0.15 0.06 0.56 0.04 0.18
6 7 5 2 0
0.13 0.05 0.04 0.11 0.67
5 9 4 1 0
0.03 0.04 0.29 0.17 0.47
2 7 4 0 5
0.09 0.04 0.32 0.53 0.03
1 4 6 7 3
0.28 0.47 0.15 0.05 0.05
5 0 6 9 2
0.04 0.67 0.13 0.05 0.11
3 2 7 8 0
0.05 0.12 0.05 0.03 0.74
0 2 1 3 6
0.56 0.09 0.21 0.04 0.11
3 4 8 9 7
0.07 0.7 0.05 0.09 0.08
6 8 2 7 5
0.36 0.08 0.31 0.13 0.11
4 1 3 6 2
0.43 0.26 0.05 0.14 0.12
9 4 1 5 7
0.07 0.51 0.31 0.05 0.06
1 7 9 8 5
0.59 0.11 0.13 0.07 0.09
8 2 0 3 9
0.03 0.12 0.74 0.05 0.06
1 8 6 3 5
0.51 0.06 0.26 0.09 0.08
8 0 1 2 7
0.03 0.61 0.22 0.1 0.04
4 8 5 3 9
0.71 0.05 0.07 0.08 0.09
8 7 4 9 0
0.02 0.04 0.34 0.04 0.56
4 0 9 5 1
0.29 0.47 0.04 0.03 0.17
6 1 9 3 4
0.15 0.28 0.06 0.05 0.46
9 8 2 5 7
0.19 0.11 0.4 0.14 0.17
7 4 0 2 9
0.04 0.31 0.52 0.09 0.04
4 2 6 5 0
0.3 0.08 0.09 0.03 0.5
3 7 6 4 0
0.03 0.04 0.1 0.31 0.52
7 8 0 1 9
0.04 0.03 0.64 0.24 0.05
0 2 9 5 1
0.6 0.1 0.05 0.04 0.22
3 7 8 1 4
0.06 0.06 0.04 0.32 0.53
3 9 7 8 6
0.14 0.18 0.15 0.1 0.42
6 8 0 1 2
0.11 0.03 0.57 0.21 0.09
9 4 0 8 3
0.05 0.34 0.56 0.02 0.04
3 1 2 9 8
0.09 0.51 0.23 0.11 0.06
5 2 9 0 7
0.04 0.12 0.06 0.73 0.05
3 1 9 2 4
0.05 0.29 0.06 0.13 0.47
9 0 7 1 3
0.05 0.63 0.04 0.23 0.04
5 7 2 8 1
0.08 0.1 0.24 0.06 0.52
3 7 6 5 2
0.12 0.13 0.35 0.11 0.3
6 1 2 3 9
0.22 0.42 0.19 0.07 0.09
1 5 6 8 2
0.44 0.07 0.23 0.05 0.2
6 4 9 0 5
0.1 0.31 0.04 0.52 0.03
5 1 0 3 4
0.03 0.18 0.48 0.03 0.29
0 4 2 3 6
0.49 0.3 0.08 0.03 0.09
7 4 9 1 5
0.06 0.51 0.07 0.31 0.05
9 4 6 2 1
0.06 0.43 0.13 0.12 0.26
4 5 3 0 1
0.29 0.03 0.03 0.48 0.18
9 5 6 7 3
0.17 0.13 0.41 0.15 0.14
5 9 8 3 6
0.13 0.18 0.1 0.15 0.43
6 9 4 2 0
0.09 0.04 0.3 0.08 0.49
8 5 3 7 9
0.14 0.19 0.2 0.22 0.25
0 6 2 4 9
0.49 0.09 0.08 0.3 0.04
6 5 7 3 0
0.14 0.04 0.05 0.05 0.72
9 6 5 8 4
0.08 0.19 0.06 0.05 0.62
8 6 4 9 3
0.05 0.19 0.61 0.08 0.07
3 4 9 2 5
0.07 0.62 0.08 0.17 0.06
4 7 9 2 8
0.63 0.07 0.08 0.17 0.05
9 0 8 3 2
0.06 0.74 0.03 0.05 0.12
1 6 3 9 8
0.49 0.25 0.09 0.11 0.06
1 6 7 8 9
0.49 0.25 0.09 0.06 0.11
8 4 0 7 3
0.03 0.34 0.56 0.04 0.04
9 0 8 3 5
0.06 0.8 0.04 0.05 0.05
8 2 1 5 7
0.06 0.24 0.52 0.08 0.1
3 2 5 4 1
0.05 0.13 0.05 0.48 0.29
9 7 1 0 6
0.05 0.04 0.22 0.59 0.11
8 1 5 3 0
0.03 0.24 0.04 0.04 0.65
8 5 7 2 6
0.08 0.11 0.13 0.31 0.36
9 1 4 7 3
0.07 0.31 0.51 0.06 0.05
5 6 7 9 8
0.13 0.43 0.16 0.18 0.1
8 4 2 3 7
0.05 0.64 0.18 0.07 0.07
