#Number of options
50

#Assortments data
18 45 19 40 3
0.31 0.15 0.07 0.39 0.08
39 4 48 7 1
0.2 0.44 0.03 0.13 0.2
3 27 44 10 16
0.17 0.12 0.42 0.13 0.17
41 39 20 17 29
0.31 0.44 0.04 0.2 0.02
22 34 7 0 5
0.04 0.05 0.22 0.55 0.15
9 43 13 29 27
0.11 0.32 0.24 0.04 0.3
11 36 18 29 44
0.12 0.15 0.45 0.01 0.27
40 6 43 2 11
0.41 0.21 0.06 0.23 0.09
40 32 28 26 33
0.57 0.06 0.27 0.02 0.08
2 4 15 16 27
0.29 0.5 0.05 0.1 0.07
2 17 44 27 47
0.37 0.13 0.31 0.09 0.1
31 19 23 41 16
0.14 0.21 0.09 0.35 0.21
20 32 11 40 3
0.03 0.07 0.14 0.64 0.13
7 46 15 34 24
0.25 0.13 0.08 0.06 0.48
41 11 42 29 12
0.4 0.26 0.23 0.02 0.08
19 26 15 37 32
0.2 0.04 0.1 0.55 0.11
26 42 27 24 41
0.03 0.14 0.11 0.46 0.26
28 13 7 36 16
0.35 0.08 0.22 0.19 0.15
0 4 29 42 3
0.36 0.46 0.01 0.08 0.09
2 26 37 38 18
0.23 0.02 0.22 0.22 0.32
19 8 4 16 32
0.12 0.05 0.64 0.12 0.07
14 43 39 33 37
0.26 0.08 0.27 0.08 0.32
5 40 19 12 28
0.1 0.52 0.1 0.03 0.24
38 30 10 0 25
0.28 0.1 0.08 0.4 0.14
21 24 10 48 12
0.02 0.65 0.18 0.07 0.08
44 26 33 25 45
0.36 0.03 0.1 0.21 0.3
21 20 18 4 3
0.01 0.02 0.39 0.48 0.1
0 29 44 22 33
0.53 0.01 0.34 0.04 0.09
18 33 38 44 2
0.32 0.05 0.22 0.19 0.22
2 44 41 46 17
0.33 0.28 0.19 0.09 0.12
49 46 41 22 26
0.25 0.2 0.43 0.07 0.05
4 18 38 41 39
0.32 0.26 0.18 0.1 0.15
30 46 20 49 19
0.24 0.2 0.06 0.25 0.26
35 47 26 36 21
0.32 0.23 0.06 0.36 0.03
23 31 35 18 42
0.06 0.09 0.16 0.57 0.13
29 17 24 35 21
0.02 0.2 0.55 0.22 0.02
42 34 11 17 23
0.24 0.09 0.28 0.28 0.11
35 13 40 6 26
0.12 0.06 0.53 0.28 0.02
12 22 24 41 2
0.04 0.03 0.36 0.2 0.36
19 25 26 43 38
0.16 0.23 0.03 0.12 0.46
33 46 6 37 4
0.06 0.06 0.22 0.23 0.42
6 9 29 37 30
0.4 0.04 0.01 0.41 0.14
40 10 15 11 27
0.63 0.1 0.06 0.13 0.08
18 30 22 1 11
0.48 0.11 0.03 0.26 0.12
40 36 22 49 19
0.59 0.15 0.03 0.11 0.11
18 42 46 33 40
0.35 0.08 0.07 0.06 0.44
7 33 48 47 4
0.18 0.08 0.03 0.1 0.6
24 23 44 1 22
0.35 0.05 0.3 0.27 0.03
29 2 1 37 9
0.01 0.35 0.27 0.34 0.03
39 44 33 7 41
0.27 0.29 0.08 0.18 0.19
