#Number of options
50

#Assortments data
25 39 15 17 21
0.41 0.37 0.05 0.13 0.05
20 28 14 9 25
0.03 0.35 0.4 0.03 0.2
49 42 37 0 6
0.04 0.06 0.16 0.43 0.31
48 2 37 11 32
0.04 0.34 0.36 0.15 0.11
31 3 11 35 6
0.07 0.12 0.11 0.16 0.53
13 11 23 45 16
0.05 0.11 0.06 0.53 0.24
25 16 11 46 35
0.26 0.3 0.13 0.12 0.19
49 38 14 45 43
0.05 0.2 0.31 0.39 0.05
48 46 21 13 39
0.08 0.24 0.06 0.14 0.48
36 47 38 33 28
0.12 0.07 0.32 0.05 0.43
45 38 27 22 16
0.48 0.24 0.05 0.02 0.22
0 46 12 14 35
0.49 0.07 0.02 0.31 0.11
21 38 24 45 31
0.02 0.24 0.21 0.48 0.05
27 46 5 17 16
0.08 0.14 0.32 0.09 0.36
7 43 36 10 19
0.24 0.11 0.15 0.12 0.39
22 44 32 14 30
0.02 0.25 0.1 0.54 0.08
29 19 7 23 1
0.02 0.31 0.19 0.08 0.4
9 35 24 20 42
0.07 0.28 0.44 0.05 0.16
47 41 26 2 4
0.07 0.2 0.03 0.26 0.45
30 42 18 48 25
0.1 0.14 0.38 0.05 0.33
