#Number of options
10

#Assortments data
9 5 7 1 3
0.14 0.06 0.13 0.57 0.1
2 5 8 9 3
0.42 0.11 0.07 0.24 0.17
8 7 1 5 9
0.04 0.14 0.6 0.07 0.15
0 2 8 3 1
0.44 0.14 0.02 0.06 0.33
2 0 8 6 1
0.13 0.41 0.02 0.12 0.31
8 2 4 9 7
0.04 0.26 0.41 0.15 0.14
3 9 2 4 1
0.07 0.1 0.17 0.27 0.39
9 4 2 0 5
0.09 0.24 0.16 0.47 0.04
4 5 8 2 7
0.44 0.07 0.05 0.28 0.15
1 3 5 4 9
0.45 0.08 0.05 0.31 0.11
9 3 5 1 7
0.14 0.1 0.06 0.57 0.13
6 9 1 0 8
0.13 0.08 0.33 0.44 0.02
3 2 1 6 8
0.08 0.21 0.48 0.19 0.04
7 4 5 0 6
0.09 0.25 0.04 0.48 0.14
4 6 2 7 0
0.22 0.13 0.14 0.08 0.43
5 0 2 8 9
0.05 0.61 0.2 0.03 0.11
9 0 7 4 2
0.08 0.45 0.08 0.23 0.15
1 8 7 5 6
0.55 0.04 0.13 0.06 0.22
9 5 2 0 8
0.11 0.05 0.2 0.61 0.03
5 8 6 4 0
0.04 0.03 0.15 0.26 0.51
1 0 8 3 4
0.31 0.41 0.02 0.05 0.21
3 1 9 5 4
0.08 0.45 0.11 0.05 0.31
7 9 1 6 8
0.12 0.13 0.51 0.2 0.04
0 4 5 3 7
0.52 0.27 0.04 0.07 0.09
8 7 0 2 4
0.03 0.09 0.48 0.16 0.25
4 6 2 1 7
0.25 0.14 0.16 0.36 0.09
5 0 4 1 9
0.03 0.39 0.2 0.3 0.07
2 7 1 5 6
0.2 0.11 0.46 0.05 0.18
3 4 1 5 9
0.08 0.31 0.45 0.05 0.11
6 4 2 8 5
0.23 0.4 0.26 0.04 0.07
9 0 6 4 1
0.07 0.36 0.11 0.19 0.27
8 5 3 1 7
0.05 0.07 0.11 0.63 0.15
5 1 3 2 4
0.05 0.42 0.07 0.18 0.28
2 4 3 8 9
0.27 0.42 0.11 0.05 0.15
8 9 4 5 0
0.03 0.1 0.28 0.05 0.54
6 9 3 2 7
0.26 0.17 0.12 0.29 0.16
0 6 3 7 5
0.59 0.17 0.08 0.11 0.05
4 1 7 8 6
0.29 0.42 0.1 0.03 0.16
7 8 3 0 2
0.11 0.03 0.08 0.59 0.19
4 5 7 1 9
0.3 0.05 0.1 0.44 0.11
9 7 0 1 3
0.08 0.08 0.44 0.33 0.06
1 3 6 7 4
0.4 0.07 0.16 0.1 0.28
2 5 6 4 9
0.23 0.06 0.21 0.37 0.13
6 0 7 9 4
0.14 0.46 0.08 0.09 0.24
3 5 7 1 4
0.08 0.05 0.11 0.45 0.31
1 7 2 9 0
0.31 0.07 0.13 0.08 0.41
9 2 0 8 6
0.1 0.18 0.54 0.03 0.16
5 2 8 1 3
0.06 0.24 0.04 0.56 0.1
6 2 8 3 1
0.19 0.21 0.04 0.08 0.48
1 3 8 7 0
0.36 0.06 0.03 0.08 0.47
