#Number of options
10

#Assortments data
7 1 0 2 9
0.04 0.18 0.59 0.13 0.05
2 4 7 5 9
0.2 0.57 0.07 0.07 0.08
9 0 7 3 5
0.07 0.76 0.06 0.06 0.06
0 8 3 4 9
0.55 0.03 0.04 0.33 0.05
9 7 6 4 2
0.07 0.06 0.25 0.46 0.16
0 8 1 2 6
0.53 0.03 0.16 0.11 0.17
6 3 0 8 9
0.21 0.05 0.65 0.03 0.06
7 3 8 5 0
0.06 0.06 0.04 0.06 0.78
7 9 8 4 3
0.08 0.1 0.06 0.67 0.09
9 5 3 8 1
0.15 0.13 0.13 0.08 0.51
0 7 6 5 4
0.48 0.04 0.15 0.04 0.29
5 1 9 8 6
0.09 0.36 0.11 0.06 0.38
9 3 1 5 0
0.06 0.05 0.2 0.05 0.65
0 1 3 9 2
0.59 0.18 0.05 0.05 0.13
4 2 6 8 9
0.47 0.17 0.25 0.04 0.07
5 6 9 8 1
0.09 0.38 0.11 0.06 0.36
2 1 6 4 7
0.14 0.2 0.21 0.4 0.05
9 6 3 5 1
0.1 0.37 0.09 0.09 0.35
7 0 8 1 4
0.04 0.49 0.02 0.15 0.3
2 7 4 9 0
0.11 0.04 0.31 0.04 0.5
