#Number of options
30

#Assortments data
21 3 29 26 16
0.02 0.09 0.2 0.11 0.57
26 3 16 0 11
0.05 0.04 0.26 0.6 0.04
3 15 23 1 20
0.06 0.46 0.17 0.05 0.26
4 19 24 1 29
0.28 0.07 0.47 0.05 0.14
4 10 28 5 15
0.29 0.03 0.13 0.05 0.5
29 20 28 8 21
0.22 0.44 0.21 0.1 0.03
2 28 26 5 22
0.21 0.32 0.19 0.11 0.18
10 17 21 15 22
0.04 0.12 0.02 0.71 0.1
15 7 23 13 4
0.39 0.03 0.14 0.21 0.22
18 9 0 28 1
0.01 0.08 0.76 0.11 0.04
26 12 15 20 17
0.07 0.17 0.44 0.25 0.07
2 11 22 8 27
0.18 0.11 0.15 0.13 0.44
2 4 29 3 19
0.13 0.44 0.21 0.1 0.11
23 28 18 2 20
0.27 0.19 0.01 0.13 0.4
5 13 3 17 26
0.09 0.49 0.12 0.15 0.14
23 24 26 5 22
0.22 0.56 0.09 0.05 0.08
17 16 2 21 12
0.11 0.51 0.11 0.02 0.24
11 25 7 10 16
0.1 0.09 0.07 0.05 0.69
0 12 11 24 25
0.54 0.11 0.03 0.28 0.03
15 8 1 12 28
0.53 0.07 0.06 0.2 0.14
17 1 18 0 4
0.06 0.04 0.01 0.68 0.21
25 12 9 1 21
0.13 0.47 0.23 0.13 0.04
29 27 11 2 15
0.14 0.22 0.06 0.09 0.5
0 21 26 19 20
0.67 0.01 0.06 0.05 0.21
2 28 13 16 20
0.07 0.11 0.23 0.34 0.24
10 0 2 13 22
0.02 0.67 0.06 0.19 0.05
4 9 7 12 8
0.42 0.14 0.06 0.28 0.09
27 21 9 15 4
0.19 0.01 0.08 0.45 0.26
17 1 12 19 15
0.09 0.06 0.21 0.08 0.56
21 3 14 2 15
0.02 0.07 0.24 0.1 0.57
