#Number of options
10

#Assortments data
1 3 5 4 6
0.3 0.08 0.02 0.46 0.13
4 8 0 1 2
0.31 0.03 0.31 0.21 0.15
5 6 3 0 1
0.02 0.13 0.08 0.45 0.3
9 4 0 7 6
0.04 0.39 0.39 0.07 0.11
6 1 3 7 9
0.21 0.47 0.13 0.13 0.07
9 4 2 7 8
0.06 0.54 0.25 0.1 0.05
4 7 0 2 6
0.34 0.06 0.34 0.16 0.1
1 3 8 0 2
0.28 0.08 0.04 0.41 0.19
0 4 3 7 5
0.41 0.41 0.08 0.08 0.02
6 0 5 2 7
0.15 0.5 0.03 0.24 0.09
7 4 8 9 2
0.1 0.54 0.05 0.06 0.25
3 1 9 4 5
0.09 0.33 0.05 0.5 0.03
2 9 6 5 3
0.43 0.1 0.27 0.05 0.16
0 1 3 7 5
0.48 0.32 0.09 0.09 0.02
7 4 5 0 8
0.08 0.43 0.02 0.43 0.04
3 0 4 6 2
0.06 0.34 0.34 0.1 0.16
4 0 6 3 5
0.4 0.39 0.12 0.07 0.02
6 4 1 3 5
0.13 0.46 0.3 0.08 0.02
3 7 1 4 0
0.06 0.06 0.22 0.33 0.33
6 8 7 1 5
0.23 0.07 0.14 0.52 0.04
3 7 8 0 1
0.09 0.09 0.05 0.47 0.31
5 8 0 9 2
0.03 0.06 0.58 0.06 0.27
3 1 7 5 4
0.09 0.32 0.09 0.02 0.48
1 9 6 3 0
0.3 0.05 0.13 0.08 0.44
4 2 0 5 6
0.36 0.17 0.35 0.02 0.1
8 1 4 6 5
0.05 0.32 0.47 0.14 0.02
9 2 7 5 6
0.1 0.43 0.16 0.05 0.27
1 7 5 2 0
0.28 0.08 0.02 0.2 0.42
4 1 8 7 0
0.34 0.23 0.03 0.06 0.34
2 7 5 1 6
0.28 0.11 0.03 0.4 0.18
0 3 9 7 4
0.4 0.07 0.04 0.07 0.41
0 5 3 2 9
0.55 0.03 0.1 0.26 0.06
6 0 3 2 5
0.15 0.5 0.09 0.24 0.03
7 8 0 3 1
0.09 0.05 0.47 0.09 0.31
5 0 6 3 7
0.03 0.58 0.17 0.11 0.11
6 5 1 2 4
0.12 0.02 0.27 0.19 0.4
4 8 6 3 2
0.49 0.05 0.14 0.09 0.23
7 4 5 1 8
0.09 0.5 0.03 0.33 0.05
5 4 6 9 8
0.03 0.65 0.19 0.07 0.06
3 6 1 4 5
0.08 0.13 0.3 0.46 0.02
