#Number of options
20

#Assortments data
18 14 16 10 17
0.11 0.27 0.2 0.38 0.04
18 5 1 9 4
0.07 0.14 0.06 0.19 0.53
14 3 13 2 12
0.18 0.3 0.03 0.32 0.16
14 1 17 4 5
0.19 0.07 0.03 0.56 0.14
4 9 11 1 5
0.43 0.16 0.25 0.05 0.11
0 3 14 19 18
0.36 0.24 0.14 0.2 0.05
4 14 10 11 13
0.4 0.14 0.19 0.24 0.03
2 18 9 19 12
0.32 0.07 0.19 0.26 0.16
0 1 14 5 8
0.49 0.07 0.19 0.14 0.12
12 17 15 6 14
0.27 0.05 0.26 0.12 0.3
2 14 18 17 8
0.45 0.26 0.1 0.04 0.16
12 7 15 13 19
0.19 0.29 0.18 0.04 0.3
12 2 8 6 3
0.17 0.33 0.11 0.07 0.32
7 13 2 10 1
0.28 0.04 0.34 0.27 0.07
6 19 17 0 2
0.06 0.23 0.02 0.41 0.28
13 0 17 10 6
0.04 0.55 0.03 0.29 0.08
8 5 1 18 3
0.16 0.2 0.09 0.1 0.45
19 10 9 2 18
0.24 0.23 0.18 0.29 0.06
18 5 10 8 0
0.07 0.13 0.24 0.11 0.45
10 17 18 19 9
0.31 0.04 0.09 0.33 0.24
2 0 17 11 3
0.22 0.33 0.02 0.22 0.21
16 0 10 7 18
0.11 0.4 0.21 0.22 0.06
4 18 12 19 14
0.44 0.06 0.14 0.22 0.15
2 9 1 11 7
0.28 0.17 0.06 0.27 0.22
13 9 16 17 4
0.04 0.21 0.15 0.03 0.57
0 2 10 18 14
0.36 0.25 0.19 0.05 0.14
0 14 10 13 12
0.43 0.17 0.23 0.03 0.15
5 19 1 0 17
0.14 0.27 0.07 0.49 0.03
18 7 4 16 10
0.06 0.21 0.43 0.11 0.2
0 17 11 1 14
0.44 0.03 0.3 0.06 0.17
2 4 11 18 1
0.25 0.41 0.24 0.05 0.05
11 9 0 18 12
0.26 0.16 0.39 0.06 0.14
6 4 16 3 19
0.06 0.4 0.1 0.23 0.2
13 6 7 19 11
0.04 0.08 0.27 0.28 0.33
4 5 15 2 13
0.45 0.12 0.13 0.27 0.03
11 9 7 3 17
0.29 0.18 0.23 0.28 0.03
9 18 8 2 0
0.17 0.06 0.1 0.27 0.41
13 10 7 11 2
0.03 0.21 0.22 0.27 0.27
2 15 9 13 11
0.31 0.16 0.19 0.03 0.31
8 15 6 7 9
0.14 0.2 0.09 0.32 0.24
15 10 19 9 5
0.16 0.25 0.26 0.19 0.14
18 1 4 9 8
0.07 0.07 0.55 0.2 0.12
15 4 14 7 18
0.13 0.44 0.15 0.22 0.06
8 5 17 14 19
0.15 0.19 0.04 0.25 0.36
1 3 4 5 18
0.06 0.28 0.48 0.12 0.06
12 4 9 0 3
0.1 0.32 0.12 0.28 0.18
17 13 5 18 0
0.04 0.05 0.18 0.09 0.64
10 7 3 14 12
0.22 0.22 0.26 0.16 0.14
8 18 0 17 7
0.12 0.07 0.5 0.03 0.27
9 12 18 6 17
0.36 0.31 0.13 0.14 0.05
19 9 13 3 8
0.29 0.21 0.04 0.34 0.12
18 8 3 16 10
0.08 0.13 0.35 0.15 0.29
18 6 5 11 19
0.08 0.08 0.16 0.37 0.31
5 10 0 14 9
0.11 0.2 0.38 0.15 0.16
9 3 1 12 5
0.22 0.36 0.07 0.19 0.16
6 10 12 8 19
0.08 0.29 0.19 0.13 0.31
6 9 8 17 4
0.08 0.21 0.12 0.03 0.57
16 1 15 10 9
0.17 0.08 0.2 0.31 0.24
18 3 14 19 0
0.05 0.24 0.14 0.2 0.36
8 13 2 9 18
0.15 0.05 0.44 0.26 0.1
10 3 16 7 15
0.23 0.28 0.12 0.23 0.14
14 7 18 0 2
0.14 0.2 0.05 0.36 0.24
12 4 7 9 17
0.14 0.45 0.22 0.16 0.02
2 17 8 12 10
0.36 0.03 0.13 0.19 0.29
15 9 2 14 1
0.17 0.21 0.35 0.2 0.07
3 4 11 10 19
0.18 0.32 0.19 0.15 0.16
14 12 10 17 15
0.23 0.21 0.32 0.04 0.2
10 5 15 18 7
0.29 0.16 0.18 0.08 0.3
2 18 19 1 17
0.43 0.09 0.35 0.09 0.04
6 18 16 7 10
0.09 0.09 0.17 0.33 0.32
18 12 13 6 3
0.11 0.25 0.05 0.11 0.47
10 13 14 12 17
0.38 0.05 0.28 0.25 0.04
2 1 12 5 15
0.38 0.08 0.2 0.16 0.19
11 9 0 19 10
0.21 0.13 0.32 0.18 0.17
15 19 18 10 17
0.2 0.34 0.09 0.32 0.04
6 7 0 19 11
0.05 0.19 0.34 0.19 0.23
7 10 5 3 15
0.23 0.23 0.12 0.28 0.14
14 18 6 13 1
0.43 0.17 0.17 0.08 0.15
12 4 17 18 6
0.19 0.61 0.03 0.08 0.08
11 16 0 18 19
0.25 0.11 0.38 0.06 0.21
11 5 0 15 13
0.28 0.12 0.42 0.14 0.03
8 6 14 0 3
0.1 0.06 0.16 0.41 0.27
19 9 10 0 18
0.21 0.15 0.2 0.38 0.06
9 13 1 11 7
0.22 0.04 0.07 0.36 0.3
11 2 0 4 3
0.16 0.16 0.24 0.27 0.16
7 16 10 12 1
0.3 0.15 0.29 0.19 0.07
16 7 18 4 8
0.12 0.23 0.06 0.48 0.1
13 14 18 1 11
0.05 0.28 0.11 0.1 0.47
6 10 2 12 8
0.08 0.27 0.35 0.18 0.12
13 9 4 12 18
0.04 0.19 0.53 0.17 0.07
6 18 16 0 15
0.08 0.08 0.15 0.52 0.17
9 2 0 13 1
0.18 0.29 0.44 0.03 0.06
6 1 3 9 12
0.09 0.08 0.38 0.24 0.21
5 1 9 17 16
0.24 0.11 0.35 0.05 0.24
7 13 15 19 9
0.28 0.04 0.17 0.29 0.21
9 7 2 6 16
0.2 0.26 0.33 0.07 0.14
19 0 10 3 15
0.18 0.33 0.17 0.21 0.11
5 12 15 17 11
0.17 0.21 0.2 0.04 0.39
17 0 12 18 6
0.04 0.58 0.2 0.09 0.09
2 18 9 13 19
0.36 0.08 0.22 0.04 0.3
4 17 19 6 9
0.49 0.03 0.24 0.07 0.18
3 7 11 1 8
0.29 0.24 0.3 0.06 0.11
18 2 4 1 6
0.07 0.3 0.5 0.06 0.07
15 2 10 11 0
0.1 0.21 0.17 0.21 0.31
16 14 4 15 2
0.1 0.14 0.4 0.12 0.24
10 2 14 17 16
0.27 0.35 0.2 0.03 0.15
10 8 2 16 4
0.19 0.08 0.24 0.1 0.39
10 17 15 8 11
0.29 0.03 0.18 0.13 0.36
11 14 4 16 2
0.21 0.12 0.36 0.09 0.22
11 2 9 13 12
0.31 0.31 0.19 0.03 0.16
1 3 0 15 19
0.05 0.24 0.37 0.12 0.21
15 1 9 11 18
0.2 0.08 0.24 0.39 0.09
18 3 17 10 11
0.07 0.32 0.03 0.26 0.32
19 0 11 7 10
0.17 0.3 0.2 0.17 0.16
10 3 19 5 0
0.18 0.21 0.18 0.1 0.33
14 3 19 12 10
0.16 0.26 0.23 0.14 0.21
13 18 2 4 10
0.03 0.06 0.26 0.44 0.21
8 17 3 14 19
0.12 0.03 0.34 0.2 0.3
14 2 17 12 10
0.19 0.34 0.03 0.17 0.27
3 13 7 11 8
0.3 0.03 0.25 0.31 0.11
15 8 3 19 17
0.18 0.13 0.35 0.3 0.03
3 2 10 5 7
0.24 0.25 0.2 0.11 0.2
3 15 17 11 13
0.36 0.19 0.03 0.37 0.04
10 3 16 15 5
0.25 0.31 0.14 0.16 0.14
6 16 5 18 9
0.12 0.22 0.22 0.12 0.32
3 9 19 1 13
0.36 0.22 0.31 0.07 0.04
8 3 11 15 13
0.12 0.33 0.34 0.17 0.04
3 1 4 2 7
0.21 0.04 0.36 0.22 0.17
2 0 12 13 19
0.25 0.38 0.13 0.03 0.21
7 9 16 10 18
0.28 0.21 0.15 0.28 0.08
17 10 0 12 9
0.03 0.23 0.43 0.15 0.17
10 8 2 12 9
0.24 0.11 0.31 0.16 0.19
12 14 13 8 19
0.22 0.24 0.05 0.15 0.35
19 3 16 0 11
0.18 0.21 0.09 0.32 0.21
5 13 10 0 3
0.11 0.03 0.21 0.39 0.26
13 11 8 4 16
0.03 0.28 0.1 0.47 0.12
0 9 10 19 1
0.38 0.16 0.2 0.21 0.05
8 6 17 4 19
0.11 0.07 0.03 0.53 0.26
7 16 10 5 11
0.24 0.12 0.23 0.12 0.29
2 16 14 3 5
0.29 0.12 0.17 0.28 0.13
18 11 3 14 6
0.07 0.33 0.32 0.19 0.08
14 5 7 9 6
0.22 0.16 0.31 0.23 0.09
3 10 19 15 2
0.24 0.19 0.2 0.12 0.25
6 8 2 12 15
0.09 0.14 0.39 0.2 0.19
13 0 5 16 18
0.04 0.56 0.16 0.16 0.08
14 9 18 0 12
0.17 0.18 0.06 0.44 0.15
2 3 9 7 4
0.2 0.19 0.12 0.16 0.33
16 3 19 12 7
0.12 0.27 0.23 0.15 0.23
14 5 1 18 4
0.19 0.14 0.06 0.07 0.54
18 9 5 14 2
0.08 0.21 0.15 0.2 0.35
9 10 0 7 2
0.13 0.17 0.32 0.17 0.21
16 17 18 0 12
0.15 0.03 0.08 0.54 0.19
14 15 17 1 5
0.32 0.28 0.05 0.11 0.24
0 16 13 12 4
0.35 0.1 0.03 0.12 0.4
0 11 9 13 4
0.31 0.2 0.13 0.02 0.34
15 4 5 8 16
0.15 0.49 0.13 0.1 0.13
9 13 16 15 17
0.35 0.06 0.24 0.29 0.05
19 8 11 14 4
0.19 0.08 0.22 0.13 0.38
17 15 13 14 4
0.03 0.17 0.04 0.2 0.57
9 8 15 5 1
0.29 0.17 0.24 0.21 0.1
12 10 7 1 5
0.19 0.29 0.3 0.07 0.16
12 5 8 2 10
0.17 0.14 0.11 0.32 0.26
3 0 17 9 7
0.24 0.38 0.02 0.15 0.2
19 4 6 13 15
0.25 0.5 0.07 0.03 0.15
7 8 12 2 6
0.28 0.12 0.18 0.34 0.08
10 6 4 12 13
0.24 0.07 0.5 0.16 0.03
12 1 3 18 13
0.26 0.1 0.48 0.11 0.05
13 15 7 10 19
0.04 0.16 0.27 0.26 0.27
3 9 14 2 12
0.26 0.17 0.16 0.27 0.14
11 18 0 8 13
0.31 0.07 0.47 0.11 0.04
13 19 16 3 15
0.04 0.29 0.15 0.34 0.18
2 13 18 9 3
0.34 0.04 0.08 0.21 0.33
3 15 10 13 9
0.33 0.17 0.27 0.04 0.2
14 5 4 13 15
0.18 0.13 0.51 0.03 0.15
4 3 8 14 16
0.42 0.24 0.09 0.14 0.11
8 2 6 14 9
0.13 0.36 0.08 0.21 0.22
19 16 8 11 10
0.25 0.13 0.1 0.29 0.23
18 11 4 14 19
0.05 0.23 0.39 0.13 0.19
11 10 4 7 2
0.19 0.15 0.32 0.15 0.19
10 0 8 17 15
0.25 0.46 0.11 0.03 0.15
18 1 6 17 14
0.17 0.15 0.17 0.07 0.44
5 18 14 3 17
0.19 0.1 0.25 0.42 0.04
10 14 6 16 2
0.26 0.19 0.08 0.14 0.33
0 4 14 6 18
0.36 0.4 0.14 0.05 0.05
18 0 17 10 11
0.06 0.42 0.03 0.22 0.28
13 2 18 7 3
0.04 0.32 0.07 0.26 0.31
5 3 13 10 1
0.17 0.39 0.04 0.32 0.08
11 3 5 9 2
0.25 0.24 0.11 0.15 0.25
18 0 5 8 7
0.07 0.45 0.13 0.11 0.25
1 5 9 12 13
0.11 0.23 0.33 0.28 0.06
5 11 13 12 4
0.12 0.27 0.03 0.14 0.45
8 11 5 7 12
0.11 0.32 0.14 0.26 0.17
4 15 6 2 12
0.43 0.13 0.06 0.26 0.13
3 15 10 7 5
0.28 0.14 0.23 0.23 0.12
1 2 6 8 11
0.07 0.36 0.08 0.13 0.36
7 15 4 6 16
0.22 0.14 0.46 0.06 0.12
4 7 15 10 5
0.4 0.19 0.12 0.19 0.1
5 14 4 15 0
0.09 0.12 0.36 0.11 0.32
10 16 9 8 15
0.3 0.16 0.23 0.13 0.19
17 8 11 16 7
0.03 0.13 0.37 0.16 0.3
