#Number of options
20

#Assortments data
12 11 2 5 14
0.16 0.17 0.27 0.16 0.24
2 17 14 10 3
0.29 0.02 0.27 0.2 0.21
15 5 0 4 6
0.07 0.12 0.46 0.29 0.07
11 18 5 1 7
0.33 0.06 0.29 0.1 0.22
18 15 5 1 8
0.08 0.21 0.38 0.12 0.21
16 1 7 3 2
0.19 0.07 0.15 0.25 0.34
7 9 14 8 19
0.16 0.1 0.33 0.12 0.29
10 2 15 14 8
0.21 0.31 0.1 0.28 0.1
11 14 9 10 16
0.21 0.3 0.09 0.22 0.18
5 17 19 6 4
0.18 0.02 0.25 0.11 0.44
9 12 4 19 18
0.09 0.19 0.44 0.25 0.04
1 4 8 19 6
0.06 0.46 0.11 0.26 0.11
0 16 7 6 4
0.45 0.11 0.09 0.07 0.28
11 6 3 12 0
0.14 0.07 0.16 0.13 0.49
17 16 19 6 14
0.03 0.21 0.3 0.13 0.34
6 18 19 17 11
0.17 0.06 0.4 0.03 0.33
0 1 16 14 17
0.56 0.05 0.14 0.23 0.02
5 0 11 18 10
0.14 0.52 0.15 0.03 0.16
12 16 15 6 10
0.24 0.22 0.13 0.14 0.27
14 15 16 18 17
0.46 0.16 0.28 0.06 0.03
0 11 8 14 5
0.47 0.14 0.07 0.19 0.12
7 14 12 16 17
0.17 0.36 0.23 0.21 0.03
11 1 0 2 12
0.14 0.04 0.48 0.21 0.13
1 16 4 10 3
0.05 0.16 0.4 0.19 0.2
17 3 9 7 4
0.02 0.25 0.09 0.15 0.48
7 11 13 15 16
0.21 0.32 0.04 0.16 0.27
15 5 6 16 4
0.1 0.18 0.11 0.17 0.44
7 4 1 6 16
0.15 0.48 0.07 0.12 0.19
3 17 4 6 11
0.23 0.02 0.44 0.11 0.2
14 0 7 13 10
0.21 0.51 0.1 0.02 0.16
0 14 2 5 19
0.4 0.17 0.18 0.11 0.14
0 18 17 5 9
0.68 0.04 0.02 0.18 0.08
2 0 12 5 14
0.19 0.42 0.11 0.11 0.17
7 5 8 4 0
0.09 0.12 0.07 0.28 0.45
18 11 2 7 15
0.05 0.26 0.39 0.17 0.13
14 15 3 9 17
0.4 0.14 0.31 0.12 0.03
15 10 6 14 4
0.09 0.19 0.09 0.25 0.38
5 19 17 7 1
0.28 0.39 0.03 0.21 0.09
17 16 2 14 4
0.02 0.14 0.25 0.23 0.36
16 11 17 5 7
0.24 0.28 0.03 0.26 0.19
10 15 8 14 7
0.25 0.12 0.12 0.34 0.16
6 0 7 1 17
0.1 0.68 0.13 0.06 0.02
19 6 8 14 15
0.3 0.13 0.12 0.34 0.12
7 16 0 10 18
0.11 0.14 0.56 0.17 0.03
16 8 7 1 2
0.22 0.13 0.17 0.08 0.4
11 16 5 10 17
0.26 0.22 0.23 0.27 0.03
13 4 9 16 7
0.03 0.51 0.1 0.2 0.16
4 2 16 10 14
0.31 0.22 0.12 0.15 0.2
0 11 6 16 3
0.5 0.14 0.08 0.12 0.16
4 10 9 6 17
0.51 0.25 0.1 0.12 0.02
12 7 9 4 0
0.12 0.09 0.06 0.28 0.45
3 7 1 5 13
0.36 0.21 0.1 0.29 0.04
11 2 7 15 13
0.26 0.4 0.17 0.13 0.03
1 12 17 2 6
0.09 0.27 0.03 0.45 0.15
15 14 0 13 9
0.08 0.24 0.58 0.02 0.07
15 2 14 3 0
0.06 0.19 0.18 0.14 0.43
6 15 10 8 13
0.19 0.18 0.39 0.19 0.05
14 5 16 2 0
0.17 0.11 0.1 0.19 0.42
0 15 16 3 10
0.5 0.07 0.12 0.16 0.15
18 4 6 11 8
0.04 0.49 0.12 0.23 0.12
0 7 9 11 12
0.53 0.1 0.06 0.16 0.14
6 0 8 1 17
0.11 0.71 0.1 0.06 0.02
13 19 6 7 15
0.04 0.4 0.17 0.22 0.16
15 7 19 17 5
0.15 0.2 0.36 0.03 0.26
6 13 14 17 3
0.16 0.04 0.43 0.03 0.34
14 0 6 15 18
0.23 0.57 0.09 0.08 0.03
7 4 1 9 10
0.14 0.47 0.06 0.09 0.23
11 3 14 19 8
0.19 0.21 0.27 0.23 0.1
12 17 1 15 2
0.27 0.03 0.09 0.15 0.46
16 2 8 17 18
0.27 0.48 0.16 0.03 0.06
3 19 2 4 7
0.16 0.18 0.23 0.32 0.1
0 3 5 19 4
0.39 0.12 0.1 0.14 0.24
3 5 15 18 16
0.31 0.25 0.14 0.05 0.24
18 10 19 14 1
0.05 0.25 0.3 0.34 0.07
4 1 13 7 6
0.57 0.08 0.03 0.18 0.14
14 2 18 8 3
0.3 0.32 0.04 0.11 0.23
11 3 6 9 17
0.32 0.35 0.17 0.13 0.03
1 5 13 6 18
0.15 0.44 0.06 0.26 0.09
10 4 9 19 16
0.18 0.38 0.07 0.22 0.15
16 3 5 12 2
0.16 0.21 0.17 0.17 0.29
3 17 13 19 9
0.37 0.04 0.04 0.41 0.14
1 8 7 12 10
0.09 0.15 0.19 0.27 0.3
6 3 9 16 7
0.15 0.31 0.12 0.24 0.19
0 9 8 12 18
0.63 0.08 0.09 0.17 0.03
10 1 7 9 3
0.3 0.08 0.19 0.12 0.31
3 4 15 12 14
0.18 0.35 0.08 0.15 0.23
4 6 2 14 11
0.33 0.08 0.23 0.21 0.15
18 16 15 3 17
0.07 0.31 0.18 0.4 0.04
1 5 11 3 12
0.07 0.21 0.24 0.26 0.22
13 5 19 6 18
0.04 0.3 0.41 0.18 0.06
19 9 2 4 10
0.19 0.07 0.24 0.34 0.16
0 8 14 2 1
0.48 0.07 0.2 0.21 0.04
10 15 9 13 3
0.33 0.16 0.13 0.04 0.35
19 6 2 8 0
0.17 0.07 0.21 0.07 0.48
1 6 8 13 18
0.18 0.32 0.31 0.08 0.12
3 15 11 19 14
0.21 0.09 0.19 0.24 0.27
10 6 14 12 5
0.22 0.11 0.29 0.19 0.19
13 3 11 7 1
0.04 0.34 0.31 0.21 0.09
11 3 16 19 12
0.2 0.22 0.17 0.24 0.18
6 8 15 9 2
0.15 0.15 0.14 0.12 0.44
