#Number of options
10

#Assortments data
5 9 0 2 7
0.03 0.09 0.45 0.32 0.12
0 8 2 7 1
0.32 0.05 0.23 0.08 0.32
9 4 2 6 0
0.06 0.29 0.2 0.17 0.28
8 4 3 0 1
0.04 0.31 0.05 0.3 0.3
0 1 8 2 7
0.32 0.32 0.05 0.23 0.08
1 5 4 2 8
0.34 0.02 0.35 0.24 0.05
0 3 8 9 4
0.4 0.07 0.06 0.08 0.4
4 3 2 6 1
0.29 0.05 0.2 0.18 0.28
1 3 9 5 8
0.63 0.11 0.12 0.05 0.09
3 9 2 8 4
0.08 0.09 0.32 0.06 0.45
6 2 0 4 5
0.18 0.21 0.29 0.3 0.02
3 0 7 9 8
0.1 0.57 0.15 0.11 0.08
2 0 1 7 9
0.22 0.32 0.31 0.08 0.06
9 0 2 5 6
0.08 0.39 0.27 0.03 0.24
6 7 4 9 5
0.28 0.12 0.47 0.09 0.03
6 2 9 4 5
0.24 0.27 0.08 0.39 0.03
6 2 4 1 3
0.18 0.2 0.29 0.28 0.05
8 1 9 2 7
0.06 0.43 0.09 0.31 0.11
6 7 0 5 1
0.21 0.09 0.34 0.02 0.34
3 8 7 0 1
0.07 0.06 0.1 0.39 0.39
8 4 6 3 2
0.05 0.38 0.23 0.06 0.27
4 1 2 7 9
0.32 0.31 0.22 0.08 0.06
3 1 4 2 6
0.05 0.28 0.29 0.2 0.18
6 3 0 5 4
0.21 0.06 0.35 0.02 0.35
6 0 9 3 5
0.3 0.49 0.1 0.08 0.03
8 0 6 5 3
0.07 0.5 0.31 0.04 0.08
9 0 5 7 3
0.12 0.59 0.04 0.15 0.1
9 2 4 1 3
0.06 0.23 0.33 0.32 0.05
5 0 3 6 4
0.02 0.35 0.06 0.21 0.35
0 7 8 5 3
0.61 0.16 0.09 0.04 0.1
4 8 6 5 3
0.5 0.07 0.31 0.04 0.08
8 9 3 4 0
0.06 0.08 0.07 0.4 0.4
8 9 4 5 6
0.07 0.1 0.5 0.03 0.3
3 0 1 8 5
0.07 0.42 0.42 0.06 0.03
5 8 2 1 9
0.03 0.07 0.34 0.47 0.09
6 5 8 4 3
0.31 0.04 0.07 0.5 0.08
9 1 8 5 2
0.09 0.47 0.07 0.03 0.34
9 5 0 4 6
0.07 0.02 0.35 0.35 0.21
6 5 0 7 4
0.21 0.02 0.34 0.09 0.34
7 0 1 5 8
0.11 0.4 0.4 0.03 0.06
5 8 1 4 6
0.03 0.05 0.35 0.36 0.22
8 5 7 9 3
0.17 0.08 0.31 0.23 0.2
6 3 0 7 4
0.2 0.06 0.33 0.09 0.33
8 2 0 1 6
0.04 0.21 0.29 0.29 0.18
7 5 6 0 8
0.13 0.03 0.29 0.48 0.07
9 3 0 1 6
0.07 0.06 0.34 0.33 0.21
8 5 9 2 1
0.07 0.03 0.09 0.34 0.47
9 0 4 5 2
0.07 0.33 0.34 0.02 0.24
9 5 1 3 6
0.1 0.03 0.49 0.08 0.3
8 2 3 1 0
0.05 0.24 0.06 0.33 0.33
5 6 3 8 7
0.06 0.49 0.13 0.11 0.21
1 6 3 7 9
0.44 0.27 0.08 0.12 0.09
8 6 0 2 1
0.04 0.18 0.29 0.21 0.29
5 0 7 4 1
0.02 0.3 0.08 0.3 0.3
1 2 5 6 4
0.29 0.21 0.02 0.18 0.3
5 9 0 8 2
0.03 0.09 0.47 0.07 0.34
4 6 3 2 9
0.37 0.23 0.06 0.26 0.07
1 5 7 3 9
0.59 0.04 0.15 0.1 0.12
4 6 7 5 0
0.34 0.21 0.09 0.02 0.34
1 2 8 0 9
0.33 0.23 0.05 0.33 0.06
9 2 5 7 8
0.14 0.51 0.05 0.19 0.1
5 6 0 3 8
0.04 0.31 0.5 0.08 0.07
5 1 9 8 6
0.04 0.49 0.1 0.07 0.3
0 5 2 7 1
0.33 0.02 0.23 0.09 0.33
9 8 0 2 4
0.06 0.05 0.33 0.23 0.33
4 0 8 5 1
0.31 0.31 0.04 0.02 0.31
3 7 9 1 2
0.07 0.11 0.08 0.43 0.31
2 8 0 3 7
0.31 0.06 0.44 0.07 0.11
3 1 6 4 9
0.06 0.33 0.21 0.34 0.07
4 0 1 9 2
0.26 0.26 0.25 0.05 0.18
1 4 6 2 7
0.28 0.28 0.17 0.2 0.07
9 8 2 7 3
0.13 0.1 0.48 0.18 0.11
5 1 8 3 0
0.03 0.42 0.06 0.07 0.42
8 0 6 5 7
0.07 0.48 0.29 0.03 0.13
5 0 3 7 1
0.03 0.4 0.07 0.1 0.4
3 0 7 2 4
0.05 0.32 0.08 0.23 0.32
9 6 1 8 2
0.07 0.23 0.37 0.05 0.27
7 2 4 9 0
0.08 0.22 0.32 0.06 0.31
6 0 3 1 7
0.2 0.33 0.06 0.33 0.09
5 7 6 1 3
0.03 0.12 0.29 0.47 0.08
4 2 8 6 3
0.38 0.27 0.05 0.23 0.06
2 7 4 8 6
0.26 0.1 0.37 0.05 0.22
0 3 7 8 4
0.39 0.07 0.1 0.06 0.39
6 1 3 4 8
0.21 0.34 0.06 0.35 0.05
5 4 6 0 2
0.02 0.3 0.18 0.29 0.21
2 1 4 5 9
0.24 0.33 0.34 0.02 0.07
9 4 1 2 6
0.06 0.29 0.28 0.2 0.17
1 7 4 8 9
0.38 0.1 0.39 0.05 0.08
3 2 5 9 8
0.13 0.55 0.06 0.15 0.11
9 5 6 4 1
0.07 0.02 0.21 0.35 0.34
5 0 9 4 8
0.03 0.41 0.08 0.42 0.06
0 1 6 7 9
0.33 0.32 0.2 0.09 0.06
0 5 3 4 7
0.4 0.03 0.07 0.4 0.1
9 2 5 4 3
0.09 0.33 0.03 0.47 0.08
1 0 6 5 3
0.35 0.35 0.22 0.03 0.06
0 4 5 8 2
0.34 0.34 0.02 0.05 0.24
0 4 1 8 7
0.29 0.3 0.29 0.04 0.08
8 3 7 4 6
0.07 0.08 0.12 0.46 0.28
6 5 4 1 7
0.21 0.02 0.34 0.34 0.09
0 5 1 8 3
0.42 0.03 0.42 0.06 0.07
4 7 5 9 8
0.6 0.16 0.04 0.12 0.08
8 3 4 7 5
0.09 0.1 0.61 0.16 0.04
1 4 3 5 8
0.42 0.42 0.07 0.03 0.06
0 4 8 2 1
0.26 0.26 0.04 0.18 0.26
0 2 8 4 1
0.26 0.18 0.04 0.26 0.26
2 1 3 8 6
0.27 0.38 0.06 0.05 0.23
2 0 4 8 5
0.24 0.34 0.34 0.05 0.02
2 7 0 3 6
0.26 0.1 0.36 0.06 0.22
7 2 3 0 9
0.11 0.3 0.07 0.43 0.08
6 4 2 3 1
0.18 0.29 0.2 0.05 0.28
7 8 5 1 6
0.13 0.07 0.03 0.48 0.29
4 1 0 9 8
0.3 0.3 0.3 0.06 0.04
5 4 3 6 2
0.03 0.39 0.07 0.24 0.28
3 1 9 7 0
0.06 0.38 0.07 0.1 0.38
3 2 4 1 9
0.05 0.23 0.33 0.32 0.06
4 7 5 0 1
0.3 0.08 0.02 0.3 0.3
9 6 2 7 0
0.07 0.22 0.26 0.09 0.36
6 2 1 3 4
0.18 0.2 0.28 0.05 0.29
3 1 6 9 8
0.08 0.47 0.29 0.09 0.07
7 9 0 8 3
0.15 0.11 0.57 0.08 0.1
7 1 8 9 2
0.11 0.43 0.06 0.09 0.31
7 0 9 5 6
0.12 0.47 0.09 0.03 0.29
5 2 9 0 4
0.02 0.24 0.07 0.33 0.34
3 8 9 5 0
0.11 0.09 0.12 0.05 0.63
1 6 7 0 5
0.34 0.21 0.09 0.34 0.02
9 2 5 4 7
0.09 0.32 0.03 0.45 0.12
9 0 1 5 8
0.08 0.42 0.41 0.03 0.06
7 0 8 6 9
0.12 0.45 0.06 0.28 0.09
4 1 0 5 8
0.31 0.31 0.31 0.02 0.04
2 6 7 8 3
0.37 0.32 0.14 0.08 0.09
3 4 1 8 9
0.07 0.4 0.4 0.06 0.08
2 5 3 8 0
0.34 0.03 0.08 0.07 0.48
5 6 3 1 4
0.02 0.21 0.06 0.35 0.35
3 8 7 9 2
0.11 0.1 0.18 0.13 0.48
6 2 7 5 1
0.23 0.27 0.1 0.03 0.37
4 6 3 7 0
0.33 0.2 0.06 0.09 0.33
4 2 8 1 3
0.33 0.23 0.05 0.33 0.06
3 2 6 0 1
0.05 0.2 0.18 0.29 0.28
7 8 3 6 9
0.19 0.1 0.12 0.44 0.14
5 0 9 7 2
0.03 0.45 0.09 0.12 0.32
3 0 2 9 6
0.06 0.37 0.26 0.07 0.23
5 0 7 3 6
0.03 0.47 0.12 0.08 0.29
8 2 1 0 5
0.05 0.24 0.34 0.34 0.02
0 6 1 2 7
0.28 0.17 0.28 0.2 0.07
2 3 7 8 4
0.31 0.07 0.11 0.06 0.44
1 2 9 8 0
0.33 0.23 0.06 0.05 0.33
4 2 0 9 1
0.26 0.18 0.26 0.05 0.25
7 0 1 9 6
0.09 0.33 0.32 0.06 0.2
6 8 3 4 9
0.29 0.07 0.08 0.47 0.09
7 9 0 3 1
0.1 0.07 0.38 0.06 0.38
0 4 5 2 6
0.29 0.3 0.02 0.21 0.18
1 0 4 6 8
0.26 0.27 0.27 0.16 0.04
8 6 5 0 2
0.06 0.24 0.03 0.39 0.28
9 6 3 7 1
0.09 0.27 0.08 0.12 0.44
8 7 6 0 5
0.07 0.13 0.29 0.48 0.03
5 4 8 9 7
0.04 0.6 0.08 0.12 0.16
3 7 8 6 0
0.08 0.12 0.07 0.28 0.46
1 5 8 3 4
0.42 0.03 0.06 0.07 0.42
0 8 9 3 7
0.57 0.08 0.11 0.1 0.15
5 6 1 0 8
0.03 0.22 0.35 0.35 0.05
8 5 4 6 9
0.07 0.03 0.5 0.3 0.1
1 2 6 5 8
0.39 0.28 0.24 0.03 0.06
5 4 9 8 1
0.03 0.42 0.08 0.06 0.41
4 9 7 1 5
0.4 0.08 0.1 0.39 0.03
0 4 9 8 7
0.38 0.39 0.08 0.05 0.1
8 9 5 0 7
0.09 0.12 0.04 0.6 0.16
4 6 9 1 5
0.35 0.21 0.07 0.34 0.02
5 9 7 8 4
0.04 0.12 0.16 0.08 0.6
0 9 4 3 2
0.32 0.06 0.33 0.05 0.23
7 2 4 9 8
0.11 0.31 0.44 0.08 0.06
8 7 3 5 6
0.11 0.21 0.13 0.06 0.49
6 1 8 9 7
0.28 0.45 0.06 0.09 0.12
6 4 3 9 1
0.21 0.34 0.06 0.07 0.33
3 2 6 9 4
0.06 0.26 0.23 0.07 0.37
7 9 6 5 8
0.2 0.15 0.48 0.06 0.11
0 8 2 7 4
0.32 0.05 0.23 0.08 0.32
8 9 2 1 7
0.06 0.09 0.31 0.43 0.11
3 6 9 8 2
0.09 0.33 0.11 0.08 0.39
6 1 7 2 4
0.17 0.28 0.07 0.2 0.28
0 7 2 3 5
0.45 0.12 0.32 0.08 0.03
2 9 0 5 3
0.33 0.09 0.47 0.03 0.08
1 0 7 3 8
0.39 0.39 0.1 0.07 0.06
6 8 1 7 4
0.2 0.05 0.33 0.09 0.33
3 6 5 2 4
0.07 0.24 0.03 0.28 0.39
6 8 0 7 3
0.28 0.07 0.46 0.12 0.08
9 3 0 1 2
0.06 0.05 0.33 0.32 0.23
8 7 0 1 5
0.06 0.11 0.4 0.4 0.03
6 5 3 2 0
0.24 0.03 0.07 0.28 0.39
9 1 6 2 0
0.06 0.28 0.17 0.2 0.28
8 3 6 9 1
0.07 0.08 0.29 0.09 0.47
0 3 5 9 2
0.47 0.08 0.03 0.09 0.33
2 7 8 9 4
0.31 0.11 0.06 0.08 0.44
8 0 3 5 2
0.07 0.48 0.08 0.03 0.34
3 1 9 8 2
0.08 0.45 0.09 0.06 0.32
0 7 3 5 2
0.45 0.12 0.08 0.03 0.32
8 6 7 4 9
0.06 0.28 0.12 0.45 0.09
7 2 6 8 3
0.14 0.37 0.32 0.08 0.09
1 7 0 3 2
0.32 0.08 0.32 0.05 0.23
3 4 5 8 1
0.07 0.42 0.03 0.06 0.42
8 5 6 3 7
0.11 0.06 0.49 0.13 0.21
