#Number of options
20

#Assortments data
17 1 3 8 14
0.03 0.08 0.43 0.16 0.3
6 15 19 1 17
0.09 0.39 0.33 0.14 0.05
6 8 9 19 18
0.1 0.31 0.16 0.35 0.08
18 8 17 0 4
0.03 0.12 0.02 0.34 0.48
16 18 19 10 12
0.13 0.04 0.18 0.47 0.18
15 10 12 4 8
0.13 0.29 0.11 0.38 0.1
15 18 8 1 3
0.24 0.05 0.18 0.08 0.46
16 14 17 18 1
0.22 0.52 0.05 0.07 0.13
13 0 10 5 16
0.03 0.33 0.35 0.2 0.09
7 15 9 19 10
0.13 0.2 0.08 0.17 0.43
11 19 8 2 4
0.12 0.14 0.12 0.14 0.48
12 15 5 2 11
0.18 0.22 0.27 0.18 0.16
10 7 3 15 0
0.28 0.08 0.25 0.13 0.27
12 7 16 2 8
0.23 0.18 0.16 0.23 0.2
0 8 3 9 16
0.36 0.13 0.34 0.07 0.1
10 18 15 4 13
0.34 0.03 0.15 0.45 0.03
0 19 18 6 12
0.5 0.2 0.05 0.06 0.2
10 6 16 3 17
0.43 0.05 0.11 0.38 0.03
8 14 5 3 18
0.14 0.25 0.23 0.35 0.04
8 15 19 11 5
0.16 0.22 0.18 0.16 0.27
1 13 17 3 12
0.1 0.05 0.04 0.57 0.24
11 4 13 19 8
0.14 0.54 0.03 0.16 0.14
0 14 18 17 8
0.46 0.3 0.04 0.03 0.16
15 16 0 11 2
0.19 0.11 0.4 0.14 0.16
0 9 2 11 14
0.39 0.07 0.15 0.14 0.25
16 7 15 11 0
0.12 0.13 0.2 0.15 0.41
6 12 2 14 15
0.06 0.19 0.2 0.32 0.23
6 13 11 1 17
0.15 0.11 0.45 0.21 0.08
19 4 12 8 5
0.13 0.44 0.13 0.11 0.19
11 6 18 12 4
0.15 0.05 0.04 0.17 0.59
7 11 13 1 6
0.3 0.34 0.08 0.16 0.11
4 8 13 0 19
0.43 0.11 0.03 0.31 0.12
7 14 17 18 2
0.2 0.43 0.04 0.06 0.26
11 1 0 2 5
0.14 0.07 0.4 0.16 0.24
4 3 15 0 13
0.36 0.24 0.12 0.26 0.02
8 17 7 15 9
0.25 0.05 0.22 0.34 0.13
19 18 0 4 7
0.13 0.03 0.31 0.44 0.1
13 0 18 2 1
0.05 0.57 0.05 0.23 0.1
12 17 14 8 13
0.26 0.04 0.42 0.23 0.05
15 17 13 14 18
0.35 0.05 0.06 0.47 0.07
