#Number of options
40

#Assortments data
35 36 10 37 1
0.12 0.06 0.43 0.29 0.1
28 5 38 32 37
0.11 0.24 0.1 0.11 0.43
22 23 25 24 2
0.15 0.47 0.11 0.05 0.22
37 27 2 1 36
0.44 0.13 0.2 0.15 0.09
35 23 25 0 1
0.1 0.23 0.05 0.54 0.08
30 6 4 12 2
0.32 0.05 0.34 0.09 0.21
11 20 26 12 1
0.15 0.17 0.28 0.14 0.25
34 21 35 5 31
0.47 0.11 0.15 0.19 0.08
3 35 31 25 18
0.09 0.22 0.12 0.11 0.46
38 19 33 1 39
0.09 0.39 0.16 0.12 0.24
11 32 13 23 0
0.05 0.06 0.09 0.24 0.57
11 6 18 9 19
0.06 0.03 0.29 0.26 0.35
7 1 22 18 38
0.13 0.17 0.15 0.44 0.12
30 26 23 18 21
0.21 0.12 0.3 0.28 0.1
28 2 30 18 23
0.08 0.14 0.21 0.28 0.3
3 34 29 28 12
0.08 0.57 0.16 0.11 0.08
8 18 33 34 28
0.27 0.22 0.11 0.33 0.07
3 25 9 2 6
0.1 0.12 0.45 0.26 0.06
21 16 0 36 3
0.1 0.08 0.71 0.06 0.06
25 10 20 19 8
0.05 0.36 0.06 0.26 0.27
13 14 36 8 35
0.16 0.06 0.09 0.5 0.19
21 22 1 6 26
0.22 0.21 0.23 0.07 0.26
28 14 21 36 9
0.16 0.08 0.18 0.12 0.47
11 31 21 0 23
0.05 0.06 0.08 0.58 0.24
32 6 31 39 33
0.15 0.06 0.14 0.39 0.26
27 26 12 39 28
0.16 0.21 0.11 0.37 0.15
11 16 3 15 12
0.13 0.16 0.11 0.48 0.12
0 36 3 2 5
0.63 0.05 0.05 0.12 0.15
32 34 38 7 11
0.11 0.58 0.1 0.11 0.09
37 17 3 19 2
0.35 0.04 0.06 0.38 0.16
