#Number of options
30

#Assortments data
4 26 13 20 17
0.13 0.1 0.26 0.37 0.14
10 25 3 14 5
0.1 0.17 0.27 0.35 0.1
2 4 11 20 14
0.18 0.16 0.06 0.43 0.18
14 22 21 26 23
0.24 0.18 0.03 0.15 0.4
8 6 7 2 0
0.06 0.1 0.05 0.19 0.6
7 2 21 14 13
0.06 0.24 0.03 0.25 0.42
20 3 28 1 26
0.37 0.12 0.32 0.09 0.1
8 29 14 18 4
0.08 0.39 0.28 0.02 0.23
26 21 9 24 28
0.1 0.02 0.08 0.46 0.33
2 29 4 5 14
0.21 0.31 0.19 0.07 0.22
18 21 23 27 24
0.01 0.02 0.27 0.23 0.47
29 16 1 10 5
0.32 0.42 0.13 0.07 0.07
23 4 19 10 6
0.46 0.23 0.1 0.08 0.13
10 2 28 19 25
0.07 0.23 0.49 0.08 0.12
17 13 7 22 28
0.16 0.3 0.05 0.14 0.36
27 3 8 17 24
0.22 0.12 0.05 0.15 0.46
25 0 27 16 19
0.07 0.42 0.19 0.27 0.05
7 19 21 15 23
0.05 0.07 0.02 0.51 0.34
5 18 7 25 19
0.2 0.06 0.17 0.33 0.23
29 26 17 0 12
0.19 0.09 0.12 0.4 0.21
