#Number of options
40

#Assortments data
13 32 7 27 8
0.15 0.11 0.16 0.3 0.28
10 21 9 13 34
0.26 0.19 0.13 0.07 0.34
1 34 29 27 37
0.19 0.33 0.05 0.15 0.28
20 1 38 5 6
0.1 0.41 0.12 0.29 0.08
21 39 3 5 31
0.23 0.39 0.09 0.16 0.13
17 22 15 9 0
0.04 0.15 0.15 0.16 0.5
14 18 5 35 26
0.06 0.4 0.22 0.11 0.21
0 4 18 15 38
0.42 0.16 0.25 0.13 0.05
6 37 14 27 4
0.06 0.43 0.05 0.22 0.24
19 38 34 8 39
0.33 0.04 0.27 0.11 0.25
10 32 38 23 9
0.31 0.07 0.07 0.39 0.16
19 18 33 20 0
0.32 0.19 0.14 0.03 0.32
38 4 34 1 8
0.06 0.18 0.39 0.22 0.15
12 34 21 20 32
0.11 0.48 0.27 0.06 0.08
25 15 6 35 28
0.33 0.29 0.09 0.16 0.14
0 25 30 15 19
0.35 0.12 0.08 0.11 0.35
19 7 10 13 39
0.37 0.07 0.22 0.06 0.28
22 38 8 10 5
0.18 0.08 0.19 0.36 0.19
31 14 18 35 19
0.12 0.04 0.28 0.08 0.48
27 19 21 25 6
0.16 0.44 0.2 0.16 0.04
19 26 38 35 31
0.54 0.16 0.07 0.09 0.14
18 23 33 34 26
0.2 0.26 0.16 0.28 0.1
14 9 36 22 13
0.09 0.32 0.1 0.32 0.17
5 9 2 23 30
0.17 0.17 0.13 0.4 0.13
13 5 21 9 17
0.13 0.24 0.33 0.24 0.06
18 22 28 34 35
0.29 0.15 0.07 0.4 0.08
34 23 21 9 14
0.34 0.31 0.19 0.13 0.04
5 36 37 39 34
0.12 0.04 0.25 0.29 0.3
1 13 4 23 34
0.18 0.07 0.15 0.29 0.32
24 39 25 32 11
0.08 0.53 0.24 0.09 0.05
35 18 38 17 14
0.16 0.56 0.12 0.08 0.08
24 12 22 5 2
0.1 0.16 0.26 0.27 0.2
18 27 10 14 21
0.28 0.17 0.29 0.04 0.21
11 14 8 5 36
0.08 0.1 0.36 0.36 0.11
31 5 15 3 13
0.21 0.26 0.25 0.15 0.14
11 1 29 38 25
0.06 0.41 0.11 0.12 0.31
26 37 21 35 16
0.17 0.37 0.25 0.09 0.12
31 27 9 37 16
0.14 0.19 0.17 0.37 0.12
8 10 12 9 13
0.2 0.38 0.12 0.2 0.11
28 24 19 0 1
0.06 0.04 0.37 0.37 0.17
35 29 11 8 22
0.17 0.13 0.07 0.33 0.31
13 8 24 39 31
0.1 0.2 0.07 0.47 0.16
27 10 3 31 37
0.17 0.29 0.09 0.12 0.32
9 13 16 26 20
0.28 0.15 0.19 0.27 0.1
15 26 31 19 22
0.14 0.14 0.12 0.46 0.14
14 33 10 8 29
0.05 0.28 0.38 0.2 0.08
20 32 33 37 18
0.05 0.07 0.23 0.34 0.3
2 33 18 11 8
0.14 0.27 0.35 0.04 0.19
28 36 9 0 10
0.07 0.05 0.15 0.46 0.28
17 22 30 9 35
0.08 0.28 0.21 0.28 0.15
