#Number of options
20

#Assortments data
16 3 4 2 14
0.11 0.26 0.25 0.2 0.18
0 7 6 10 16
0.36 0.09 0.05 0.39 0.12
16 10 6 19 14
0.13 0.45 0.06 0.14 0.22
2 19 12 5 16
0.25 0.14 0.32 0.15 0.14
18 11 3 12 14
0.04 0.13 0.31 0.3 0.22
16 13 17 18 1
0.5 0.07 0.1 0.17 0.16
17 6 14 15 1
0.06 0.13 0.49 0.24 0.09
10 17 4 5 2
0.39 0.02 0.26 0.12 0.2
17 1 12 5 2
0.03 0.06 0.41 0.19 0.31
10 0 16 14 6
0.35 0.33 0.1 0.17 0.04
19 3 0 17 6
0.14 0.33 0.44 0.03 0.06
11 1 18 8 0
0.17 0.05 0.06 0.19 0.54
17 11 15 12 10
0.03 0.13 0.11 0.3 0.44
2 15 4 3 9
0.22 0.1 0.28 0.29 0.12
18 7 10 11 3
0.04 0.1 0.43 0.12 0.3
12 8 17 9 0
0.3 0.14 0.03 0.13 0.41
16 1 14 6 12
0.18 0.06 0.29 0.07 0.4
8 2 9 10 0
0.11 0.17 0.09 0.33 0.3
9 11 15 1 5
0.23 0.24 0.19 0.08 0.26
18 19 4 2 0
0.04 0.12 0.26 0.21 0.37
18 16 1 13 9
0.12 0.36 0.12 0.05 0.35
9 5 1 17 15
0.29 0.32 0.1 0.06 0.24
3 6 2 15 5
0.37 0.07 0.28 0.13 0.17
6 12 19 7 4
0.06 0.34 0.15 0.12 0.33
15 4 0 16 18
0.11 0.3 0.42 0.13 0.04
16 1 5 18 0
0.17 0.05 0.18 0.06 0.54
18 0 2 9 1
0.05 0.48 0.27 0.15 0.05
18 15 10 0 19
0.04 0.09 0.39 0.36 0.12
14 16 0 13 17
0.27 0.16 0.51 0.02 0.03
4 10 0 5 9
0.21 0.31 0.29 0.1 0.09
10 13 2 18 15
0.53 0.02 0.27 0.05 0.12
17 4 12 9 7
0.03 0.35 0.35 0.15 0.12
0 16 6 14 9
0.44 0.14 0.06 0.23 0.13
15 13 6 16 11
0.24 0.04 0.13 0.3 0.29
19 11 14 7 2
0.17 0.16 0.27 0.13 0.28
13 5 3 8 4
0.02 0.15 0.34 0.16 0.33
4 0 10 9 8
0.21 0.29 0.31 0.09 0.1
15 2 3 11 17
0.13 0.29 0.39 0.16 0.03
14 18 15 4 10
0.2 0.04 0.1 0.26 0.4
12 11 5 18 0
0.29 0.13 0.14 0.04 0.4
