#Number of options
50

#Assortments data
26 35 45 42 29
0.02 0.36 0.42 0.18 0.02
27 18 17 10 32
0.11 0.37 0.17 0.18 0.18
5 34 25 1 24
0.22 0.07 0.17 0.19 0.35
21 13 23 35 38
0.03 0.08 0.09 0.45 0.35
13 17 34 14 38
0.06 0.14 0.09 0.46 0.26
28 48 1 3 30
0.3 0.04 0.26 0.28 0.12
30 45 38 1 36
0.1 0.33 0.23 0.21 0.13
49 24 1 0 16
0.06 0.27 0.15 0.42 0.1
13 28 33 22 40
0.04 0.22 0.06 0.02 0.66
45 30 10 33 8
0.49 0.15 0.19 0.11 0.07
8 32 14 39 26
0.06 0.16 0.53 0.23 0.02
13 3 5 10 42
0.06 0.29 0.31 0.15 0.18
3 15 45 11 41
0.22 0.06 0.31 0.11 0.31
7 26 19 20 43
0.38 0.04 0.43 0.06 0.1
19 12 2 25 33
0.29 0.04 0.33 0.25 0.1
36 39 43 18 11
0.18 0.24 0.07 0.35 0.16
42 19 2 6 36
0.14 0.21 0.23 0.3 0.12
39 5 15 31 32
0.25 0.36 0.09 0.13 0.18
12 40 1 2 35
0.02 0.49 0.14 0.16 0.19
40 28 31 22 7
0.58 0.19 0.07 0.01 0.15
22 13 8 5 24
0.02 0.07 0.06 0.33 0.52
37 3 14 43 2
0.24 0.19 0.33 0.04 0.2
4 3 9 10 47
0.51 0.21 0.07 0.11 0.1
1 49 0 7 31
0.18 0.07 0.5 0.17 0.08
45 42 16 41 39
0.3 0.13 0.12 0.3 0.15
3 19 20 5 14
0.21 0.2 0.03 0.22 0.35
35 37 40 20 4
0.15 0.15 0.39 0.02 0.29
44 23 48 0 11
0.35 0.05 0.03 0.48 0.09
37 43 5 6 45
0.23 0.04 0.2 0.26 0.27
2 18 48 27 14
0.24 0.25 0.03 0.07 0.4
