#Number of options
40

#Assortments data
36 10 31 25 33
0.08 0.45 0.14 0.11 0.23
20 19 30 22 8
0.03 0.46 0.16 0.14 0.21
25 9 21 17 24
0.15 0.43 0.28 0.09 0.05
8 26 7 36 17
0.43 0.28 0.07 0.12 0.1
35 12 13 0 26
0.05 0.05 0.07 0.69 0.14
29 30 2 23 24
0.1 0.26 0.16 0.43 0.05
27 3 34 9 17
0.14 0.06 0.41 0.32 0.06
8 19 13 3 33
0.22 0.47 0.07 0.05 0.19
38 23 34 9 14
0.03 0.3 0.36 0.28 0.02
36 5 22 12 1
0.13 0.16 0.28 0.11 0.33
23 4 5 25 13
0.37 0.31 0.1 0.12 0.1
19 16 31 21 1
0.48 0.07 0.12 0.17 0.16
20 39 25 38 35
0.07 0.57 0.19 0.07 0.1
15 11 14 8 1
0.22 0.04 0.04 0.4 0.29
1 6 8 3 17
0.32 0.05 0.43 0.09 0.1
39 10 14 8 36
0.29 0.39 0.02 0.23 0.07
29 1 7 14 33
0.14 0.34 0.07 0.05 0.4
31 36 38 22 24
0.3 0.16 0.08 0.37 0.08
1 23 8 25 2
0.19 0.32 0.26 0.11 0.12
24 6 5 36 15
0.1 0.09 0.24 0.19 0.38
1 12 31 7 23
0.25 0.08 0.18 0.05 0.43
3 5 24 7 21
0.13 0.22 0.09 0.09 0.47
5 9 29 38 7
0.17 0.55 0.14 0.07 0.07
33 5 13 39 32
0.28 0.12 0.11 0.41 0.07
12 33 0 11 10
0.04 0.14 0.53 0.02 0.28
15 10 13 24 33
0.16 0.47 0.09 0.04 0.24
30 29 32 33 12
0.32 0.12 0.09 0.36 0.1
8 33 25 18 36
0.31 0.27 0.13 0.2 0.09
28 33 36 35 27
0.08 0.42 0.14 0.11 0.25
35 30 13 15 4
0.08 0.26 0.11 0.19 0.36
28 5 1 17 7
0.1 0.22 0.45 0.14 0.09
17 5 13 23 33
0.08 0.12 0.11 0.42 0.28
15 6 17 34 3
0.21 0.05 0.09 0.57 0.08
32 34 17 20 33
0.08 0.51 0.08 0.05 0.29
29 35 38 39 12
0.14 0.11 0.07 0.58 0.11
30 18 25 15 1
0.24 0.21 0.13 0.18 0.24
19 13 36 33 35
0.56 0.09 0.07 0.22 0.06
30 25 34 22 29
0.21 0.11 0.42 0.18 0.08
32 19 33 25 20
0.06 0.57 0.23 0.11 0.04
1 18 6 7 31
0.34 0.3 0.06 0.07 0.24
