#Number of options
30

#Assortments data
22 9 5 24 8
0.11 0.1 0.06 0.67 0.05
2 1 27 10 17
0.31 0.09 0.36 0.07 0.18
22 24 2 11 13
0.09 0.55 0.15 0.05 0.16
19 6 29 21 27
0.1 0.17 0.28 0.04 0.42
2 25 12 7 10
0.28 0.18 0.38 0.1 0.06
22 3 10 13 23
0.14 0.15 0.05 0.25 0.41
12 21 27 7 3
0.38 0.03 0.32 0.1 0.18
13 7 3 5 22
0.36 0.12 0.22 0.11 0.2
13 12 1 14 2
0.21 0.26 0.06 0.28 0.2
25 20 18 28 16
0.08 0.38 0.01 0.14 0.38
18 14 22 10 4
0.02 0.43 0.18 0.06 0.31
13 3 7 5 24
0.18 0.11 0.06 0.06 0.6
25 16 20 4 24
0.06 0.26 0.26 0.09 0.33
14 7 5 10 0
0.24 0.06 0.06 0.04 0.61
4 22 12 24 6
0.15 0.08 0.19 0.51 0.07
17 0 14 23 1
0.07 0.48 0.19 0.22 0.04
20 4 5 2 19
0.52 0.19 0.06 0.18 0.05
20 1 7 29 3
0.58 0.06 0.07 0.16 0.13
25 12 17 13 23
0.12 0.25 0.11 0.2 0.32
14 5 1 21 6
0.55 0.13 0.11 0.04 0.18
16 6 26 15 14
0.31 0.05 0.11 0.36 0.16
23 24 4 1 16
0.18 0.38 0.11 0.03 0.3
4 25 8 27 23
0.21 0.13 0.06 0.24 0.36
12 1 18 15 22
0.24 0.05 0.01 0.58 0.11
3 16 26 28 29
0.1 0.45 0.16 0.17 0.12
13 6 28 27 15
0.15 0.07 0.15 0.16 0.47
11 16 17 15 2
0.04 0.35 0.07 0.41 0.13
11 21 16 1 17
0.09 0.03 0.68 0.07 0.14
28 26 12 21 2
0.24 0.22 0.3 0.02 0.22
18 0 20 23 29
0.01 0.41 0.31 0.19 0.08
0 20 29 3 18
0.46 0.35 0.1 0.08 0.01
29 14 9 15 26
0.11 0.21 0.08 0.47 0.14
13 17 23 15 9
0.15 0.08 0.24 0.45 0.08
22 21 12 6 8
0.21 0.04 0.48 0.17 0.11
7 22 18 20 19
0.08 0.14 0.02 0.69 0.07
25 13 6 10 21
0.25 0.43 0.19 0.09 0.04
19 3 23 0 8
0.04 0.1 0.26 0.56 0.04
28 4 12 18 6
0.27 0.26 0.34 0.02 0.12
29 4 20 14 24
0.08 0.11 0.29 0.15 0.37
12 20 8 4 25
0.22 0.46 0.05 0.17 0.1
