#Number of options
20

#Assortments data
13 12 7 0 3
0.01 0.16 0.09 0.53 0.21
10 16 6 5 11
0.34 0.18 0.1 0.22 0.16
9 0 8 17 11
0.12 0.69 0.08 0.02 0.09
10 13 6 4 11
0.22 0.02 0.06 0.6 0.1
19 8 10 7 14
0.27 0.09 0.23 0.14 0.27
13 6 9 16 1
0.04 0.17 0.34 0.31 0.13
7 18 6 3 14
0.17 0.05 0.08 0.37 0.33
3 0 18 8 10
0.21 0.54 0.03 0.06 0.16
19 16 13 9 6
0.44 0.2 0.03 0.22 0.11
4 17 7 14 19
0.47 0.02 0.1 0.2 0.2
3 1 13 11 0
0.24 0.04 0.01 0.08 0.62
6 7 3 19 4
0.05 0.1 0.22 0.19 0.45
19 5 8 17 11
0.42 0.23 0.15 0.03 0.17
9 1 12 4 13
0.12 0.05 0.23 0.59 0.02
19 5 10 12 18
0.29 0.16 0.25 0.26 0.05
13 18 6 2 16
0.03 0.08 0.12 0.55 0.22
13 8 2 11 6
0.03 0.16 0.52 0.18 0.11
2 3 5 11 14
0.27 0.27 0.13 0.09 0.24
19 8 7 11 18
0.41 0.14 0.21 0.16 0.07
7 16 12 9 18
0.2 0.18 0.36 0.19 0.06
5 16 12 4 8
0.12 0.1 0.2 0.51 0.08
3 19 12 8 18
0.32 0.28 0.25 0.1 0.05
14 8 15 9 7
0.36 0.13 0.15 0.18 0.19
19 0 13 9 10
0.19 0.55 0.01 0.09 0.16
13 19 2 17 10
0.02 0.32 0.36 0.03 0.27
0 9 18 17 5
0.7 0.12 0.04 0.02 0.13
18 5 0 14 9
0.03 0.1 0.57 0.2 0.1
4 3 7 2 17
0.45 0.22 0.1 0.22 0.02
3 17 10 11 19
0.33 0.02 0.25 0.11 0.29
15 10 9 2 4
0.08 0.16 0.09 0.22 0.45
4 11 13 1 10
0.61 0.1 0.02 0.05 0.22
18 9 7 5 12
0.06 0.19 0.2 0.21 0.35
3 16 18 7 1
0.46 0.18 0.07 0.21 0.08
6 15 19 3 14
0.07 0.11 0.26 0.3 0.26
11 6 5 17 10
0.18 0.12 0.25 0.04 0.4
7 19 9 14 17
0.17 0.32 0.16 0.33 0.03
7 19 15 16 13
0.21 0.41 0.17 0.18 0.02
9 18 4 12 7
0.11 0.04 0.53 0.2 0.12
7 2 18 4 12
0.1 0.22 0.03 0.46 0.18
10 3 14 13 9
0.24 0.32 0.28 0.02 0.14
2 8 18 16 13
0.52 0.16 0.08 0.21 0.03
19 16 7 1 8
0.4 0.18 0.21 0.08 0.14
17 15 18 16 2
0.04 0.18 0.07 0.2 0.51
14 19 17 1 18
0.41 0.41 0.03 0.08 0.07
15 18 9 12 10
0.15 0.06 0.17 0.32 0.3
4 6 10 18 0
0.36 0.04 0.13 0.02 0.45
18 19 13 2 0
0.03 0.19 0.01 0.21 0.55
8 7 19 13 3
0.11 0.17 0.33 0.02 0.37
13 12 7 0 15
0.01 0.19 0.11 0.61 0.09
10 9 6 12 18
0.32 0.18 0.09 0.34 0.06
