#Number of options
30

#Assortments data
28 25 7 2 6
0.39 0.13 0.16 0.23 0.09
4 20 15 17 24
0.13 0.19 0.24 0.08 0.36
6 3 9 29 0
0.06 0.14 0.1 0.2 0.49
10 28 13 9 24
0.02 0.18 0.15 0.07 0.59
8 24 26 5 17
0.06 0.63 0.13 0.03 0.14
26 12 10 9 5
0.19 0.63 0.03 0.1 0.04
28 26 16 11 17
0.24 0.16 0.37 0.05 0.17
20 29 11 18 12
0.34 0.14 0.04 0.01 0.45
3 7 24 23 4
0.07 0.06 0.46 0.24 0.17
1 23 25 5 22
0.07 0.55 0.11 0.05 0.21
18 29 4 11 7
0.03 0.28 0.46 0.08 0.16
21 13 1 4 28
0.02 0.24 0.07 0.36 0.31
0 24 14 28 20
0.2 0.37 0.12 0.12 0.19
14 10 17 11 29
0.38 0.04 0.26 0.07 0.25
1 14 9 15 7
0.05 0.26 0.09 0.51 0.1
24 6 11 2 12
0.5 0.04 0.03 0.09 0.34
1 26 0 4 13
0.05 0.15 0.37 0.26 0.17
5 3 28 27 24
0.03 0.08 0.17 0.18 0.55
11 17 16 5 0
0.05 0.17 0.36 0.03 0.39
2 17 7 28 27
0.16 0.19 0.11 0.26 0.28
12 4 23 22 6
0.37 0.2 0.28 0.11 0.04
10 0 20 15 19
0.02 0.28 0.28 0.35 0.07
14 28 11 3 12
0.22 0.2 0.04 0.09 0.45
28 11 17 29 27
0.27 0.06 0.2 0.19 0.28
22 18 3 23 1
0.21 0.02 0.15 0.54 0.07
23 9 19 4 16
0.32 0.07 0.08 0.23 0.3
17 13 29 1 22
0.24 0.26 0.23 0.07 0.21
4 20 15 19 25
0.2 0.29 0.37 0.07 0.06
18 14 5 22 4
0.02 0.34 0.05 0.21 0.38
18 12 22 2 23
0.01 0.43 0.12 0.11 0.32
9 29 16 26 11
0.1 0.2 0.44 0.19 0.06
10 11 23 8 21
0.05 0.09 0.7 0.13 0.03
17 2 25 22 19
0.27 0.22 0.13 0.23 0.15
11 0 23 27 8
0.04 0.35 0.34 0.21 0.06
22 5 11 3 24
0.14 0.03 0.04 0.1 0.69
22 28 9 6 0
0.16 0.25 0.09 0.06 0.43
15 16 18 8 29
0.44 0.33 0.01 0.07 0.15
21 4 26 0 12
0.01 0.2 0.12 0.29 0.38
27 3 4 5 20
0.23 0.1 0.26 0.03 0.37
4 3 15 14 0
0.18 0.07 0.32 0.16 0.26
18 8 29 3 21
0.04 0.19 0.43 0.29 0.04
16 18 7 17 15
0.32 0.01 0.08 0.15 0.43
23 2 13 16 19
0.33 0.12 0.16 0.31 0.08
11 1 7 22 4
0.08 0.08 0.15 0.24 0.44
9 1 27 8 23
0.1 0.06 0.29 0.09 0.46
24 7 2 15 19
0.48 0.06 0.09 0.31 0.06
17 2 25 12 9
0.17 0.14 0.08 0.52 0.09
14 21 9 28 7
0.37 0.02 0.12 0.34 0.14
7 12 20 29 15
0.06 0.31 0.23 0.1 0.3
8 4 23 1 10
0.09 0.34 0.48 0.06 0.03
