#Number of options
40

#Assortments data
21 38 13 20 31
0.43 0.08 0.21 0.14 0.14
1 35 31 38 5
0.36 0.17 0.18 0.1 0.19
2 13 18 32 27
0.14 0.21 0.32 0.11 0.21
24 11 35 2 30
0.12 0.14 0.19 0.2 0.35
34 22 36 7 18
0.61 0.11 0.04 0.07 0.17
19 15 23 8 1
0.38 0.22 0.18 0.11 0.11
35 5 26 16 29
0.16 0.18 0.24 0.25 0.17
4 32 16 7 9
0.31 0.09 0.18 0.11 0.31
15 5 34 24 11
0.27 0.07 0.57 0.04 0.05
15 9 13 8 31
0.35 0.24 0.14 0.18 0.09
35 34 30 10 2
0.05 0.46 0.1 0.34 0.06
24 3 37 7 28
0.08 0.16 0.49 0.13 0.14
35 23 2 18 20
0.11 0.39 0.12 0.27 0.11
10 23 35 3 12
0.47 0.25 0.07 0.09 0.11
7 4 37 16 0
0.05 0.15 0.21 0.09 0.5
30 23 38 12 34
0.11 0.21 0.04 0.1 0.54
4 27 17 11 12
0.36 0.21 0.12 0.1 0.21
19 35 8 17 13
0.56 0.08 0.17 0.07 0.13
7 24 0 4 3
0.07 0.04 0.62 0.19 0.08
37 38 22 35 15
0.34 0.05 0.14 0.09 0.37
