#Number of options
10

#Assortments data
2 5 8 1 7
0.28 0.08 0.08 0.48 0.08
9 3 8 0 6
0.06 0.07 0.07 0.46 0.35
1 2 9 4 8
0.29 0.17 0.05 0.43 0.05
7 9 6 3 4
0.06 0.06 0.32 0.06 0.5
1 6 7 3 4
0.27 0.25 0.05 0.05 0.39
2 5 7 6 9
0.29 0.08 0.08 0.46 0.08
4 9 3 2 6
0.44 0.05 0.05 0.18 0.28
1 4 5 3 8
0.33 0.49 0.06 0.06 0.06
0 3 5 6 4
0.31 0.04 0.04 0.23 0.37
4 1 6 2 5
0.35 0.24 0.23 0.14 0.04
9 1 6 7 2
0.06 0.35 0.33 0.06 0.2
5 4 9 7 8
0.08 0.68 0.08 0.08 0.08
0 4 2 5 3
0.34 0.4 0.16 0.05 0.05
0 4 9 7 1
0.31 0.36 0.04 0.04 0.25
4 1 6 8 7
0.39 0.27 0.25 0.05 0.05
3 8 7 9 6
0.11 0.11 0.11 0.1 0.58
6 4 2 7 8
0.28 0.44 0.17 0.05 0.05
2 5 7 1 4
0.17 0.05 0.05 0.29 0.43
8 4 6 7 9
0.06 0.5 0.32 0.06 0.06
8 1 2 3 9
0.08 0.48 0.28 0.08 0.08
6 9 1 2 4
0.23 0.04 0.24 0.14 0.35
3 8 4 9 2
0.07 0.07 0.57 0.06 0.23
9 4 1 8 0
0.04 0.36 0.25 0.04 0.3
0 4 2 6 9
0.28 0.34 0.13 0.21 0.04
8 2 9 1 0
0.06 0.18 0.05 0.32 0.39
3 7 0 9 1
0.06 0.06 0.45 0.06 0.36
8 3 4 6 0
0.04 0.04 0.37 0.23 0.31
6 5 4 9 2
0.28 0.05 0.44 0.05 0.18
7 2 4 8 5
0.07 0.23 0.57 0.07 0.07
4 9 0 2 8
0.41 0.05 0.34 0.16 0.05
3 7 9 5 8
0.21 0.2 0.19 0.2 0.2
6 0 9 4 3
0.24 0.31 0.04 0.37 0.04
9 8 3 6 2
0.08 0.09 0.09 0.46 0.29
8 0 1 2 4
0.04 0.28 0.22 0.13 0.33
1 2 7 8 3
0.47 0.28 0.08 0.08 0.08
6 0 7 2 1
0.24 0.31 0.04 0.15 0.25
3 9 7 6 0
0.07 0.06 0.06 0.35 0.46
5 6 9 4 1
0.05 0.25 0.04 0.39 0.27
9 0 3 2 8
0.07 0.53 0.08 0.25 0.08
3 6 7 1 5
0.07 0.38 0.07 0.41 0.07
7 9 0 2 4
0.05 0.05 0.34 0.16 0.41
4 7 8 2 0
0.4 0.05 0.05 0.16 0.34
4 0 5 8 6
0.37 0.31 0.04 0.04 0.23
8 7 5 0 3
0.09 0.09 0.09 0.64 0.09
6 9 3 1 2
0.33 0.06 0.06 0.35 0.2
8 0 5 6 9
0.07 0.46 0.06 0.35 0.06
0 2 8 9 5
0.53 0.25 0.08 0.07 0.07
9 8 1 2 0
0.05 0.06 0.32 0.18 0.39
2 9 8 6 0
0.19 0.05 0.06 0.3 0.4
1 0 2 6 5
0.25 0.31 0.15 0.24 0.04
