#Number of options
50

#Assortments data
9 25 48 4 47
0.05 0.28 0.03 0.48 0.16
34 3 12 49 5
0.13 0.25 0.04 0.17 0.4
2 34 40 6 22
0.22 0.05 0.3 0.39 0.03
26 29 46 8 3
0.04 0.04 0.33 0.27 0.32
35 24 30 6 16
0.18 0.26 0.06 0.38 0.12
27 3 38 43 42
0.12 0.17 0.48 0.06 0.17
23 8 25 19 5
0.07 0.14 0.33 0.2 0.26
2 1 33 32 23
0.31 0.42 0.11 0.09 0.06
10 26 18 32 12
0.11 0.02 0.72 0.12 0.03
28 17 0 46 15
0.29 0.1 0.53 0.07 0.02
43 48 40 44 36
0.05 0.03 0.39 0.41 0.13
17 35 0 36 1
0.09 0.12 0.52 0.07 0.19
43 23 2 44 48
0.06 0.07 0.35 0.49 0.03
49 36 19 44 17
0.09 0.13 0.16 0.41 0.19
40 32 49 43 4
0.36 0.08 0.08 0.05 0.43
20 12 28 48 34
0.05 0.03 0.78 0.04 0.1
10 1 28 11 19
0.06 0.3 0.43 0.1 0.12
1 25 32 18 21
0.31 0.21 0.07 0.4 0.01
34 14 1 46 49
0.07 0.27 0.41 0.15 0.1
7 12 21 16 4
0.25 0.03 0.02 0.19 0.52
30 14 22 36 45
0.07 0.23 0.04 0.11 0.56
44 33 5 49 28
0.29 0.07 0.16 0.07 0.41
17 49 23 37 33
0.22 0.11 0.07 0.48 0.12
40 21 46 24 45
0.25 0.01 0.09 0.23 0.42
26 20 42 14 5
0.03 0.05 0.21 0.39 0.33
12 18 26 35 4
0.02 0.41 0.01 0.2 0.36
44 23 17 2 14
0.34 0.05 0.16 0.24 0.22
48 29 44 40 30
0.03 0.02 0.44 0.42 0.08
47 39 49 15 19
0.2 0.42 0.12 0.04 0.21
49 23 43 2 48
0.18 0.11 0.09 0.56 0.06
36 20 43 16 39
0.19 0.05 0.07 0.24 0.46
35 11 32 48 0
0.16 0.08 0.05 0.02 0.68
2 44 43 39 24
0.2 0.29 0.03 0.23 0.25
37 45 44 26 36
0.25 0.4 0.25 0.01 0.08
26 28 6 22 5
0.01 0.42 0.38 0.03 0.16
10 21 22 45 40
0.07 0.01 0.03 0.55 0.33
3 18 30 46 4
0.1 0.39 0.06 0.11 0.35
16 13 0 48 7
0.1 0.07 0.66 0.02 0.14
49 30 18 9 1
0.08 0.07 0.46 0.05 0.35
37 0 8 32 3
0.23 0.59 0.06 0.05 0.08
