#Number of options
30

#Assortments data
26 17 3 10 15
0.17 0.17 0.16 0.07 0.44
25 27 22 9 19
0.2 0.34 0.26 0.11 0.09
19 26 0 5 15
0.04 0.1 0.56 0.03 0.26
15 18 14 19 24
0.24 0.01 0.12 0.04 0.59
29 17 20 8 16
0.09 0.11 0.4 0.03 0.37
20 26 0 11 5
0.33 0.09 0.49 0.06 0.03
20 21 10 1 7
0.74 0.03 0.08 0.1 0.06
13 20 14 11 19
0.25 0.46 0.15 0.09 0.05
27 15 12 29 9
0.22 0.35 0.24 0.12 0.07
18 25 24 28 27
0.01 0.09 0.6 0.14 0.16
21 7 8 15 17
0.03 0.08 0.07 0.59 0.23
24 4 23 13 21
0.56 0.11 0.13 0.18 0.01
19 4 7 23 0
0.05 0.14 0.04 0.17 0.61
1 7 12 18 8
0.16 0.11 0.59 0.04 0.1
15 4 11 23 18
0.42 0.2 0.12 0.24 0.02
14 21 26 23 10
0.29 0.03 0.23 0.35 0.09
10 13 8 20 9
0.06 0.29 0.04 0.54 0.08
8 2 28 12 3
0.06 0.13 0.28 0.35 0.18
27 25 23 20 22
0.18 0.1 0.16 0.42 0.13
3 8 16 6 28
0.13 0.04 0.52 0.1 0.21
