#Number of options
40

#Assortments data
27 8 10 19 31
0.06 0.23 0.26 0.39 0.05
20 11 8 3 19
0.05 0.06 0.3 0.08 0.51
11 25 1 3 37
0.11 0.26 0.18 0.14 0.32
29 32 3 13 37
0.18 0.17 0.15 0.15 0.35
37 8 29 18 4
0.18 0.32 0.09 0.21 0.2
37 4 9 0 5
0.11 0.12 0.16 0.5 0.12
5 30 10 29 2
0.19 0.24 0.33 0.09 0.16
36 35 21 2 20
0.15 0.15 0.37 0.25 0.08
34 13 17 14 35
0.6 0.1 0.13 0.03 0.14
24 15 12 27 33
0.08 0.31 0.16 0.16 0.29
29 33 27 39 3
0.15 0.26 0.14 0.31 0.13
32 34 5 11 38
0.1 0.53 0.24 0.07 0.06
11 15 34 23 4
0.05 0.13 0.33 0.35 0.15
16 23 13 20 4
0.09 0.53 0.09 0.06 0.23
35 26 16 19 8
0.08 0.22 0.06 0.41 0.24
7 30 20 19 2
0.06 0.24 0.05 0.5 0.16
8 3 39 9 16
0.35 0.09 0.2 0.29 0.08
12 28 39 16 9
0.13 0.09 0.28 0.11 0.39
6 2 17 37 10
0.05 0.2 0.11 0.22 0.42
12 11 14 19 24
0.12 0.08 0.03 0.72 0.06
