Number of options: 70
Size of codes: 100
39 36 20 65 37 27 60 37 42 20 60 17 66 47 64 58 50 67 0 64 59 66 57 15 12 33 63 66 65 55 68 0 26 37 7 1 0 12 30 50 27 25 44 56 17 49 33 43 66 27 54 52 12 26 6 29 64 40 30 6 33 60 25 4 36 13 18 45 50 12 10 60 2 36 20 30 19 67 18 33 2 46 39 64 15 22 20 30 53 58 40 44 24 33 4 60 4 39 56 16 
Size of probabilities: 100
0.16 0.14 0.24 0.14 0.32 0.13 0.17 0.34 0.12 0.25 0.11 0.52 0.24 0.09 0.04 0.35 0.13 0.3 0.11 0.1 0.13 0.32 0.27 0.12 0.15 0.25 0.42 0.17 0.07 0.09 0.26 0.04 0.27 0.16 0.27 0.07 0.16 0.39 0.19 0.19 0.08 0.13 0.17 0.1 0.53 0.11 0.29 0.34 0.19 0.06 0.07 0.18 0.12 0.37 0.27 0.31 0.05 0.29 0.06 0.29 0.4 0.12 0.14 0.24 0.1 0.43 0.22 0.1 0.08 0.17 0.14 0.13 0.45 0.1 0.18 0.07 0.09 0.17 0.19 0.48 0.48 0.24 0.13 0.05 0.11 0.16 0.1 0.03 0.62 0.09 0.23 0.15 0.11 0.32 0.19 0.15 0.29 0.14 0.13 0.29 
Number of assortments: 20
Sizes of assortments: 5 5 5 5 5 5 5 5 5 5 5 5 5 5 5 5 5 5 5 5 
-------------------Iteration: 1
CPXPARAM_MIP_Display                             1
CPXPARAM_MIP_Strategy_CallbackReducedLP          0
Tried aggregator 1 time.
LP Presolve eliminated 101 rows and 201 columns.
All rows and columns eliminated.
Presolve time = 0.00 sec. (0.04 ticks)
***********************************************************
Objective value of restricted master problem: 30.05
Lamda: 1 
***********************************************************
