Number of options: 70
Size of codes: 100
47 10 30 45 63 40 31 24 26 0 64 48 30 63 34 25 26 41 38 62 52 39 42 29 33 24 7 45 31 23 46 38 47 4 8 30 69 9 33 53 6 16 36 20 0 68 65 55 47 38 67 55 4 65 30 46 57 69 21 54 53 9 66 67 34 24 51 3 47 30 55 29 8 35 50 11 65 48 18 16 60 9 47 21 7 67 30 14 49 42 18 59 47 22 14 61 10 26 68 33 
Size of probabilities: 100
0.19 0.09 0.1 0.51 0.12 0.12 0.1 0.32 0.21 0.24 0.16 0.32 0.17 0.2 0.14 0.4 0.18 0.25 0.04 0.13 0.1 0.28 0.16 0.22 0.25 0.22 0.12 0.34 0.07 0.25 0.21 0.05 0.18 0.29 0.28 0.04 0.37 0.33 0.22 0.04 0.08 0.33 0.28 0.13 0.17 0.09 0.57 0.16 0.14 0.04 0.13 0.14 0.19 0.48 0.06 0.1 0.07 0.42 0.12 0.29 0.07 0.55 0.19 0.14 0.06 0.27 0.19 0.29 0.17 0.09 0.16 0.35 0.22 0.2 0.07 0.03 0.28 0.07 0.44 0.17 0.22 0.44 0.1 0.14 0.1 0.12 0.06 0.26 0.35 0.21 0.33 0.23 0.05 0.27 0.12 0.48 0.05 0.11 0.07 0.29 
Number of assortments: 20
Sizes of assortments: 5 5 5 5 5 5 5 5 5 5 5 5 5 5 5 5 5 5 5 5 
-------------------Iteration: 1
CPXPARAM_MIP_Display                             1
CPXPARAM_MIP_Strategy_CallbackReducedLP          0
Tried aggregator 1 time.
LP Presolve eliminated 101 rows and 201 columns.
All rows and columns eliminated.
Presolve time = 0.00 sec. (0.04 ticks)
***********************************************************
Objective value of restricted master problem: 32.01
Lamda: 1 
***********************************************************
