Number of options: 70
Size of codes: 100
11 32 60 53 43 47 2 19 48 56 15 67 62 43 41 7 62 32 40 44 34 39 37 51 44 6 37 19 10 42 19 1 43 53 61 16 17 63 67 51 40 67 33 10 63 18 14 29 11 52 22 58 17 66 50 36 57 55 5 22 56 25 57 19 31 66 62 1 10 4 7 1 14 47 24 46 25 58 39 24 16 41 1 56 67 12 44 63 2 69 3 58 18 52 15 57 7 21 19 58 
Size of probabilities: 100
0.26 0.23 0.04 0.37 0.09 0.04 0.07 0.08 0.74 0.07 0.17 0.06 0.41 0.16 0.19 0.16 0.22 0.21 0.08 0.33 0.15 0.05 0.38 0.08 0.35 0.06 0.49 0.1 0.21 0.15 0.11 0.03 0.14 0.54 0.19 0.09 0.27 0.48 0.05 0.12 0.12 0.05 0.13 0.24 0.46 0.07 0.27 0.37 0.26 0.03 0.11 0.38 0.17 0.28 0.05 0.04 0.35 0.28 0.18 0.15 0.09 0.26 0.41 0.11 0.12 0.27 0.22 0.02 0.16 0.34 0.32 0.04 0.5 0.08 0.07 0.07 0.25 0.56 0.07 0.05 0.21 0.38 0.07 0.21 0.12 0.05 0.38 0.35 0.07 0.15 0.22 0.52 0.09 0.03 0.13 0.28 0.18 0.07 0.08 0.4 
Number of assortments: 20
Sizes of assortments: 5 5 5 5 5 5 5 5 5 5 5 5 5 5 5 5 5 5 5 5 
-------------------Iteration: 1
CPXPARAM_MIP_Display                             1
CPXPARAM_MIP_Strategy_CallbackReducedLP          0
Tried aggregator 1 time.
LP Presolve eliminated 101 rows and 201 columns.
All rows and columns eliminated.
Presolve time = 0.02 sec. (0.04 ticks)
***********************************************************
Objective value of restricted master problem: 34.81
Lamda: 1 
***********************************************************
CPXPARAM_MIP_Display                             1
CPXPARAM_MIP_Strategy_CallbackReducedLP          0
