Number of options: 70
Size of codes: 100
16 63 25 51 37 67 36 6 17 12 31 9 42 12 2 28 17 38 7 22 48 61 63 30 59 2 8 38 61 60 55 43 59 12 58 48 24 3 33 14 17 29 58 66 5 67 60 16 17 63 30 59 65 27 18 37 40 47 28 17 10 32 13 39 17 36 60 44 12 16 16 18 48 26 61 30 3 43 37 26 10 24 39 9 16 44 40 41 33 34 42 36 27 28 32 38 40 4 28 11 
Size of probabilities: 100
0.45 0.08 0.08 0.36 0.03 0.39 0.3 0.09 0.03 0.2 0.02 0.19 0.07 0.56 0.16 0.21 0.14 0.05 0.39 0.22 0.07 0.55 0.12 0.05 0.19 0.11 0.28 0.02 0.19 0.41 0.04 0.29 0.1 0.56 0.01 0.05 0.46 0.17 0.18 0.14 0.27 0.22 0.05 0.28 0.17 0.49 0.28 0.17 0.03 0.03 0.03 0.12 0.19 0.48 0.18 0.03 0.15 0.63 0.12 0.08 0.08 0.05 0.16 0.56 0.15 0.33 0.25 0.05 0.22 0.15 0.42 0.17 0.04 0.05 0.32 0.05 0.26 0.55 0.05 0.09 0.03 0.3 0.22 0.15 0.3 0.15 0.19 0.44 0.19 0.02 0.05 0.58 0.28 0.08 0.02 0.07 0.39 0.12 0.3 0.11 
Number of assortments: 20
Sizes of assortments: 5 5 5 5 5 5 5 5 5 5 5 5 5 5 5 5 5 5 5 5 
-------------------Iteration: 1
CPXPARAM_MIP_Display                             1
CPXPARAM_MIP_Strategy_CallbackReducedLP          0
Tried aggregator 1 time.
LP Presolve eliminated 101 rows and 201 columns.
All rows and columns eliminated.
Presolve time = 0.00 sec. (0.04 ticks)
***********************************************************
Objective value of restricted master problem: 31.4
Lamda: 1 
***********************************************************
