Number of options: 70
Size of codes: 100
18 30 21 23 69 18 20 5 4 37 13 7 60 28 49 17 35 27 57 28 62 64 30 22 12 37 69 59 44 17 47 65 42 36 13 34 17 64 13 43 16 1 23 36 69 20 29 61 60 37 2 34 60 31 33 25 5 52 50 21 51 35 22 59 53 2 21 20 64 67 24 61 18 65 53 32 17 46 7 45 50 30 68 31 66 69 17 66 21 40 6 12 49 20 18 56 46 37 24 67 
Size of probabilities: 100
0.49 0.1 0.09 0.07 0.25 0.45 0.09 0.06 0.17 0.23 0.22 0.48 0.09 0.09 0.13 0.16 0.35 0.23 0.15 0.11 0.2 0.09 0.17 0.29 0.24 0.22 0.22 0.15 0.17 0.24 0.12 0.16 0.08 0.31 0.32 0.02 0.1 0.02 0.18 0.68 0.51 0.03 0.04 0.27 0.15 0.11 0.23 0.17 0.21 0.27 0.49 0.03 0.09 0.02 0.37 0.26 0.08 0.52 0.04 0.1 0.17 0.31 0.08 0.09 0.35 0.6 0.05 0.06 0.03 0.26 0.15 0.08 0.27 0.13 0.37 0.03 0.13 0.26 0.52 0.06 0.05 0.14 0.57 0.05 0.18 0.16 0.17 0.08 0.05 0.54 0.27 0.1 0.2 0.07 0.36 0.03 0.34 0.16 0.18 0.29 
Number of assortments: 20
Sizes of assortments: 5 5 5 5 5 5 5 5 5 5 5 5 5 5 5 5 5 5 5 5 
-------------------Iteration: 1
CPXPARAM_MIP_Display                             1
CPXPARAM_MIP_Strategy_CallbackReducedLP          0
Tried aggregator 1 time.
LP Presolve eliminated 101 rows and 201 columns.
All rows and columns eliminated.
Presolve time = 0.00 sec. (0.04 ticks)
***********************************************************
Objective value of restricted master problem: 29.53
Lamda: 1 
***********************************************************
