Number of options: 70
Size of codes: 100
56 14 38 43 31 56 50 37 62 27 37 35 29 7 60 60 29 21 50 12 34 50 0 11 30 17 44 41 69 43 20 16 24 22 18 3 10 37 69 55 52 68 64 44 45 28 50 49 40 56 3 47 30 33 45 66 68 13 21 11 19 25 18 10 39 3 4 45 24 14 65 11 28 13 34 51 21 41 64 27 12 62 34 37 0 38 55 68 10 46 46 53 15 50 51 65 53 45 68 58 
Size of probabilities: 100
0.1 0.19 0.12 0.02 0.56 0.13 0.28 0.2 0.36 0.03 0.44 0.1 0.33 0.05 0.08 0.05 0.19 0.39 0.35 0.02 0.57 0.18 0.01 0.05 0.19 0.12 0.43 0.13 0.27 0.05 0.5 0.07 0.03 0.24 0.16 0.05 0.39 0.16 0.12 0.28 0.03 0.06 0.55 0.28 0.08 0.12 0.48 0.13 0.03 0.23 0.11 0.07 0.6 0.07 0.15 0.3 0.07 0.12 0.41 0.1 0.26 0.27 0.08 0.36 0.03 0.07 0.48 0.09 0.03 0.33 0.07 0.06 0.06 0.08 0.73 0.03 0.34 0.08 0.52 0.04 0.01 0.25 0.59 0.13 0.01 0.16 0.32 0.05 0.45 0.02 0.04 0.06 0.37 0.48 0.04 0.27 0.11 0.22 0.16 0.25 
Number of assortments: 20
Sizes of assortments: 5 5 5 5 5 5 5 5 5 5 5 5 5 5 5 5 5 5 5 5 
-------------------Iteration: 1
CPXPARAM_MIP_Display                             1
CPXPARAM_MIP_Strategy_CallbackReducedLP          0
Tried aggregator 1 time.
LP Presolve eliminated 101 rows and 201 columns.
All rows and columns eliminated.
Presolve time = 0.00 sec. (0.04 ticks)
***********************************************************
Objective value of restricted master problem: 33.92
Lamda: 1 
***********************************************************
CPXPARAM_MIP_Display                             1
CPXPARAM_MIP_Strategy_CallbackReducedLP          0
