#Number of options
100

#Assortments data
76 99 83 41 88
0.12 0.1 0.19 0.25 0.33
66 1 27 54 64
0.21 0.52 0.12 0.1 0.06
26 12 45 1 53
0.12 0.23 0.06 0.5 0.08
62 27 79 66 78
0.06 0.07 0.43 0.13 0.32
44 93 24 87 33
0.05 0.05 0.43 0.21 0.25
31 8 97 68 39
0.16 0.35 0.32 0.14 0.04
42 53 25 92 2
0.17 0.07 0.08 0.62 0.05
46 60 50 52 10
0.08 0.03 0.18 0.44 0.27
44 77 29 32 84
0.04 0.12 0.5 0.13 0.21
1 69 53 89 16
0.24 0.15 0.04 0.22 0.35
88 44 46 59 86
0.19 0.04 0.18 0.49 0.1
25 32 59 58 79
0.06 0.09 0.31 0.13 0.41
69 21 49 73 48
0.11 0.35 0.06 0.02 0.47
3 98 18 5 16
0.23 0.09 0.22 0.14 0.32
73 6 47 53 89
0.03 0.07 0.56 0.05 0.29
35 22 88 5 75
0.07 0.22 0.19 0.28 0.23
17 69 83 30 53
0.7 0.13 0.05 0.08 0.03
17 56 39 48 4
0.33 0.25 0.03 0.26 0.13
51 85 22 74 88
0.21 0.06 0.12 0.5 0.11
3 44 25 58 49
0.5 0.05 0.09 0.22 0.15
