#Number of options
100

#Assortments data
86 21 88 66 30
0.08 0.66 0.08 0.11 0.07
58 44 24 41 76
0.18 0.1 0.42 0.19 0.11
81 94 46 28 84
0.27 0.03 0.36 0.06 0.28
20 9 53 67 76
0.08 0.58 0.07 0.13 0.14
47 30 70 90 92
0.12 0.04 0.36 0.16 0.32
66 35 88 32 87
0.11 0.1 0.08 0.18 0.53
0 29 48 84 9
0.09 0.15 0.18 0.36 0.22
78 84 48 70 34
0.09 0.32 0.16 0.29 0.14
81 4 21 47 52
0.23 0.18 0.22 0.07 0.29
97 9 45 28 71
0.57 0.25 0.02 0.09 0.07
44 2 59 56 12
0.04 0.01 0.69 0.17 0.09
70 8 72 69 3
0.29 0.21 0.31 0.08 0.11
68 78 81 2 9
0.15 0.12 0.44 0.02 0.27
68 61 40 23 89
0.27 0.12 0.09 0.23 0.3
23 68 43 45 97
0.1 0.12 0.24 0.02 0.51
96 22 52 40 43
0.07 0.24 0.43 0.04 0.22
84 7 95 96 27
0.51 0.18 0.12 0.11 0.08
46 11 12 47 80
0.57 0.09 0.13 0.14 0.07
85 65 77 75 99
0.22 0.28 0.17 0.28 0.06
45 84 4 43 6
0.02 0.39 0.31 0.24 0.04
