#Number of options
100

#Assortments data
65 37 77 61 49
0.04 0.38 0.1 0.33 0.14
18 54 34 94 55
0.13 0.23 0.42 0.06 0.17
13 33 98 8 9
0.32 0.31 0.21 0.06 0.1
44 81 84 15 77
0.45 0.21 0.1 0.08 0.15
80 4 97 43 67
0.06 0.07 0.16 0.26 0.44
1 13 52 8 76
0.08 0.3 0.11 0.06 0.45
70 61 30 42 6
0.05 0.45 0.03 0.18 0.3
35 69 75 86 70
0.18 0.15 0.28 0.35 0.05
90 70 41 76 21
0.19 0.06 0.39 0.29 0.07
94 76 7 62 96
0.04 0.27 0.09 0.22 0.38
87 85 98 59 58
0.07 0.48 0.1 0.04 0.31
61 4 93 36 5
0.54 0.04 0.07 0.3 0.05
25 30 59 16 27
0.35 0.05 0.08 0.14 0.39
67 34 20 31 4
0.28 0.41 0.12 0.14 0.05
33 66 35 96 83
0.13 0.25 0.15 0.28 0.19
53 42 54 21 96
0.4 0.14 0.13 0.05 0.28
98 77 34 27 78
0.14 0.16 0.37 0.27 0.06
66 7 27 64 14
0.25 0.07 0.18 0.14 0.36
2 14 3 60 50
0.19 0.47 0.03 0.28 0.04
69 61 42 78 43
0.16 0.47 0.18 0.05 0.13
