#Number of options
100

#Assortments data
50 0 89 70 31
0.47 0.03 0.1 0.25 0.14
28 22 78 45 7
0.08 0.22 0.4 0.05 0.25
74 25 31 26 90
0.38 0.04 0.35 0.07 0.15
69 15 64 20 35
0.26 0.13 0.27 0.16 0.18
14 75 70 61 11
0.08 0.09 0.71 0.06 0.06
56 64 53 22 10
0.42 0.06 0.02 0.11 0.39
88 58 83 32 30
0.11 0.28 0.1 0.35 0.16
13 83 4 24 35
0.07 0.03 0.52 0.34 0.04
63 2 94 32 91
0.63 0.0 0.02 0.05 0.29
2 13 16 35 45
0.02 0.16 0.69 0.08 0.05
49 13 84 45 90
0.12 0.11 0.55 0.04 0.19
1 3 82 98 54
0.55 0.12 0.12 0.16 0.06
32 64 90 8 59
0.13 0.06 0.15 0.29 0.36
91 31 84 26 38
0.41 0.19 0.23 0.04 0.13
27 3 17 1 28
0.03 0.1 0.35 0.48 0.03
32 54 26 71 16
0.18 0.09 0.1 0.14 0.49
49 33 74 39 62
0.11 0.31 0.47 0.05 0.06
58 95 55 20 66
0.27 0.41 0.14 0.1 0.07
42 57 82 84 59
0.14 0.07 0.12 0.36 0.31
0 86 98 39 9
0.08 0.03 0.21 0.04 0.64
