#Number of options
100

#Assortments data
70 80 19 22 21
0.11 0.19 0.21 0.25 0.24
25 74 13 70 64
0.04 0.23 0.53 0.11 0.09
5 9 82 15 40
0.2 0.06 0.24 0.3 0.19
79 58 36 86 85
0.24 0.17 0.28 0.2 0.11
65 90 7 38 12
0.17 0.55 0.16 0.08 0.04
37 28 36 83 88
0.18 0.04 0.35 0.03 0.4
7 68 10 11 2
0.25 0.28 0.14 0.12 0.21
16 80 44 63 31
0.42 0.24 0.07 0.06 0.21
48 72 38 81 43
0.37 0.06 0.18 0.24 0.14
91 76 71 89 61
0.08 0.08 0.59 0.11 0.13
59 69 13 67 60
0.07 0.52 0.33 0.05 0.03
91 98 78 56 29
0.12 0.09 0.44 0.15 0.19
20 72 6 57 34
0.39 0.03 0.2 0.26 0.12
30 13 46 86 52
0.13 0.39 0.04 0.34 0.1
28 81 38 36 19
0.06 0.14 0.1 0.53 0.16
35 37 0 72 9
0.41 0.38 0.05 0.05 0.11
43 25 45 50 44
0.13 0.04 0.66 0.09 0.07
3 1 92 50 15
0.19 0.05 0.18 0.08 0.51
7 35 52 33 43
0.27 0.4 0.14 0.07 0.11
74 57 11 3 42
0.21 0.37 0.12 0.16 0.13
