#Number of options
100

#Assortments data
20 57 69 84 52
0.14 0.47 0.22 0.07 0.1
60 19 54 20 89
0.17 0.33 0.16 0.21 0.13
19 96 97 57 2
0.19 0.22 0.09 0.42 0.08
82 35 11 78 19
0.33 0.17 0.13 0.15 0.21
12 3 52 23 74
0.18 0.15 0.16 0.36 0.14
11 69 56 71 12
0.16 0.26 0.25 0.2 0.13
68 53 11 5 93
0.38 0.21 0.14 0.09 0.19
40 89 21 99 2
0.49 0.09 0.18 0.14 0.1
2 3 90 29 68
0.1 0.09 0.32 0.11 0.38
3 49 75 85 30
0.07 0.07 0.66 0.14 0.05
33 63 43 42 41
0.08 0.04 0.2 0.2 0.47
7 75 76 85 0
0.18 0.55 0.06 0.12 0.09
31 64 86 48 23
0.24 0.15 0.17 0.24 0.19
88 11 46 43 3
0.41 0.17 0.05 0.25 0.11
61 37 56 44 19
0.3 0.23 0.2 0.08 0.19
28 9 48 59 62
0.08 0.23 0.3 0.18 0.21
91 53 46 38 15
0.17 0.27 0.05 0.39 0.12
78 89 51 76 7
0.16 0.09 0.35 0.1 0.3
29 55 26 34 16
0.08 0.16 0.27 0.17 0.32
40 71 62 86 88
0.34 0.13 0.14 0.15 0.24
