#Number of options
100

#Assortments data
36 26 33 39 4
0.14 0.1 0.1 0.62 0.03
3 51 26 15 79
0.05 0.13 0.31 0.25 0.26
79 92 6 18 9
0.14 0.15 0.56 0.05 0.1
84 95 40 61 78
0.03 0.02 0.35 0.53 0.07
78 95 24 51 28
0.22 0.06 0.22 0.16 0.34
63 37 35 26 41
0.04 0.26 0.2 0.15 0.35
54 72 79 80 76
0.21 0.04 0.16 0.03 0.55
69 77 20 88 41
0.18 0.18 0.05 0.13 0.46
60 26 45 31 16
0.26 0.22 0.22 0.18 0.12
29 31 7 97 47
0.12 0.3 0.29 0.21 0.08
45 68 74 57 88
0.19 0.17 0.04 0.47 0.13
59 77 82 17 5
0.18 0.38 0.2 0.13 0.11
21 98 37 26 0
0.17 0.1 0.32 0.18 0.23
69 53 75 15 71
0.18 0.34 0.28 0.16 0.04
19 89 46 50 6
0.51 0.03 0.01 0.05 0.39
29 20 5 55 66
0.16 0.11 0.12 0.18 0.43
36 75 37 26 82
0.23 0.23 0.29 0.17 0.08
33 72 97 34 40
0.14 0.03 0.08 0.31 0.44
95 80 18 64 58
0.03 0.03 0.05 0.57 0.31
17 59 11 68 78
0.09 0.12 0.37 0.25 0.17
