#Number of options
100

#Assortments data
36 33 10 8 62
0.13 0.04 0.18 0.6 0.04
89 33 41 5 8
0.26 0.02 0.05 0.39 0.29
49 4 26 66 25
0.05 0.26 0.38 0.27 0.04
76 12 94 69 14
0.05 0.04 0.59 0.27 0.04
9 86 43 54 2
0.4 0.11 0.3 0.06 0.12
38 2 9 25 13
0.25 0.11 0.37 0.04 0.23
71 36 98 45 44
0.67 0.13 0.09 0.09 0.02
77 53 43 37 59
0.3 0.08 0.31 0.08 0.23
10 79 78 16 40
0.11 0.15 0.55 0.14 0.06
60 24 57 1 66
0.05 0.13 0.3 0.16 0.36
28 32 26 93 72
0.07 0.15 0.51 0.14 0.12
18 35 99 26 0
0.41 0.13 0.14 0.29 0.04
75 91 29 97 67
0.14 0.11 0.51 0.23 0.02
26 36 88 56 94
0.21 0.11 0.14 0.22 0.32
44 46 55 68 50
0.04 0.08 0.54 0.17 0.17
3 77 23 59 2
0.75 0.1 0.03 0.08 0.04
41 98 66 94 95
0.07 0.07 0.13 0.28 0.45
37 62 16 97 96
0.07 0.07 0.44 0.35 0.07
93 9 25 5 77
0.06 0.17 0.02 0.63 0.12
4 58 55 44 28
0.27 0.17 0.47 0.04 0.05
