#Number of options
100

#Assortments data
68 52 15 90 77
0.28 0.31 0.05 0.24 0.12
1 3 66 79 69
0.37 0.15 0.13 0.26 0.09
7 52 45 8 24
0.07 0.09 0.02 0.04 0.77
69 8 94 67 40
0.11 0.17 0.11 0.3 0.31
73 31 78 76 70
0.03 0.53 0.11 0.21 0.12
51 1 77 11 13
0.21 0.21 0.07 0.41 0.1
92 30 95 37 35
0.7 0.04 0.04 0.15 0.06
72 12 65 10 20
0.11 0.57 0.12 0.17 0.03
41 64 89 24 81
0.06 0.05 0.03 0.62 0.23
10 92 73 90 45
0.21 0.59 0.03 0.14 0.04
79 90 76 35 95
0.24 0.24 0.37 0.09 0.06
30 86 12 35 94
0.04 0.09 0.76 0.06 0.06
73 36 9 30 34
0.02 0.16 0.4 0.03 0.39
30 8 81 60 63
0.04 0.08 0.59 0.1 0.19
88 32 67 70 93
0.12 0.36 0.25 0.22 0.04
83 94 95 88 72
0.53 0.08 0.06 0.11 0.22
17 34 88 32 24
0.13 0.19 0.03 0.08 0.57
85 10 63 28 36
0.16 0.23 0.19 0.2 0.21
75 49 37 38 10
0.1 0.26 0.07 0.45 0.12
28 63 34 83 39
0.14 0.14 0.38 0.25 0.09
