#Number of options
100

#Assortments data
38 3 77 45 91
0.19 0.34 0.26 0.1 0.1
14 51 49 92 28
0.07 0.56 0.08 0.26 0.03
84 45 43 24 34
0.08 0.15 0.38 0.22 0.18
99 88 48 45 20
0.08 0.2 0.46 0.09 0.17
62 89 42 46 90
0.03 0.29 0.08 0.07 0.53
3 56 64 30 42
0.4 0.33 0.04 0.13 0.1
1 64 62 69 11
0.17 0.07 0.07 0.56 0.13
57 52 25 30 15
0.21 0.54 0.02 0.13 0.1
46 13 68 12 44
0.11 0.43 0.28 0.14 0.04
73 53 38 39 96
0.1 0.14 0.45 0.16 0.15
33 69 39 75 16
0.09 0.29 0.08 0.21 0.34
78 77 25 54 41
0.42 0.32 0.02 0.05 0.18
43 38 48 46 21
0.23 0.16 0.43 0.06 0.13
40 2 68 83 84
0.3 0.12 0.38 0.1 0.11
42 29 62 90 93
0.09 0.17 0.03 0.63 0.07
0 19 53 67 52
0.04 0.15 0.08 0.05 0.67
39 52 47 70 60
0.06 0.46 0.25 0.19 0.04
28 22 91 41 38
0.04 0.23 0.17 0.25 0.31
14 65 87 60 77
0.07 0.41 0.11 0.05 0.36
64 67 90 31 99
0.03 0.03 0.56 0.29 0.09
