#Number of options
100

#Assortments data
4 9 23 70 85
0.06 0.27 0.46 0.1 0.11
89 15 13 43 57
0.08 0.06 0.18 0.41 0.27
24 71 86 32 75
0.29 0.06 0.2 0.31 0.13
64 27 99 41 20
0.5 0.06 0.06 0.32 0.05
82 36 79 50 83
0.13 0.08 0.11 0.15 0.52
27 44 97 98 71
0.05 0.24 0.13 0.53 0.05
35 81 87 9 4
0.06 0.25 0.36 0.27 0.06
49 6 3 86 41
0.36 0.09 0.04 0.19 0.31
29 31 4 65 16
0.09 0.27 0.09 0.16 0.38
44 14 68 55 29
0.31 0.45 0.14 0.04 0.06
94 79 70 13 48
0.11 0.22 0.24 0.2 0.22
10 61 55 5 30
0.11 0.65 0.08 0.08 0.08
61 8 48 40 1
0.36 0.12 0.12 0.2 0.2
91 94 59 90 54
0.16 0.04 0.3 0.08 0.42
11 97 92 10 40
0.25 0.16 0.37 0.05 0.16
52 1 94 64 82
0.18 0.17 0.05 0.5 0.11
98 71 7 94 97
0.66 0.06 0.07 0.05 0.16
12 29 38 34 51
0.35 0.04 0.25 0.28 0.07
91 82 31 40 74
0.26 0.16 0.27 0.24 0.08
79 4 6 87 42
0.08 0.05 0.08 0.3 0.49
