#Number of options
100

#Assortments data
17 85 73 84 56
0.35 0.06 0.08 0.1 0.41
16 43 23 52 24
0.43 0.19 0.07 0.24 0.08
5 40 83 24 35
0.32 0.24 0.08 0.16 0.2
17 59 49 60 48
0.31 0.13 0.04 0.02 0.51
21 91 12 49 55
0.37 0.17 0.14 0.08 0.23
82 14 43 73 41
0.53 0.07 0.18 0.08 0.14
17 61 0 80 55
0.5 0.07 0.07 0.19 0.17
92 48 10 5 97
0.09 0.39 0.22 0.1 0.21
74 55 10 99 16
0.28 0.09 0.26 0.05 0.32
98 3 34 69 60
0.11 0.38 0.19 0.28 0.03
56 3 21 40 33
0.4 0.25 0.18 0.1 0.07
73 23 52 96 38
0.14 0.11 0.4 0.1 0.25
68 70 52 66 95
0.32 0.24 0.22 0.09 0.13
34 37 33 77 21
0.23 0.1 0.13 0.2 0.34
83 2 33 53 3
0.07 0.14 0.15 0.13 0.52
64 39 77 94 98
0.09 0.21 0.19 0.38 0.13
96 93 87 10 8
0.08 0.06 0.07 0.46 0.33
32 71 93 27 53
0.22 0.34 0.09 0.22 0.13
97 54 87 61 50
0.54 0.09 0.09 0.08 0.2
46 79 22 27 3
0.09 0.38 0.13 0.12 0.28
