#Number of options
100

#Assortments data
33 94 99 97 11
0.35 0.07 0.02 0.47 0.1
79 36 77 71 32
0.4 0.18 0.08 0.15 0.19
81 9 35 43 78
0.17 0.32 0.04 0.38 0.09
24 14 92 81 41
0.32 0.06 0.37 0.12 0.12
3 84 31 82 15
0.04 0.55 0.28 0.12 0.01
19 2 35 93 70
0.2 0.04 0.11 0.05 0.59
64 43 33 48 49
0.08 0.37 0.33 0.12 0.09
36 4 47 46 92
0.05 0.2 0.08 0.24 0.43
91 83 9 11 62
0.47 0.09 0.29 0.09 0.06
75 84 93 32 29
0.09 0.63 0.02 0.06 0.2
33 43 25 93 89
0.4 0.44 0.09 0.02 0.06
67 97 45 93 80
0.15 0.72 0.05 0.03 0.05
66 65 79 6 63
0.06 0.18 0.22 0.1 0.45
10 57 5 27 93
0.4 0.3 0.13 0.12 0.05
68 72 33 69 80
0.19 0.36 0.36 0.05 0.03
53 8 63 39 31
0.04 0.2 0.31 0.09 0.36
94 18 85 60 37
0.2 0.2 0.2 0.24 0.15
81 71 78 55 97
0.2 0.07 0.11 0.06 0.56
33 22 43 92 95
0.23 0.16 0.25 0.33 0.03
54 92 9 34 5
0.06 0.43 0.28 0.19 0.04
