#Number of options
100

#Assortments data
45 62 19 59 61
0.03 0.23 0.11 0.44 0.19
6 73 91 70 21
0.09 0.04 0.4 0.11 0.36
8 56 23 95 20
0.14 0.25 0.5 0.06 0.05
80 33 83 37 72
0.02 0.61 0.16 0.06 0.15
30 92 28 35 83
0.03 0.58 0.16 0.04 0.2
57 13 42 72 8
0.09 0.09 0.59 0.16 0.07
53 75 18 37 26
0.28 0.35 0.16 0.14 0.07
28 75 40 73 60
0.23 0.28 0.17 0.05 0.26
54 86 59 85 28
0.2 0.1 0.4 0.12 0.18
52 23 3 67 18
0.25 0.31 0.06 0.29 0.1
56 69 70 21 44
0.18 0.11 0.13 0.4 0.19
90 79 99 34 12
0.12 0.15 0.06 0.35 0.32
6 8 59 77 0
0.11 0.11 0.49 0.08 0.22
15 47 72 16 61
0.03 0.07 0.25 0.43 0.22
54 72 46 89 69
0.27 0.29 0.2 0.1 0.13
73 2 75 44 67
0.05 0.05 0.29 0.22 0.38
71 44 75 28 86
0.06 0.23 0.31 0.25 0.15
92 66 72 42 54
0.35 0.03 0.11 0.4 0.11
19 24 85 51 13
0.08 0.64 0.1 0.08 0.09
69 3 78 28 9
0.12 0.07 0.08 0.22 0.51
