#Number of options
100

#Assortments data
38 81 58 1 27
0.1 0.29 0.19 0.09 0.33
29 92 7 33 65
0.1 0.09 0.49 0.06 0.26
64 38 14 96 39
0.14 0.16 0.19 0.22 0.29
1 59 16 73 41
0.1 0.08 0.31 0.28 0.22
93 76 19 12 0
0.45 0.12 0.19 0.09 0.14
80 1 49 4 50
0.41 0.17 0.08 0.27 0.07
53 35 17 78 19
0.09 0.4 0.2 0.24 0.09
62 64 36 8 88
0.08 0.06 0.28 0.12 0.45
4 46 59 36 62
0.19 0.06 0.09 0.52 0.15
68 82 18 3 15
0.12 0.36 0.31 0.12 0.1
87 71 33 28 29
0.06 0.75 0.06 0.04 0.1
11 42 59 85 53
0.16 0.1 0.12 0.45 0.17
71 5 96 58 14
0.42 0.31 0.08 0.11 0.07
46 64 12 45 63
0.08 0.15 0.09 0.56 0.12
24 39 3 48 71
0.04 0.13 0.18 0.13 0.52
45 42 31 8 99
0.29 0.05 0.29 0.16 0.2
49 88 45 17 74
0.03 0.45 0.22 0.16 0.14
31 78 13 15 82
0.16 0.13 0.22 0.11 0.39
68 47 98 16 41
0.23 0.28 0.07 0.24 0.17
7 67 97 31 46
0.46 0.03 0.15 0.31 0.05
