#Number of options
100

#Assortments data
88 12 81 71 66
0.09 0.34 0.33 0.09 0.13
25 20 27 86 14
0.26 0.05 0.1 0.19 0.41
51 44 27 92 60
0.05 0.51 0.08 0.1 0.26
33 21 78 68 3
0.26 0.19 0.04 0.43 0.08
60 42 56 68 38
0.35 0.16 0.05 0.23 0.21
42 62 57 7 95
0.18 0.58 0.16 0.05 0.02
33 55 3 88 25
0.25 0.12 0.08 0.09 0.46
68 9 13 15 63
0.43 0.1 0.31 0.06 0.11
64 0 84 53 93
0.46 0.29 0.04 0.19 0.02
84 54 45 59 87
0.08 0.61 0.07 0.13 0.11
88 7 39 22 9
0.07 0.06 0.53 0.26 0.07
44 55 63 9 30
0.77 0.08 0.06 0.06 0.03
43 54 84 7 4
0.07 0.74 0.1 0.06 0.03
59 64 0 68 83
0.05 0.34 0.22 0.11 0.28
12 23 70 45 33
0.14 0.7 0.02 0.04 0.1
94 29 57 74 68
0.07 0.07 0.29 0.08 0.49
37 45 53 56 42
0.21 0.08 0.42 0.07 0.22
58 14 73 22 44
0.14 0.27 0.03 0.12 0.44
0 69 88 34 39
0.38 0.04 0.04 0.22 0.31
30 80 73 14 3
0.04 0.03 0.07 0.77 0.08
