#Number of options
100

#Assortments data
30 21 6 97 15
0.07 0.06 0.22 0.03 0.62
46 86 57 56 32
0.01 0.32 0.39 0.07 0.2
77 3 66 40 20
0.14 0.07 0.39 0.27 0.14
85 19 1 35 87
0.36 0.13 0.04 0.45 0.02
11 32 77 73 45
0.04 0.09 0.13 0.2 0.53
71 28 8 17 47
0.36 0.11 0.17 0.19 0.17
62 40 69 81 0
0.07 0.53 0.18 0.17 0.05
22 12 1 32 5
0.21 0.09 0.09 0.37 0.25
11 70 86 41 24
0.12 0.1 0.39 0.29 0.1
74 93 96 48 54
0.06 0.65 0.15 0.09 0.05
1 57 79 35 40
0.03 0.22 0.08 0.33 0.34
75 70 40 1 4
0.2 0.08 0.6 0.05 0.07
87 9 5 53 93
0.02 0.09 0.1 0.08 0.7
53 37 2 36 50
0.05 0.29 0.44 0.21 0.01
51 69 11 23 55
0.22 0.19 0.09 0.16 0.34
22 52 60 74 2
0.09 0.09 0.04 0.06 0.72
44 5 83 66 87
0.07 0.1 0.11 0.69 0.02
11 43 35 18 4
0.09 0.08 0.54 0.21 0.07
19 35 89 9 77
0.13 0.45 0.09 0.09 0.24
36 27 62 18 52
0.3 0.4 0.06 0.17 0.08
