#Number of options
100

#Assortments data
58 0 19 82 94
0.33 0.1 0.34 0.16 0.07
52 99 47 94 36
0.16 0.23 0.13 0.11 0.38
4 44 35 60 84
0.08 0.17 0.35 0.27 0.13
67 21 23 48 73
0.15 0.27 0.17 0.25 0.16
4 21 44 61 38
0.06 0.22 0.12 0.4 0.2
72 0 36 6 99
0.03 0.12 0.3 0.37 0.18
4 36 90 30 86
0.06 0.32 0.2 0.03 0.38
78 65 56 90 96
0.1 0.11 0.11 0.23 0.45
91 43 69 31 35
0.11 0.13 0.14 0.37 0.25
8 70 62 82 76
0.09 0.06 0.21 0.25 0.38
43 95 59 49 24
0.3 0.09 0.18 0.21 0.22
30 47 37 46 16
0.06 0.21 0.33 0.05 0.34
54 74 93 11 95
0.37 0.13 0.11 0.31 0.08
42 44 26 88 3
0.2 0.21 0.34 0.16 0.09
27 17 40 4 82
0.13 0.15 0.46 0.06 0.2
61 38 91 8 98
0.4 0.2 0.11 0.08 0.21
97 91 33 86 10
0.11 0.12 0.23 0.39 0.15
50 13 1 0 30
0.11 0.49 0.17 0.19 0.05
27 31 75 67 32
0.07 0.2 0.25 0.07 0.4
14 30 95 12 51
0.44 0.04 0.05 0.29 0.19
