#Number of options
100

#Assortments data
65 72 87 42 18
0.19 0.07 0.2 0.32 0.22
42 90 23 70 88
0.15 0.28 0.31 0.07 0.19
28 96 37 16 25
0.11 0.21 0.55 0.07 0.05
43 18 92 45 95
0.13 0.12 0.1 0.59 0.06
86 52 80 16 61
0.63 0.04 0.03 0.06 0.24
88 46 43 65 32
0.18 0.03 0.1 0.08 0.6
78 40 23 64 58
0.07 0.43 0.21 0.11 0.18
13 71 47 44 19
0.4 0.09 0.06 0.12 0.33
11 22 13 81 26
0.14 0.16 0.35 0.09 0.27
26 56 15 85 81
0.29 0.08 0.13 0.41 0.09
90 26 99 84 54
0.22 0.34 0.23 0.06 0.15
52 67 45 4 47
0.08 0.18 0.59 0.06 0.1
83 6 37 54 14
0.06 0.41 0.34 0.08 0.1
85 52 18 23 27
0.4 0.04 0.07 0.21 0.27
76 14 20 75 19
0.16 0.15 0.08 0.3 0.31
22 73 38 25 72
0.31 0.4 0.17 0.08 0.04
9 61 48 78 15
0.09 0.4 0.21 0.1 0.2
88 6 93 69 54
0.1 0.46 0.17 0.17 0.1
18 66 43 29 47
0.14 0.48 0.15 0.11 0.11
79 9 94 30 76
0.17 0.15 0.14 0.11 0.43
