#Number of options
100

#Assortments data
95 79 2 22 19
0.09 0.18 0.1 0.41 0.21
16 57 22 3 24
0.13 0.3 0.34 0.1 0.13
36 54 13 70 69
0.37 0.2 0.22 0.12 0.09
31 66 22 3 13
0.21 0.16 0.33 0.1 0.21
13 9 26 32 6
0.17 0.14 0.07 0.49 0.13
91 68 69 3 57
0.08 0.34 0.11 0.12 0.35
59 47 20 69 52
0.4 0.1 0.12 0.2 0.18
33 0 29 18 49
0.34 0.24 0.13 0.13 0.15
48 19 69 80 4
0.28 0.32 0.17 0.1 0.14
77 47 17 65 63
0.27 0.09 0.21 0.35 0.07
0 79 38 56 35
0.22 0.17 0.36 0.13 0.13
84 98 29 41 99
0.08 0.1 0.11 0.54 0.18
30 58 69 14 74
0.02 0.56 0.06 0.3 0.06
62 64 81 9 1
0.16 0.16 0.27 0.25 0.16
55 16 65 3 17
0.23 0.21 0.25 0.15 0.16
9 47 74 2 26
0.37 0.09 0.19 0.17 0.18
26 0 40 51 48
0.11 0.24 0.25 0.21 0.19
19 37 78 58 76
0.11 0.13 0.09 0.5 0.17
61 44 17 22 24
0.22 0.12 0.12 0.39 0.15
57 1 49 39 71
0.37 0.15 0.15 0.26 0.07
