#Number of options
100

#Assortments data
66 11 20 40 80
0.26 0.13 0.19 0.32 0.1
2 77 82 95 6
0.21 0.34 0.14 0.08 0.23
52 86 54 64 62
0.16 0.37 0.09 0.17 0.22
68 80 62 65 1
0.44 0.13 0.18 0.14 0.1
18 76 95 3 8
0.27 0.19 0.18 0.14 0.22
41 47 26 3 35
0.27 0.08 0.32 0.05 0.28
45 73 89 86 78
0.2 0.16 0.09 0.32 0.23
58 67 40 8 38
0.27 0.08 0.42 0.12 0.12
24 98 32 14 87
0.16 0.1 0.55 0.12 0.07
44 57 8 13 26
0.03 0.35 0.05 0.33 0.24
84 56 70 9 38
0.13 0.24 0.2 0.21 0.21
86 81 15 55 60
0.27 0.25 0.11 0.31 0.06
97 41 12 60 20
0.13 0.45 0.09 0.07 0.26
37 55 15 32 18
0.17 0.23 0.09 0.42 0.09
72 90 12 49 39
0.05 0.44 0.09 0.13 0.3
37 25 45 62 15
0.32 0.06 0.24 0.22 0.16
51 70 34 0 50
0.23 0.16 0.47 0.08 0.06
58 47 99 52 76
0.29 0.14 0.32 0.14 0.11
68 90 36 91 41
0.18 0.18 0.44 0.02 0.18
67 43 28 71 38
0.13 0.22 0.21 0.22 0.22
