#Number of options
100

#Assortments data
64 23 82 47 70
0.03 0.03 0.58 0.22 0.13
24 11 57 52 0
0.13 0.11 0.21 0.49 0.06
95 58 90 71 44
0.14 0.08 0.53 0.23 0.03
41 77 44 56 51
0.09 0.2 0.03 0.19 0.49
61 81 9 23 5
0.17 0.22 0.21 0.06 0.34
11 91 70 30 61
0.13 0.11 0.3 0.25 0.21
14 90 4 15 20
0.07 0.53 0.1 0.09 0.22
41 22 33 53 52
0.12 0.22 0.13 0.06 0.46
71 61 12 49 45
0.47 0.21 0.09 0.05 0.18
67 59 48 30 44
0.07 0.13 0.49 0.26 0.06
41 91 40 53 89
0.18 0.12 0.17 0.09 0.43
95 57 43 69 61
0.19 0.18 0.23 0.25 0.14
6 50 97 70 26
0.11 0.08 0.29 0.21 0.3
58 71 10 36 44
0.11 0.33 0.34 0.18 0.04
62 57 51 13 93
0.06 0.14 0.45 0.25 0.09
13 9 32 78 70
0.25 0.13 0.16 0.32 0.15
81 61 95 29 35
0.2 0.15 0.21 0.23 0.21
17 76 34 73 33
0.39 0.06 0.27 0.11 0.17
62 58 53 46 89
0.14 0.2 0.1 0.07 0.48
67 34 14 64 52
0.05 0.24 0.12 0.05 0.53
