#Number of options
100

#Assortments data
8 82 93 24 50
0.06 0.09 0.08 0.56 0.22
27 80 4 33 55
0.21 0.04 0.07 0.52 0.15
15 11 13 45 46
0.07 0.61 0.16 0.1 0.05
21 25 53 80 51
0.09 0.55 0.3 0.01 0.04
57 82 11 87 74
0.21 0.04 0.54 0.17 0.05
63 22 68 60 10
0.04 0.16 0.1 0.66 0.04
39 93 44 23 36
0.3 0.02 0.31 0.31 0.07
8 95 56 6 4
0.07 0.03 0.21 0.61 0.08
13 61 54 83 18
0.07 0.1 0.56 0.26 0.02
51 49 46 32 71
0.06 0.63 0.04 0.25 0.02
56 0 55 12 48
0.06 0.57 0.04 0.29 0.04
44 74 53 59 9
0.38 0.04 0.39 0.12 0.08
92 70 11 83 54
0.08 0.02 0.21 0.22 0.47
90 11 10 97 95
0.07 0.74 0.1 0.07 0.02
70 75 56 34 84
0.09 0.17 0.12 0.47 0.16
41 39 78 33 24
0.17 0.39 0.05 0.19 0.2
97 28 78 61 76
0.03 0.48 0.03 0.11 0.35
7 12 31 6 78
0.07 0.43 0.19 0.24 0.06
20 9 85 22 1
0.06 0.13 0.34 0.35 0.13
75 20 77 16 23
0.15 0.06 0.04 0.17 0.58
