#Number of options
100

#Assortments data
58 79 53 9 18
0.21 0.3 0.25 0.08 0.15
64 3 32 15 66
0.06 0.05 0.13 0.35 0.41
57 98 15 8 6
0.25 0.04 0.45 0.05 0.21
29 44 83 2 1
0.06 0.15 0.13 0.63 0.03
15 40 25 75 19
0.4 0.25 0.03 0.22 0.1
22 9 60 14 75
0.17 0.08 0.07 0.17 0.51
32 95 79 82 41
0.26 0.05 0.23 0.19 0.27
45 40 64 17 90
0.57 0.19 0.05 0.03 0.16
67 12 19 53 34
0.12 0.07 0.32 0.33 0.16
0 32 6 91 55
0.04 0.28 0.36 0.05 0.27
36 6 26 98 74
0.29 0.34 0.27 0.06 0.05
74 94 50 10 22
0.1 0.37 0.05 0.19 0.3
13 58 84 36 33
0.54 0.14 0.02 0.25 0.05
59 3 22 7 54
0.08 0.19 0.25 0.27 0.2
35 40 30 95 25
0.59 0.29 0.06 0.03 0.03
8 87 86 59 16
0.17 0.11 0.45 0.09 0.17
55 65 48 14 1
0.34 0.24 0.21 0.17 0.04
26 16 77 37 7
0.17 0.05 0.43 0.26 0.09
77 75 70 53 46
0.49 0.29 0.06 0.14 0.01
24 62 57 8 33
0.08 0.19 0.54 0.11 0.07
