#Number of options
100

#Assortments data
21 66 78 69 95
0.24 0.05 0.36 0.1 0.25
39 53 44 40 4
0.04 0.02 0.02 0.06 0.86
68 69 24 81 55
0.12 0.13 0.17 0.38 0.19
18 45 97 85 35
0.28 0.03 0.56 0.04 0.09
20 82 47 19 87
0.11 0.15 0.52 0.05 0.17
2 35 39 83 33
0.07 0.25 0.17 0.14 0.37
7 29 85 41 93
0.19 0.64 0.03 0.1 0.03
10 11 83 27 26
0.67 0.05 0.05 0.04 0.18
67 64 27 44 41
0.17 0.12 0.14 0.08 0.5
61 82 85 77 78
0.07 0.22 0.05 0.07 0.59
64 7 53 42 5
0.05 0.44 0.05 0.27 0.18
38 72 12 0 33
0.35 0.35 0.11 0.04 0.15
89 95 54 24 7
0.37 0.28 0.02 0.14 0.19
8 16 91 36 7
0.46 0.15 0.22 0.04 0.14
81 97 66 40 59
0.29 0.38 0.06 0.06 0.21
31 0 17 78 21
0.11 0.01 0.44 0.26 0.17
11 31 75 8 52
0.03 0.14 0.05 0.51 0.27
46 50 37 98 28
0.33 0.43 0.06 0.13 0.04
54 67 50 27 53
0.07 0.11 0.66 0.09 0.07
53 14 97 11 91
0.03 0.04 0.51 0.04 0.38
