#Number of options
100

#Assortments data
34 9 60 84 43
0.4 0.05 0.45 0.06 0.04
62 94 18 90 81
0.82 0.03 0.02 0.07 0.06
82 22 18 48 72
0.2 0.48 0.09 0.15 0.08
59 3 69 72 66
0.32 0.15 0.16 0.1 0.27
6 14 38 33 25
0.08 0.42 0.06 0.13 0.31
42 50 38 33 79
0.43 0.09 0.13 0.26 0.09
97 82 34 60 64
0.03 0.04 0.28 0.32 0.33
40 76 27 78 46
0.17 0.61 0.14 0.04 0.03
32 35 3 59 45
0.35 0.26 0.08 0.16 0.16
53 78 82 57 73
0.66 0.05 0.09 0.13 0.08
80 37 71 20 68
0.06 0.5 0.06 0.08 0.3
72 8 83 44 92
0.01 0.02 0.47 0.45 0.04
80 45 75 73 20
0.08 0.26 0.35 0.19 0.12
76 7 48 35 40
0.58 0.05 0.05 0.14 0.17
88 97 30 74 70
0.29 0.28 0.09 0.17 0.18
72 67 73 12 39
0.02 0.57 0.05 0.19 0.17
91 60 68 48 67
0.06 0.34 0.09 0.03 0.48
43 65 35 98 8
0.11 0.1 0.31 0.38 0.09
24 72 53 64 54
0.15 0.01 0.27 0.29 0.27
61 92 65 97 73
0.5 0.18 0.1 0.1 0.13
