#Number of options
100

#Assortments data
6 47 86 2 61
0.15 0.02 0.29 0.11 0.43
18 58 36 75 88
0.05 0.4 0.15 0.29 0.1
85 2 72 44 22
0.14 0.08 0.03 0.55 0.21
94 28 59 40 34
0.02 0.45 0.08 0.14 0.31
39 16 1 28 74
0.22 0.06 0.06 0.63 0.04
18 43 58 50 22
0.04 0.12 0.35 0.05 0.44
78 48 51 8 65
0.19 0.24 0.25 0.12 0.21
83 68 69 45 11
0.41 0.08 0.04 0.06 0.4
58 93 12 66 61
0.17 0.07 0.29 0.13 0.34
86 88 77 31 28
0.23 0.04 0.03 0.11 0.59
74 4 25 83 12
0.03 0.02 0.27 0.42 0.26
33 23 72 32 57
0.15 0.48 0.04 0.16 0.18
90 50 53 31 34
0.05 0.03 0.42 0.11 0.39
61 15 25 58 68
0.36 0.03 0.32 0.19 0.1
76 3 55 33 62
0.28 0.02 0.02 0.09 0.58
70 64 53 3 16
0.02 0.58 0.34 0.02 0.05
33 73 62 69 7
0.12 0.07 0.72 0.04 0.05
69 89 16 24 10
0.18 0.06 0.23 0.45 0.08
11 38 14 64 99
0.27 0.06 0.2 0.44 0.04
96 60 94 80 86
0.27 0.55 0.02 0.01 0.15
