#Number of options
100

#Assortments data
43 36 1 56 30
0.28 0.37 0.14 0.14 0.07
11 37 79 97 42
0.49 0.19 0.05 0.04 0.22
56 2 15 23 14
0.04 0.08 0.07 0.46 0.36
54 13 50 46 8
0.69 0.19 0.06 0.03 0.03
4 48 73 49 23
0.02 0.11 0.05 0.32 0.5
3 78 9 47 83
0.03 0.04 0.1 0.04 0.79
68 31 96 47 71
0.23 0.13 0.57 0.04 0.04
55 84 22 4 60
0.04 0.09 0.26 0.02 0.59
67 48 11 77 16
0.34 0.09 0.42 0.06 0.08
11 30 51 54 73
0.39 0.01 0.04 0.51 0.04
79 77 50 35 45
0.13 0.18 0.15 0.36 0.17
80 49 41 25 39
0.01 0.23 0.13 0.24 0.39
97 82 31 35 43
0.11 0.1 0.23 0.36 0.2
85 68 45 95 62
0.26 0.1 0.04 0.02 0.59
81 52 12 5 65
0.26 0.07 0.52 0.04 0.12
85 33 69 94 54
0.31 0.14 0.04 0.02 0.49
13 19 57 16 92
0.15 0.49 0.16 0.08 0.13
79 74 67 86 10
0.08 0.03 0.6 0.22 0.07
68 87 66 59 37
0.29 0.13 0.12 0.1 0.37
25 74 93 76 10
0.39 0.02 0.07 0.46 0.06
