#Number of options
100

#Assortments data
98 35 5 40 96
0.12 0.3 0.03 0.29 0.26
82 71 90 24 27
0.13 0.16 0.23 0.22 0.26
59 51 54 65 22
0.11 0.18 0.22 0.16 0.34
61 48 82 64 65
0.38 0.17 0.09 0.28 0.09
87 61 0 96 48
0.07 0.41 0.1 0.24 0.18
87 73 78 6 12
0.07 0.2 0.12 0.43 0.18
41 50 14 98 33
0.46 0.06 0.23 0.1 0.15
92 29 17 97 90
0.34 0.07 0.11 0.21 0.26
4 75 49 99 86
0.08 0.36 0.1 0.14 0.33
7 52 20 15 16
0.21 0.13 0.11 0.15 0.4
41 3 23 29 7
0.54 0.08 0.22 0.05 0.11
19 87 94 6 49
0.46 0.06 0.05 0.34 0.09
90 2 30 49 9
0.34 0.15 0.11 0.22 0.19
53 49 97 75 74
0.29 0.11 0.14 0.37 0.09
97 37 16 82 81
0.17 0.21 0.25 0.12 0.25
77 35 22 96 84
0.1 0.32 0.24 0.28 0.07
91 79 92 21 97
0.13 0.23 0.28 0.18 0.18
6 87 28 35 22
0.36 0.06 0.12 0.27 0.19
93 62 68 28 74
0.1 0.33 0.29 0.17 0.12
76 1 75 23 4
0.17 0.09 0.42 0.23 0.09
