#Number of options
100

#Assortments data
29 74 21 57 71
0.17 0.12 0.36 0.23 0.12
34 59 70 56 16
0.1 0.11 0.08 0.34 0.37
50 72 80 52 44
0.12 0.19 0.11 0.51 0.07
61 45 9 83 32
0.12 0.04 0.54 0.06 0.23
18 64 88 83 71
0.38 0.1 0.14 0.11 0.27
85 67 52 18 73
0.15 0.05 0.53 0.2 0.07
25 55 59 49 10
0.04 0.18 0.27 0.11 0.4
27 6 81 46 34
0.06 0.11 0.57 0.1 0.16
6 38 36 1 72
0.12 0.35 0.13 0.2 0.19
83 30 46 57 18
0.09 0.09 0.15 0.39 0.28
40 83 8 42 60
0.18 0.08 0.3 0.38 0.05
38 58 68 32 15
0.33 0.24 0.18 0.2 0.05
61 44 83 90 7
0.13 0.08 0.07 0.28 0.45
18 9 70 23 63
0.18 0.45 0.13 0.1 0.15
24 27 63 42 93
0.29 0.08 0.2 0.34 0.08
9 40 10 74 82
0.34 0.09 0.2 0.1 0.27
33 22 70 35 29
0.11 0.45 0.15 0.1 0.21
70 40 33 86 81
0.13 0.12 0.09 0.11 0.56
81 28 71 97 79
0.42 0.05 0.09 0.18 0.26
97 56 53 34 49
0.22 0.5 0.07 0.15 0.06
