#Number of options
100

#Assortments data
56 16 27 51 55
0.23 0.36 0.07 0.21 0.12
51 54 48 36 49
0.11 0.22 0.27 0.09 0.32
21 13 89 75 71
0.43 0.18 0.05 0.27 0.07
42 53 51 39 23
0.71 0.05 0.07 0.09 0.08
51 10 87 15 47
0.16 0.3 0.4 0.05 0.09
76 35 64 37 16
0.27 0.1 0.18 0.19 0.25
60 81 85 24 64
0.14 0.29 0.07 0.42 0.08
42 6 11 55 4
0.68 0.05 0.16 0.04 0.07
19 93 14 69 13
0.28 0.03 0.33 0.08 0.28
35 68 8 16 77
0.11 0.36 0.19 0.26 0.08
78 0 45 82 30
0.18 0.51 0.08 0.16 0.07
48 27 16 10 33
0.17 0.02 0.12 0.13 0.55
58 61 42 67 94
0.15 0.12 0.56 0.15 0.02
80 31 78 58 23
0.04 0.27 0.14 0.38 0.17
7 95 54 64 34
0.26 0.04 0.25 0.16 0.29
62 23 56 63 4
0.31 0.2 0.18 0.13 0.18
53 88 11 26 4
0.13 0.1 0.45 0.12 0.2
42 51 81 12 93
0.55 0.05 0.23 0.15 0.01
7 12 17 78 30
0.25 0.37 0.21 0.12 0.05
7 79 89 99 75
0.32 0.15 0.06 0.1 0.37
