#Number of options
100

#Assortments data
58 31 38 59 56
0.28 0.34 0.18 0.06 0.14
5 23 84 59 87
0.44 0.28 0.06 0.1 0.12
22 30 91 78 19
0.19 0.1 0.07 0.25 0.4
81 47 97 92 93
0.16 0.1 0.06 0.06 0.62
97 51 70 84 55
0.07 0.33 0.05 0.03 0.52
71 10 56 73 15
0.15 0.06 0.06 0.46 0.27
36 63 87 88 10
0.31 0.04 0.05 0.5 0.09
86 56 4 74 43
0.5 0.11 0.13 0.09 0.17
59 2 25 82 42
0.05 0.48 0.05 0.3 0.12
71 3 65 31 90
0.19 0.08 0.11 0.2 0.42
27 66 76 77 95
0.36 0.4 0.07 0.14 0.03
69 8 61 49 77
0.34 0.05 0.26 0.04 0.3
7 5 99 85 40
0.14 0.09 0.33 0.11 0.33
97 52 19 90 50
0.05 0.14 0.31 0.48 0.03
81 1 41 19 59
0.17 0.05 0.38 0.36 0.05
40 17 68 19 51
0.44 0.05 0.12 0.21 0.18
72 87 90 63 92
0.05 0.08 0.73 0.06 0.09
51 8 83 43 85
0.35 0.09 0.08 0.19 0.3
17 2 14 48 64
0.07 0.4 0.27 0.16 0.1
21 62 27 1 69
0.05 0.05 0.6 0.03 0.27
