#Number of options
100

#Assortments data
7 15 39 69 95
0.36 0.05 0.06 0.27 0.26
79 76 90 2 88
0.52 0.07 0.18 0.04 0.18
61 23 27 69 9
0.08 0.09 0.17 0.29 0.38
35 73 56 72 71
0.06 0.05 0.52 0.22 0.15
83 61 45 56 76
0.07 0.07 0.04 0.74 0.08
59 20 24 75 22
0.38 0.17 0.16 0.12 0.18
64 57 9 98 46
0.07 0.2 0.27 0.2 0.26
25 18 64 93 43
0.03 0.25 0.06 0.05 0.61
36 57 86 0 27
0.26 0.34 0.11 0.09 0.2
82 73 3 81 68
0.33 0.06 0.19 0.29 0.14
61 43 3 5 29
0.03 0.37 0.09 0.07 0.45
95 73 23 62 82
0.28 0.08 0.09 0.07 0.47
46 33 56 53 59
0.18 0.13 0.42 0.04 0.24
32 96 40 53 64
0.43 0.09 0.16 0.15 0.18
35 90 3 79 51
0.06 0.14 0.17 0.4 0.24
43 70 6 34 40
0.44 0.42 0.03 0.08 0.04
97 88 70 52 68
0.31 0.07 0.29 0.28 0.06
30 58 84 27 39
0.28 0.18 0.3 0.17 0.07
50 20 63 60 17
0.25 0.11 0.21 0.02 0.4
49 80 9 28 71
0.11 0.22 0.37 0.05 0.25
