#Number of options
100

#Assortments data
55 15 73 77 93
0.37 0.13 0.14 0.26 0.11
75 81 47 43 5
0.2 0.35 0.12 0.26 0.07
97 85 50 40 98
0.35 0.1 0.12 0.19 0.24
31 22 27 34 17
0.35 0.15 0.09 0.17 0.24
75 1 30 29 73
0.28 0.15 0.14 0.36 0.07
61 2 51 98 45
0.28 0.05 0.29 0.32 0.06
69 26 65 14 15
0.2 0.19 0.24 0.27 0.09
47 32 65 84 3
0.18 0.28 0.2 0.2 0.15
36 11 48 72 5
0.32 0.14 0.34 0.14 0.06
68 4 93 75 77
0.5 0.21 0.04 0.17 0.08
47 81 2 19 32
0.15 0.44 0.05 0.14 0.23
17 26 31 80 90
0.26 0.07 0.39 0.04 0.24
14 48 29 40 39
0.12 0.33 0.23 0.19 0.13
30 1 85 31 47
0.1 0.11 0.11 0.57 0.11
72 18 91 66 29
0.16 0.24 0.15 0.15 0.29
76 94 13 92 72
0.11 0.09 0.36 0.26 0.18
29 74 65 24 96
0.29 0.13 0.14 0.27 0.17
74 13 66 62 68
0.09 0.23 0.11 0.12 0.45
69 38 81 30 28
0.11 0.33 0.35 0.11 0.1
96 49 81 19 46
0.19 0.15 0.43 0.13 0.1
