#Number of options
100

#Assortments data
56 9 57 79 15
0.21 0.27 0.19 0.26 0.07
62 7 94 64 71
0.05 0.35 0.23 0.06 0.31
81 40 21 46 25
0.31 0.23 0.28 0.12 0.06
33 81 25 60 9
0.09 0.27 0.05 0.06 0.54
21 69 30 91 62
0.15 0.36 0.25 0.2 0.04
24 86 90 28 1
0.24 0.11 0.42 0.06 0.17
73 36 7 79 47
0.05 0.21 0.24 0.25 0.25
13 22 96 99 38
0.33 0.29 0.06 0.08 0.25
43 37 92 87 26
0.27 0.13 0.21 0.12 0.27
19 92 66 46 43
0.09 0.26 0.18 0.12 0.34
83 2 71 92 23
0.09 0.06 0.52 0.28 0.06
27 50 60 86 96
0.28 0.3 0.12 0.17 0.13
85 78 55 22 99
0.1 0.47 0.18 0.2 0.05
28 53 3 67 21
0.03 0.03 0.72 0.05 0.17
13 79 92 65 36
0.13 0.19 0.08 0.45 0.16
45 53 91 76 10
0.07 0.03 0.26 0.04 0.59
65 85 62 36 7
0.52 0.06 0.03 0.18 0.2
69 26 36 72 4
0.29 0.15 0.23 0.08 0.25
44 64 93 23 85
0.1 0.2 0.18 0.13 0.39
22 11 38 93 65
0.16 0.04 0.14 0.03 0.63
