#Number of options
100

#Assortments data
99 98 9 86 54
0.35 0.1 0.24 0.22 0.08
94 6 43 40 45
0.57 0.1 0.09 0.08 0.16
67 46 76 97 12
0.12 0.11 0.21 0.39 0.16
17 18 13 73 28
0.19 0.45 0.26 0.08 0.02
4 15 35 93 59
0.26 0.13 0.22 0.24 0.15
24 33 95 0 15
0.1 0.14 0.56 0.04 0.16
93 36 12 45 39
0.24 0.29 0.07 0.28 0.11
44 45 28 26 14
0.08 0.31 0.03 0.46 0.12
68 85 17 69 42
0.15 0.16 0.2 0.44 0.05
65 15 73 79 47
0.39 0.07 0.06 0.22 0.26
38 52 0 48 87
0.17 0.27 0.04 0.41 0.11
87 7 71 31 50
0.04 0.33 0.4 0.18 0.05
34 96 39 17 69
0.07 0.05 0.1 0.24 0.53
41 13 61 12 28
0.23 0.51 0.12 0.11 0.04
21 86 94 75 5
0.14 0.06 0.44 0.08 0.28
27 62 84 20 73
0.28 0.03 0.03 0.6 0.07
43 40 81 89 19
0.11 0.1 0.24 0.49 0.06
34 14 12 47 0
0.1 0.13 0.1 0.63 0.04
70 60 2 84 8
0.35 0.05 0.22 0.06 0.33
30 36 49 25 6
0.46 0.3 0.05 0.03 0.17
