#Number of options
100

#Assortments data
19 99 9 53 70
0.13 0.58 0.1 0.07 0.12
39 5 22 14 84
0.24 0.43 0.13 0.11 0.08
37 81 29 98 64
0.36 0.27 0.19 0.09 0.09
10 44 47 27 29
0.1 0.06 0.18 0.57 0.1
45 75 63 59 85
0.39 0.2 0.06 0.07 0.28
83 32 99 87 98
0.08 0.18 0.64 0.05 0.04
14 33 54 59 50
0.27 0.14 0.14 0.25 0.2
81 7 10 73 77
0.09 0.13 0.06 0.31 0.41
68 48 96 79 89
0.21 0.14 0.07 0.4 0.18
31 2 1 9 12
0.27 0.49 0.05 0.13 0.05
6 82 11 0 5
0.32 0.33 0.06 0.04 0.25
36 85 58 16 56
0.35 0.21 0.21 0.14 0.09
63 85 48 94 62
0.08 0.37 0.2 0.27 0.08
38 43 81 37 59
0.14 0.29 0.19 0.26 0.11
54 78 72 34 65
0.07 0.32 0.07 0.16 0.37
59 89 0 42 36
0.09 0.23 0.06 0.06 0.56
53 50 21 13 5
0.08 0.07 0.16 0.3 0.38
43 69 22 15 33
0.13 0.61 0.07 0.16 0.03
53 65 48 59 25
0.12 0.4 0.27 0.13 0.07
19 16 13 9 81
0.17 0.25 0.3 0.12 0.16
