#Number of options
100

#Assortments data
60 38 93 3 35
0.15 0.16 0.16 0.08 0.45
80 52 72 9 95
0.21 0.25 0.1 0.25 0.2
44 51 98 77 46
0.14 0.16 0.24 0.42 0.04
84 23 6 79 78
0.1 0.18 0.27 0.3 0.15
40 47 96 52 65
0.42 0.06 0.18 0.11 0.22
10 54 26 87 90
0.12 0.11 0.24 0.09 0.44
24 36 8 13 85
0.13 0.28 0.08 0.31 0.2
33 9 11 89 54
0.26 0.16 0.22 0.19 0.17
95 87 35 82 26
0.08 0.09 0.37 0.2 0.25
76 75 5 94 23
0.15 0.56 0.06 0.07 0.17
18 80 71 65 85
0.2 0.11 0.16 0.25 0.29
74 67 49 71 53
0.23 0.16 0.17 0.21 0.24
98 23 0 27 95
0.2 0.17 0.15 0.39 0.09
94 41 80 8 9
0.06 0.66 0.08 0.09 0.1
91 41 99 19 53
0.06 0.5 0.08 0.25 0.11
81 78 48 1 82
0.23 0.18 0.23 0.11 0.26
34 75 44 58 36
0.14 0.29 0.06 0.33 0.18
18 86 93 56 70
0.21 0.41 0.17 0.14 0.08
92 23 98 91 10
0.15 0.25 0.29 0.13 0.19
26 15 45 16 5
0.33 0.16 0.16 0.28 0.07
