#Number of options
100

#Assortments data
75 92 4 87 86
0.38 0.19 0.13 0.05 0.26
1 83 40 4 70
0.07 0.15 0.41 0.19 0.19
73 9 71 1 46
0.36 0.15 0.39 0.06 0.05
92 76 13 49 17
0.21 0.14 0.45 0.04 0.16
81 22 77 74 47
0.13 0.09 0.62 0.08 0.08
3 27 49 10 85
0.2 0.47 0.03 0.07 0.23
94 20 28 62 87
0.36 0.43 0.06 0.1 0.05
7 71 18 99 47
0.26 0.19 0.18 0.26 0.1
71 27 13 57 99
0.14 0.31 0.17 0.19 0.18
4 68 26 66 58
0.05 0.09 0.53 0.23 0.1
87 26 65 23 8
0.02 0.72 0.1 0.05 0.11
56 76 92 90 52
0.18 0.11 0.17 0.4 0.14
70 69 57 94 41
0.07 0.4 0.23 0.18 0.12
90 58 91 77 69
0.16 0.1 0.02 0.46 0.27
1 38 53 6 54
0.06 0.17 0.07 0.61 0.1
67 51 66 73 17
0.02 0.25 0.42 0.2 0.1
17 45 20 38 78
0.09 0.31 0.25 0.08 0.27
41 81 85 26 51
0.08 0.11 0.13 0.54 0.14
48 5 91 60 11
0.33 0.4 0.07 0.1 0.11
56 26 41 20 81
0.08 0.56 0.09 0.16 0.11
