#Number of options
100

#Assortments data
64 18 63 95 57
0.05 0.28 0.14 0.19 0.34
41 20 91 62 83
0.29 0.25 0.25 0.13 0.09
41 7 88 93 37
0.16 0.6 0.12 0.07 0.04
28 23 30 44 11
0.16 0.21 0.35 0.1 0.17
79 11 90 45 50
0.32 0.06 0.48 0.04 0.1
71 65 58 12 18
0.25 0.32 0.12 0.09 0.22
20 52 3 76 10
0.1 0.44 0.14 0.03 0.29
84 48 28 31 17
0.06 0.5 0.04 0.17 0.23
40 44 46 58 90
0.14 0.04 0.14 0.16 0.52
6 78 14 38 63
0.13 0.28 0.08 0.37 0.14
11 61 5 1 95
0.09 0.15 0.3 0.18 0.28
24 69 94 67 40
0.23 0.19 0.34 0.07 0.17
15 14 82 34 28
0.06 0.11 0.5 0.25 0.08
98 82 1 47 77
0.1 0.37 0.13 0.29 0.12
72 62 40 11 31
0.27 0.12 0.2 0.09 0.33
36 21 39 44 87
0.16 0.6 0.07 0.04 0.13
20 29 75 30 83
0.14 0.43 0.27 0.11 0.05
4 94 51 63 97
0.29 0.2 0.25 0.11 0.16
8 46 2 23 67
0.56 0.19 0.05 0.11 0.09
31 38 79 86 24
0.19 0.31 0.27 0.08 0.15
