#Number of options
100

#Assortments data
26 57 8 78 51
0.1 0.15 0.21 0.22 0.32
46 23 11 91 92
0.12 0.04 0.05 0.26 0.53
38 5 27 88 95
0.59 0.06 0.11 0.08 0.17
9 71 73 53 35
0.68 0.07 0.03 0.11 0.11
56 44 92 14 23
0.25 0.05 0.58 0.07 0.04
80 88 69 22 62
0.1 0.1 0.16 0.51 0.13
52 1 50 57 22
0.17 0.31 0.17 0.1 0.25
88 50 51 38 37
0.06 0.2 0.24 0.42 0.09
71 90 17 37 18
0.08 0.21 0.45 0.14 0.12
79 61 95 89 24
0.19 0.06 0.11 0.11 0.52
38 88 15 14 12
0.5 0.07 0.05 0.14 0.24
38 17 46 77 55
0.37 0.25 0.2 0.07 0.1
73 8 48 31 21
0.01 0.09 0.23 0.24 0.43
60 0 8 63 29
0.08 0.08 0.18 0.33 0.34
6 2 76 91 89
0.08 0.02 0.1 0.63 0.17
53 99 25 60 76
0.25 0.16 0.14 0.23 0.23
33 29 41 45 24
0.2 0.24 0.08 0.03 0.45
97 87 8 35 16
0.24 0.35 0.14 0.06 0.21
62 12 78 0 90
0.11 0.31 0.26 0.11 0.21
87 71 6 60 76
0.62 0.07 0.09 0.11 0.11
