#Number of options
100

#Assortments data
59 2 7 61 18
0.17 0.15 0.11 0.49 0.07
35 18 36 53 80
0.18 0.06 0.16 0.57 0.02
6 51 13 29 55
0.27 0.23 0.37 0.06 0.07
91 55 74 39 56
0.16 0.08 0.06 0.56 0.13
32 1 64 23 69
0.21 0.03 0.26 0.46 0.03
62 4 27 52 61
0.5 0.06 0.08 0.06 0.29
45 84 81 11 5
0.11 0.12 0.1 0.62 0.04
92 33 15 67 80
0.12 0.43 0.08 0.35 0.02
13 14 40 32 73
0.11 0.46 0.15 0.22 0.06
81 77 83 93 87
0.11 0.1 0.57 0.08 0.15
36 3 8 90 57
0.18 0.08 0.05 0.23 0.46
16 13 26 87 69
0.19 0.37 0.09 0.24 0.11
82 85 65 7 96
0.12 0.34 0.06 0.07 0.41
68 29 92 40 0
0.24 0.03 0.08 0.23 0.43
25 8 30 28 83
0.24 0.02 0.02 0.31 0.41
23 16 57 76 18
0.46 0.05 0.14 0.31 0.02
14 25 73 4 15
0.62 0.21 0.09 0.05 0.04
47 94 17 3 71
0.24 0.1 0.22 0.25 0.18
95 69 81 9 78
0.08 0.2 0.32 0.21 0.19
81 52 47 91 22
0.21 0.12 0.1 0.17 0.39
