#Number of options
100

#Assortments data
26 81 79 2 35
0.1 0.38 0.14 0.22 0.17
28 2 31 22 68
0.62 0.05 0.07 0.13 0.12
36 67 27 30 45
0.05 0.82 0.08 0.01 0.04
85 65 67 68 78
0.13 0.03 0.69 0.13 0.02
79 27 16 78 10
0.14 0.26 0.4 0.07 0.13
16 66 72 51 68
0.25 0.19 0.11 0.14 0.32
56 14 64 86 7
0.04 0.19 0.64 0.08 0.05
8 92 93 40 16
0.11 0.28 0.11 0.21 0.28
32 93 80 85 36
0.45 0.1 0.02 0.32 0.11
23 11 60 10 78
0.3 0.21 0.45 0.03 0.01
66 92 31 94 78
0.26 0.34 0.28 0.06 0.06
2 13 32 48 90
0.12 0.26 0.39 0.13 0.1
63 88 54 95 6
0.06 0.04 0.74 0.02 0.14
4 77 53 34 74
0.06 0.07 0.44 0.39 0.04
70 81 95 96 98
0.03 0.16 0.01 0.33 0.46
24 1 7 8 98
0.25 0.08 0.1 0.07 0.5
18 95 33 69 11
0.05 0.01 0.54 0.03 0.37
87 13 88 78 53
0.19 0.26 0.05 0.04 0.46
54 0 35 17 51
0.31 0.58 0.03 0.03 0.05
85 11 66 77 29
0.25 0.49 0.15 0.06 0.04
