#Number of options
100

#Assortments data
64 63 78 28 91
0.11 0.19 0.28 0.13 0.3
8 82 56 21 1
0.08 0.08 0.35 0.27 0.22
22 61 44 29 76
0.23 0.18 0.11 0.33 0.15
16 84 24 12 80
0.49 0.17 0.18 0.11 0.04
35 84 2 87 30
0.11 0.34 0.04 0.34 0.16
2 4 11 7 9
0.02 0.33 0.06 0.23 0.36
4 78 84 86 40
0.39 0.21 0.21 0.12 0.07
28 11 30 25 37
0.25 0.18 0.24 0.09 0.23
79 10 90 74 86
0.29 0.28 0.12 0.19 0.12
3 41 68 30 97
0.18 0.2 0.22 0.08 0.31
46 15 44 83 40
0.3 0.08 0.19 0.27 0.16
47 49 64 91 98
0.36 0.1 0.09 0.25 0.2
7 19 22 77 61
0.37 0.12 0.22 0.12 0.18
37 83 49 7 79
0.11 0.14 0.11 0.32 0.32
29 18 9 4 27
0.19 0.08 0.34 0.31 0.07
66 23 36 43 7
0.07 0.08 0.07 0.58 0.2
25 85 28 38 22
0.03 0.09 0.1 0.63 0.15
62 44 46 0 25
0.13 0.22 0.34 0.21 0.1
7 93 5 12 52
0.29 0.03 0.13 0.14 0.42
57 81 93 47 20
0.11 0.5 0.03 0.31 0.05
