#Number of options
100

#Assortments data
82 95 66 0 72
0.11 0.06 0.17 0.36 0.29
94 68 79 1 75
0.06 0.23 0.12 0.32 0.27
27 87 53 88 98
0.04 0.32 0.08 0.05 0.52
96 82 90 65 54
0.21 0.1 0.21 0.11 0.37
89 17 40 42 71
0.03 0.08 0.13 0.71 0.05
6 92 58 65 83
0.05 0.43 0.25 0.05 0.22
45 3 34 30 8
0.09 0.12 0.58 0.04 0.18
7 18 37 78 41
0.29 0.11 0.18 0.13 0.29
61 30 34 67 59
0.17 0.02 0.28 0.17 0.35
11 33 61 98 25
0.12 0.36 0.09 0.33 0.1
79 59 76 90 28
0.07 0.38 0.24 0.13 0.17
7 97 23 50 18
0.16 0.21 0.32 0.24 0.06
38 73 96 97 14
0.38 0.04 0.16 0.24 0.19
64 54 25 80 62
0.18 0.29 0.28 0.06 0.19
10 20 60 47 76
0.14 0.07 0.26 0.09 0.44
25 12 28 66 32
0.17 0.51 0.13 0.08 0.11
88 52 95 59 38
0.07 0.15 0.04 0.4 0.34
42 45 34 89 26
0.69 0.03 0.22 0.03 0.03
4 12 56 87 65
0.08 0.47 0.1 0.3 0.05
38 40 51 3 12
0.24 0.13 0.09 0.05 0.49
