#Number of options
100

#Assortments data
74 12 50 88 94
0.19 0.18 0.53 0.05 0.05
35 1 0 90 12
0.02 0.79 0.04 0.04 0.11
46 72 91 48 57
0.25 0.23 0.34 0.13 0.05
95 66 70 34 21
0.1 0.03 0.23 0.12 0.52
97 41 46 69 86
0.48 0.08 0.38 0.04 0.02
63 17 71 8 36
0.35 0.41 0.06 0.12 0.06
2 68 69 92 47
0.02 0.2 0.06 0.44 0.27
17 47 8 81 42
0.38 0.18 0.11 0.19 0.14
59 28 22 92 47
0.32 0.06 0.13 0.3 0.19
91 95 2 17 33
0.47 0.06 0.01 0.31 0.13
29 71 24 76 64
0.35 0.08 0.45 0.07 0.05
44 70 37 11 68
0.07 0.37 0.09 0.19 0.28
65 71 80 35 59
0.26 0.1 0.05 0.05 0.54
47 39 73 45 58
0.6 0.11 0.04 0.04 0.2
33 10 77 87 19
0.19 0.27 0.03 0.45 0.06
93 16 85 19 77
0.05 0.58 0.12 0.17 0.08
85 24 2 84 99
0.05 0.44 0.02 0.46 0.04
98 27 76 75 48
0.47 0.04 0.07 0.08 0.33
19 61 9 32 91
0.04 0.05 0.31 0.1 0.49
93 34 73 53 99
0.07 0.51 0.06 0.22 0.14
