#Number of options
100

#Assortments data
24 63 38 41 46
0.08 0.18 0.07 0.05 0.61
2 18 96 15 94
0.07 0.28 0.31 0.09 0.25
60 17 25 33 52
0.09 0.35 0.06 0.21 0.28
79 21 12 35 88
0.28 0.39 0.19 0.04 0.09
44 85 75 7 17
0.05 0.14 0.2 0.21 0.39
97 76 3 46 83
0.25 0.03 0.02 0.68 0.02
70 19 37 93 26
0.76 0.1 0.05 0.02 0.06
99 90 29 43 12
0.03 0.13 0.44 0.28 0.13
32 53 6 5 97
0.1 0.06 0.03 0.04 0.76
8 71 87 5 39
0.26 0.12 0.47 0.04 0.11
86 7 88 65 84
0.03 0.13 0.05 0.16 0.63
38 92 84 91 72
0.08 0.13 0.29 0.3 0.19
14 96 64 19 88
0.2 0.26 0.22 0.15 0.17
4 32 75 87 20
0.33 0.09 0.15 0.38 0.06
53 14 97 79 55
0.06 0.07 0.67 0.17 0.04
25 88 13 18 30
0.15 0.16 0.16 0.23 0.3
77 72 5 46 49
0.01 0.2 0.01 0.72 0.06
0 69 4 7 10
0.12 0.08 0.32 0.15 0.33
92 65 7 38 73
0.38 0.2 0.17 0.24 0.01
54 67 5 93 16
0.18 0.14 0.07 0.03 0.59
