#Number of options
100

#Assortments data
9 82 50 44 43
0.12 0.06 0.04 0.71 0.06
51 18 63 52 95
0.38 0.17 0.2 0.2 0.05
50 6 94 35 28
0.05 0.08 0.02 0.04 0.81
20 30 61 47 9
0.05 0.02 0.59 0.05 0.28
6 84 51 10 23
0.09 0.11 0.1 0.05 0.64
83 55 31 84 27
0.77 0.03 0.06 0.08 0.07
51 65 4 90 2
0.29 0.13 0.17 0.31 0.11
63 22 45 51 34
0.08 0.36 0.06 0.14 0.36
84 63 50 26 17
0.34 0.15 0.15 0.19 0.17
7 78 51 98 40
0.08 0.07 0.18 0.38 0.28
89 98 82 3 59
0.05 0.41 0.14 0.06 0.33
10 68 26 0 8
0.06 0.15 0.07 0.68 0.04
61 99 83 56 66
0.19 0.03 0.71 0.03 0.04
58 41 25 64 46
0.1 0.08 0.39 0.42 0.02
45 7 30 77 28
0.04 0.04 0.01 0.04 0.87
94 20 16 41 62
0.02 0.02 0.09 0.16 0.71
69 91 87 40 20
0.12 0.11 0.39 0.32 0.05
8 20 60 52 64
0.02 0.01 0.41 0.03 0.53
82 59 29 97 78
0.17 0.4 0.11 0.22 0.1
80 41 74 4 65
0.04 0.55 0.1 0.17 0.13
