#Number of options
100

#Assortments data
67 6 80 39 49
0.56 0.04 0.01 0.09 0.3
2 62 18 68 44
0.02 0.51 0.04 0.1 0.34
95 75 35 72 99
0.04 0.45 0.25 0.13 0.14
0 60 37 53 66
0.41 0.24 0.11 0.19 0.04
80 42 53 79 27
0.02 0.4 0.41 0.1 0.07
73 14 1 81 55
0.1 0.44 0.17 0.23 0.06
94 7 47 53 17
0.05 0.19 0.08 0.52 0.16
66 45 88 17 49
0.08 0.04 0.04 0.11 0.73
72 31 6 33 65
0.06 0.15 0.11 0.62 0.06
1 58 70 11 28
0.05 0.06 0.03 0.32 0.53
91 46 18 15 95
0.31 0.21 0.2 0.22 0.06
49 24 82 63 12
0.49 0.18 0.03 0.05 0.25
32 89 4 31 66
0.47 0.06 0.08 0.25 0.13
17 96 1 56 5
0.11 0.67 0.13 0.08 0.02
29 20 91 28 51
0.05 0.02 0.06 0.83 0.04
95 15 1 88 11
0.02 0.07 0.12 0.04 0.76
44 95 36 72 88
0.66 0.02 0.2 0.07 0.04
70 73 69 83 11
0.03 0.04 0.04 0.49 0.4
16 23 53 50 76
0.12 0.34 0.22 0.07 0.24
41 65 10 77 14
0.29 0.07 0.12 0.07 0.44
