#Number of options
100

#Assortments data
33 69 32 6 18
0.2 0.07 0.5 0.17 0.06
78 62 87 55 47
0.1 0.41 0.22 0.17 0.09
37 71 18 5 12
0.27 0.12 0.08 0.05 0.48
37 98 35 76 90
0.2 0.15 0.1 0.4 0.15
20 42 73 37 93
0.12 0.28 0.11 0.33 0.16
94 98 11 66 93
0.07 0.15 0.44 0.25 0.09
70 78 64 83 59
0.08 0.08 0.26 0.41 0.18
23 96 64 70 83
0.33 0.16 0.18 0.05 0.28
73 80 64 3 66
0.1 0.04 0.39 0.05 0.41
4 15 66 26 20
0.17 0.1 0.42 0.2 0.12
54 92 23 9 77
0.28 0.12 0.44 0.1 0.06
70 63 90 17 39
0.09 0.11 0.19 0.09 0.52
72 15 43 22 86
0.06 0.05 0.2 0.45 0.24
22 92 28 77 69
0.55 0.13 0.17 0.07 0.08
31 36 46 63 57
0.29 0.24 0.11 0.1 0.25
88 19 64 62 13
0.07 0.4 0.17 0.2 0.16
30 91 48 74 56
0.09 0.15 0.25 0.11 0.4
85 61 67 6 90
0.24 0.27 0.17 0.17 0.14
86 96 56 2 66
0.28 0.23 0.18 0.05 0.26
82 0 30 83 32
0.09 0.15 0.03 0.31 0.42
