#Number of options
100

#Assortments data
92 10 24 49 14
0.22 0.59 0.09 0.05 0.05
81 75 37 27 43
0.18 0.24 0.04 0.1 0.44
72 7 70 43 5
0.08 0.19 0.21 0.23 0.29
26 82 19 32 73
0.2 0.55 0.09 0.1 0.06
11 54 19 72 88
0.11 0.08 0.18 0.29 0.36
32 36 60 29 91
0.09 0.12 0.04 0.43 0.32
91 56 75 50 61
0.24 0.38 0.16 0.16 0.05
85 22 42 7 31
0.13 0.11 0.07 0.36 0.33
47 54 36 51 13
0.52 0.02 0.06 0.32 0.08
85 35 18 3 81
0.09 0.08 0.35 0.37 0.12
13 1 75 5 33
0.14 0.21 0.17 0.4 0.07
61 55 58 62 23
0.13 0.55 0.17 0.08 0.06
11 10 31 64 38
0.03 0.54 0.19 0.02 0.21
68 81 88 61 16
0.29 0.16 0.17 0.07 0.31
90 62 55 80 86
0.38 0.03 0.24 0.29 0.05
90 48 55 21 13
0.31 0.25 0.19 0.14 0.11
90 74 80 51 33
0.2 0.34 0.15 0.27 0.04
70 85 88 7 86
0.35 0.11 0.17 0.31 0.06
62 84 59 8 60
0.03 0.07 0.07 0.8 0.03
61 59 81 68 29
0.07 0.1 0.15 0.28 0.41
