#Number of options
100

#Assortments data
56 58 87 83 99
0.52 0.21 0.09 0.05 0.14
0 25 7 58 59
0.04 0.02 0.64 0.18 0.12
34 69 31 55 70
0.05 0.35 0.07 0.43 0.1
9 83 65 93 77
0.25 0.03 0.34 0.11 0.28
97 18 31 59 32
0.19 0.59 0.11 0.07 0.05
18 42 86 8 72
0.57 0.07 0.06 0.24 0.06
3 43 67 79 8
0.64 0.08 0.01 0.14 0.13
39 61 28 54 66
0.18 0.23 0.1 0.1 0.39
4 11 40 64 25
0.56 0.09 0.25 0.07 0.03
85 90 67 41 18
0.06 0.25 0.01 0.1 0.58
64 43 88 47 15
0.02 0.13 0.29 0.48 0.08
67 79 18 61 9
0.01 0.24 0.5 0.05 0.19
3 49 95 64 41
0.49 0.01 0.45 0.01 0.04
86 4 43 80 47
0.03 0.08 0.07 0.57 0.25
25 95 53 65 60
0.01 0.76 0.02 0.2 0.01
73 53 54 79 99
0.18 0.07 0.05 0.56 0.14
85 87 53 80 86
0.04 0.03 0.02 0.87 0.04
68 27 56 71 25
0.15 0.08 0.21 0.55 0.01
3 74 90 92 45
0.54 0.26 0.11 0.03 0.06
10 58 13 3 67
0.13 0.06 0.1 0.7 0.01
