#Number of options
100

#Assortments data
27 21 76 25 82
0.08 0.39 0.07 0.02 0.43
25 47 67 14 43
0.02 0.69 0.03 0.04 0.23
94 47 77 54 92
0.22 0.64 0.04 0.02 0.08
8 81 26 16 80
0.56 0.11 0.05 0.21 0.07
76 90 80 60 30
0.08 0.31 0.18 0.02 0.4
90 16 86 31 92
0.22 0.37 0.03 0.27 0.11
31 94 46 10 72
0.21 0.24 0.07 0.38 0.1
17 95 26 8 53
0.16 0.25 0.04 0.53 0.02
41 18 79 54 78
0.06 0.31 0.36 0.03 0.24
60 86 96 16 72
0.03 0.05 0.07 0.63 0.23
15 40 33 35 30
0.08 0.14 0.16 0.08 0.54
81 87 43 14 46
0.27 0.09 0.43 0.08 0.13
94 99 14 72 37
0.52 0.06 0.1 0.23 0.1
29 44 60 5 70
0.37 0.02 0.01 0.11 0.49
75 45 49 46 72
0.28 0.09 0.07 0.22 0.34
77 58 81 76 33
0.11 0.25 0.37 0.11 0.16
48 9 86 30 6
0.29 0.23 0.04 0.37 0.06
66 76 23 89 3
0.14 0.07 0.04 0.41 0.33
94 21 39 81 4
0.24 0.26 0.04 0.15 0.31
79 21 71 70 74
0.15 0.14 0.08 0.26 0.37
