#Number of options
100

#Assortments data
41 32 33 78 0
0.12 0.23 0.18 0.4 0.07
86 48 45 39 50
0.06 0.46 0.03 0.11 0.34
68 25 45 37 69
0.48 0.08 0.08 0.08 0.28
65 44 32 70 48
0.3 0.02 0.06 0.42 0.2
39 98 37 52 90
0.1 0.14 0.03 0.44 0.3
39 27 40 84 86
0.22 0.11 0.15 0.41 0.11
16 87 65 17 34
0.21 0.12 0.36 0.25 0.06
65 43 31 69 90
0.33 0.29 0.17 0.05 0.16
2 57 70 85 56
0.01 0.11 0.5 0.03 0.35
29 42 50 20 43
0.42 0.05 0.15 0.1 0.27
58 12 38 74 36
0.14 0.07 0.23 0.41 0.15
12 28 36 84 6
0.13 0.11 0.29 0.33 0.14
38 19 66 78 46
0.32 0.07 0.09 0.29 0.23
3 98 52 38 58
0.26 0.1 0.34 0.19 0.11
9 52 61 39 99
0.32 0.45 0.08 0.1 0.04
98 15 0 51 77
0.24 0.09 0.07 0.5 0.11
1 41 4 77 94
0.19 0.04 0.64 0.04 0.09
91 81 1 46 86
0.29 0.18 0.3 0.19 0.05
99 70 94 69 73
0.03 0.74 0.11 0.09 0.03
90 34 81 98 64
0.4 0.15 0.23 0.18 0.05
