#Number of options
100

#Assortments data
94 72 23 99 93
0.15 0.13 0.25 0.22 0.26
54 60 65 90 41
0.08 0.07 0.23 0.31 0.31
45 65 89 23 21
0.14 0.36 0.1 0.14 0.26
80 1 76 98 31
0.07 0.22 0.22 0.16 0.34
86 48 13 60 78
0.18 0.32 0.25 0.07 0.18
63 84 35 29 95
0.15 0.22 0.28 0.21 0.14
82 24 29 0 31
0.24 0.17 0.11 0.13 0.34
70 30 52 15 3
0.24 0.15 0.25 0.18 0.19
67 56 55 82 93
0.18 0.21 0.22 0.24 0.15
68 28 63 45 21
0.47 0.17 0.06 0.11 0.19
61 34 8 99 10
0.17 0.36 0.18 0.09 0.2
33 44 3 38 71
0.19 0.13 0.14 0.45 0.1
60 71 58 83 92
0.07 0.09 0.5 0.11 0.22
24 34 10 50 12
0.13 0.41 0.23 0.11 0.11
93 40 64 55 99
0.14 0.34 0.19 0.21 0.12
31 77 86 12 88
0.24 0.28 0.19 0.1 0.19
98 4 96 72 33
0.16 0.11 0.4 0.08 0.24
99 49 53 31 22
0.08 0.14 0.06 0.2 0.52
99 53 92 30 6
0.12 0.1 0.3 0.13 0.35
99 24 96 85 67
0.1 0.13 0.3 0.33 0.14
