#Number of options
100

#Assortments data
66 29 40 2 89
0.2 0.28 0.18 0.11 0.23
29 95 8 92 68
0.11 0.11 0.19 0.19 0.4
45 50 44 16 20
0.06 0.16 0.11 0.57 0.11
23 72 54 33 6
0.19 0.3 0.14 0.26 0.11
84 64 29 33 44
0.35 0.09 0.2 0.24 0.12
56 7 1 69 27
0.25 0.24 0.3 0.11 0.09
95 78 57 55 93
0.18 0.32 0.3 0.13 0.07
1 89 42 17 41
0.25 0.1 0.29 0.25 0.11
9 77 58 5 47
0.29 0.13 0.35 0.07 0.15
18 56 39 71 67
0.16 0.33 0.15 0.22 0.14
87 53 34 59 65
0.13 0.1 0.18 0.31 0.27
22 2 76 56 26
0.36 0.06 0.21 0.27 0.09
42 45 66 77 99
0.49 0.07 0.15 0.17 0.13
23 78 61 24 39
0.13 0.25 0.17 0.33 0.12
91 87 62 55 10
0.25 0.14 0.11 0.13 0.37
98 25 33 56 17
0.33 0.06 0.15 0.21 0.26
46 90 44 66 5
0.13 0.47 0.14 0.17 0.09
31 4 80 14 32
0.57 0.12 0.04 0.1 0.16
6 38 61 84 29
0.06 0.49 0.13 0.2 0.11
82 59 49 62 20
0.3 0.3 0.2 0.1 0.09
