#Number of options
100

#Assortments data
6 67 95 78 31
0.11 0.04 0.16 0.45 0.24
4 33 12 57 3
0.19 0.06 0.04 0.42 0.28
89 3 56 72 37
0.35 0.26 0.25 0.04 0.1
5 18 49 86 35
0.32 0.3 0.03 0.15 0.2
28 8 79 1 11
0.09 0.29 0.46 0.09 0.09
90 46 91 55 6
0.49 0.02 0.05 0.36 0.07
23 30 88 2 12
0.03 0.27 0.5 0.17 0.03
63 59 37 33 16
0.14 0.15 0.21 0.12 0.38
66 22 68 35 63
0.24 0.14 0.31 0.25 0.06
83 14 71 45 40
0.05 0.07 0.48 0.24 0.15
19 92 7 17 33
0.14 0.09 0.59 0.13 0.06
2 42 79 50 33
0.29 0.07 0.5 0.06 0.08
72 67 95 9 34
0.07 0.07 0.32 0.32 0.22
78 35 59 66 38
0.38 0.21 0.05 0.2 0.16
50 57 97 87 98
0.06 0.53 0.21 0.1 0.1
37 8 82 47 30
0.06 0.15 0.43 0.13 0.22
14 7 49 51 59
0.06 0.57 0.04 0.25 0.07
97 74 45 57 37
0.14 0.18 0.21 0.37 0.09
76 91 49 17 79
0.07 0.12 0.06 0.19 0.55
65 40 8 67 68
0.36 0.12 0.2 0.04 0.29
