#Number of options
100

#Assortments data
66 6 64 83 68
0.17 0.12 0.25 0.16 0.3
33 24 83 2 85
0.37 0.23 0.16 0.04 0.2
72 4 69 87 28
0.15 0.12 0.19 0.22 0.32
98 87 27 28 25
0.23 0.2 0.09 0.3 0.18
99 68 79 92 87
0.12 0.31 0.15 0.29 0.14
41 53 1 73 39
0.32 0.11 0.16 0.07 0.34
3 11 13 76 80
0.15 0.25 0.33 0.2 0.06
76 77 41 27 80
0.2 0.16 0.47 0.11 0.06
97 9 84 92 68
0.14 0.24 0.08 0.27 0.28
10 32 55 80 28
0.17 0.4 0.14 0.05 0.25
85 20 73 0 45
0.38 0.14 0.12 0.21 0.16
82 71 52 51 61
0.13 0.13 0.28 0.2 0.26
87 74 6 26 47
0.24 0.25 0.21 0.19 0.11
75 68 37 95 85
0.22 0.34 0.16 0.06 0.22
97 32 92 51 52
0.13 0.28 0.26 0.14 0.19
6 45 2 11 97
0.23 0.15 0.07 0.27 0.28
6 65 82 2 55
0.24 0.3 0.19 0.07 0.21
88 7 76 53 51
0.15 0.3 0.18 0.14 0.23
88 42 30 12 61
0.16 0.27 0.05 0.21 0.31
54 60 47 86 94
0.21 0.22 0.1 0.39 0.07
