#Number of options
100

#Assortments data
98 50 66 11 99
0.1 0.09 0.23 0.2 0.38
75 40 21 55 6
0.19 0.44 0.05 0.08 0.23
71 45 99 79 23
0.11 0.17 0.34 0.11 0.27
47 93 48 95 84
0.07 0.37 0.29 0.13 0.14
6 77 66 60 93
0.28 0.2 0.16 0.19 0.16
2 27 42 49 41
0.08 0.19 0.14 0.15 0.44
41 79 47 59 58
0.54 0.09 0.03 0.07 0.27
5 77 17 74 4
0.15 0.48 0.15 0.1 0.12
47 3 66 40 1
0.04 0.06 0.2 0.66 0.04
84 61 41 74 56
0.04 0.48 0.4 0.03 0.05
9 50 7 77 49
0.15 0.1 0.13 0.32 0.3
81 86 36 96 29
0.1 0.31 0.25 0.3 0.04
46 72 15 74 40
0.05 0.03 0.13 0.05 0.74
56 89 77 86 30
0.1 0.06 0.29 0.49 0.05
90 67 92 96 4
0.21 0.12 0.18 0.42 0.07
60 68 17 30 38
0.33 0.36 0.11 0.05 0.15
65 29 1 94 20
0.33 0.16 0.12 0.11 0.28
70 41 37 91 81
0.02 0.49 0.34 0.05 0.1
88 71 96 98 21
0.24 0.12 0.44 0.1 0.09
3 81 68 76 60
0.06 0.13 0.25 0.33 0.23
