#Number of options
100

#Assortments data
29 72 77 39 41
0.06 0.02 0.09 0.49 0.34
44 91 8 66 75
0.43 0.1 0.08 0.15 0.24
11 76 28 31 36
0.21 0.25 0.32 0.11 0.11
63 74 76 31 82
0.03 0.04 0.55 0.25 0.13
59 29 69 8 25
0.13 0.12 0.18 0.12 0.45
35 25 27 73 79
0.18 0.35 0.2 0.11 0.16
81 11 25 73 28
0.1 0.26 0.19 0.06 0.4
49 5 32 71 79
0.25 0.04 0.42 0.12 0.17
43 69 5 33 20
0.24 0.22 0.06 0.31 0.16
62 67 53 21 20
0.24 0.24 0.44 0.05 0.04
46 10 26 15 76
0.05 0.1 0.1 0.09 0.65
35 41 53 90 70
0.09 0.26 0.52 0.11 0.02
20 38 85 75 57
0.06 0.19 0.42 0.16 0.17
79 22 65 51 78
0.21 0.46 0.13 0.12 0.08
8 78 46 71 61
0.09 0.06 0.04 0.1 0.71
40 3 52 98 82
0.41 0.08 0.07 0.28 0.16
67 9 76 94 44
0.3 0.08 0.33 0.03 0.27
1 55 69 8 14
0.06 0.08 0.1 0.06 0.7
76 51 77 62 69
0.4 0.06 0.09 0.36 0.09
1 81 96 25 53
0.04 0.08 0.32 0.14 0.42
