#Number of options
100

#Assortments data
71 84 32 87 0
0.14 0.07 0.58 0.06 0.14
98 64 17 82 38
0.14 0.45 0.05 0.21 0.15
28 39 3 22 27
0.14 0.4 0.03 0.19 0.23
18 41 62 80 42
0.13 0.45 0.26 0.03 0.12
73 26 15 97 88
0.18 0.18 0.33 0.08 0.24
59 34 58 7 25
0.09 0.25 0.35 0.15 0.16
58 44 5 73 48
0.31 0.25 0.07 0.24 0.12
10 44 34 17 80
0.1 0.4 0.35 0.08 0.06
45 39 5 63 67
0.32 0.49 0.05 0.03 0.1
87 29 7 89 27
0.08 0.06 0.18 0.08 0.6
33 7 64 14 98
0.08 0.12 0.41 0.27 0.13
11 14 51 39 71
0.13 0.19 0.1 0.49 0.08
25 89 54 27 72
0.15 0.07 0.26 0.47 0.05
37 82 7 43 84
0.66 0.16 0.1 0.05 0.04
67 80 7 43 4
0.37 0.09 0.3 0.15 0.08
4 85 3 0 22
0.03 0.53 0.05 0.1 0.29
15 85 61 69 77
0.18 0.27 0.39 0.1 0.07
36 55 80 3 25
0.57 0.22 0.03 0.06 0.13
80 28 30 39 8
0.03 0.24 0.04 0.65 0.03
34 82 23 10 31
0.24 0.23 0.26 0.07 0.19
