#Number of options
100

#Assortments data
40 56 44 6 26
0.18 0.03 0.59 0.18 0.03
23 55 44 57 21
0.26 0.05 0.55 0.08 0.05
9 10 68 44 66
0.05 0.05 0.14 0.64 0.13
72 38 19 84 54
0.02 0.09 0.38 0.06 0.44
2 27 28 41 29
0.17 0.13 0.39 0.27 0.04
91 90 1 76 47
0.1 0.12 0.08 0.64 0.06
75 18 65 22 99
0.42 0.05 0.06 0.29 0.17
11 6 39 13 95
0.3 0.2 0.26 0.23 0.01
48 24 18 93 49
0.22 0.21 0.07 0.14 0.37
41 1 49 91 77
0.34 0.12 0.31 0.14 0.09
65 10 21 95 5
0.17 0.29 0.35 0.07 0.12
35 1 42 2 19
0.16 0.07 0.15 0.12 0.5
83 16 9 18 59
0.58 0.18 0.11 0.05 0.09
50 43 2 74 26
0.13 0.24 0.39 0.09 0.16
69 39 3 90 70
0.14 0.58 0.04 0.17 0.06
69 40 28 63 44
0.05 0.17 0.19 0.02 0.57
89 98 67 45 39
0.03 0.23 0.27 0.1 0.38
57 81 65 93 90
0.31 0.21 0.09 0.16 0.23
92 50 78 59 70
0.39 0.14 0.15 0.21 0.11
44 82 90 28 32
0.55 0.06 0.06 0.18 0.14
