#Number of options
100

#Assortments data
33 27 71 42 96
0.05 0.17 0.64 0.08 0.06
49 37 8 34 89
0.03 0.04 0.48 0.05 0.4
23 98 61 71 60
0.05 0.09 0.09 0.74 0.03
27 6 37 95 47
0.1 0.06 0.03 0.61 0.2
1 24 4 66 55
0.1 0.06 0.23 0.19 0.42
5 6 89 44 98
0.57 0.06 0.3 0.01 0.05
59 54 25 18 48
0.1 0.05 0.03 0.55 0.28
46 63 50 62 3
0.04 0.09 0.06 0.04 0.78
97 19 46 40 47
0.25 0.12 0.05 0.18 0.4
81 23 11 90 93
0.29 0.06 0.08 0.46 0.12
14 94 3 88 89
0.03 0.31 0.34 0.14 0.18
59 90 74 23 11
0.09 0.34 0.46 0.04 0.06
68 94 80 69 49
0.09 0.29 0.41 0.2 0.01
41 31 81 85 71
0.11 0.2 0.15 0.05 0.49
23 3 4 57 22
0.03 0.54 0.15 0.19 0.08
49 7 72 43 93
0.06 0.5 0.1 0.22 0.13
20 99 4 11 66
0.43 0.13 0.21 0.05 0.17
49 56 77 40 80
0.02 0.14 0.23 0.07 0.54
0 11 88 3 21
0.02 0.04 0.26 0.6 0.08
98 3 5 76 90
0.04 0.39 0.4 0.03 0.15
