#Number of options
100

#Assortments data
78 65 9 30 5
0.34 0.16 0.09 0.2 0.22
99 34 84 12 39
0.36 0.22 0.12 0.1 0.2
81 41 12 49 72
0.37 0.2 0.08 0.14 0.21
79 92 85 12 35
0.57 0.08 0.09 0.04 0.22
84 11 53 16 86
0.07 0.06 0.05 0.6 0.22
82 3 63 60 29
0.47 0.35 0.05 0.02 0.11
57 95 44 88 17
0.24 0.28 0.02 0.3 0.16
14 96 98 41 20
0.14 0.06 0.11 0.13 0.57
4 79 24 63 9
0.15 0.47 0.09 0.07 0.21
40 99 92 58 82
0.09 0.09 0.06 0.15 0.61
59 40 22 35 92
0.14 0.18 0.24 0.32 0.12
61 50 58 45 43
0.11 0.11 0.27 0.13 0.38
14 65 83 31 53
0.13 0.56 0.04 0.22 0.04
77 38 15 42 95
0.27 0.16 0.09 0.1 0.38
35 90 20 95 61
0.12 0.39 0.23 0.21 0.05
80 49 20 9 57
0.23 0.05 0.3 0.18 0.25
89 70 95 43 75
0.19 0.18 0.29 0.22 0.12
84 76 55 97 38
0.03 0.06 0.61 0.17 0.12
3 20 11 13 84
0.48 0.32 0.03 0.14 0.03
93 67 60 39 24
0.26 0.12 0.1 0.2 0.31
