#Number of options
100

#Assortments data
15 20 40 95 70
0.37 0.13 0.43 0.04 0.03
10 55 69 19 70
0.12 0.27 0.25 0.3 0.06
28 4 84 27 78
0.05 0.03 0.02 0.81 0.08
60 70 68 26 48
0.06 0.05 0.33 0.36 0.2
27 93 92 50 20
0.66 0.15 0.06 0.01 0.11
95 73 40 77 3
0.04 0.22 0.41 0.27 0.05
88 13 43 83 65
0.35 0.35 0.07 0.07 0.16
22 32 17 54 77
0.14 0.19 0.11 0.07 0.49
85 39 11 65 81
0.33 0.2 0.17 0.15 0.15
14 92 79 36 46
0.13 0.11 0.1 0.65 0.01
36 39 12 30 22
0.6 0.16 0.04 0.08 0.11
68 76 80 84 47
0.51 0.25 0.08 0.05 0.11
10 82 45 49 70
0.1 0.17 0.58 0.09 0.06
88 78 67 13 9
0.35 0.14 0.04 0.35 0.12
99 1 50 44 36
0.53 0.01 0.01 0.07 0.37
46 34 49 32 0
0.03 0.35 0.16 0.36 0.1
99 9 80 35 87
0.43 0.05 0.02 0.48 0.02
35 76 40 26 5
0.44 0.07 0.29 0.15 0.05
33 78 45 56 99
0.02 0.06 0.29 0.08 0.54
36 33 64 26 83
0.54 0.04 0.08 0.29 0.05
