#Number of options
100

#Assortments data
1 4 11 78 95
0.06 0.22 0.03 0.26 0.44
26 58 49 62 54
0.41 0.37 0.1 0.08 0.05
75 7 74 50 11
0.12 0.43 0.36 0.05 0.04
15 76 59 66 53
0.14 0.07 0.27 0.41 0.1
25 23 87 80 47
0.01 0.01 0.01 0.7 0.26
65 48 60 80 18
0.13 0.06 0.01 0.54 0.27
18 6 62 86 33
0.8 0.07 0.03 0.07 0.04
79 48 5 55 49
0.16 0.1 0.49 0.23 0.02
0 13 89 35 49
0.03 0.13 0.69 0.1 0.05
19 5 51 90 83
0.04 0.56 0.17 0.22 0.01
4 63 70 0 21
0.42 0.09 0.27 0.03 0.19
86 72 49 60 34
0.18 0.39 0.09 0.07 0.26
56 19 31 69 20
0.16 0.05 0.09 0.32 0.38
85 88 70 83 41
0.13 0.3 0.33 0.03 0.21
64 40 53 17 63
0.04 0.2 0.06 0.58 0.12
45 49 68 17 75
0.17 0.05 0.16 0.46 0.17
69 34 14 82 46
0.43 0.1 0.07 0.36 0.04
28 88 22 21 93
0.04 0.34 0.19 0.26 0.17
72 40 69 71 81
0.1 0.08 0.28 0.47 0.07
24 56 72 80 14
0.03 0.09 0.07 0.77 0.03
