#Number of options
100

#Assortments data
2 43 35 39 52
0.11 0.13 0.48 0.14 0.14
25 6 27 78 37
0.02 0.17 0.29 0.39 0.13
74 64 37 22 15
0.23 0.08 0.22 0.18 0.3
8 77 62 13 50
0.27 0.4 0.03 0.23 0.06
88 10 47 48 38
0.28 0.14 0.3 0.22 0.06
33 8 43 82 57
0.05 0.25 0.08 0.37 0.26
69 62 36 21 28
0.51 0.03 0.29 0.12 0.05
28 37 73 13 92
0.07 0.19 0.24 0.36 0.13
41 10 80 90 54
0.16 0.13 0.5 0.2 0.02
66 30 57 8 34
0.17 0.31 0.22 0.21 0.09
54 56 17 19 57
0.03 0.31 0.17 0.08 0.4
74 19 1 72 90
0.24 0.11 0.08 0.08 0.48
66 35 98 90 40
0.2 0.31 0.06 0.24 0.19
63 19 65 22 94
0.05 0.07 0.31 0.12 0.45
3 21 32 84 67
0.6 0.14 0.2 0.04 0.02
22 93 20 94 38
0.06 0.14 0.51 0.24 0.04
28 20 52 23 88
0.04 0.62 0.07 0.02 0.25
68 10 30 43 46
0.16 0.21 0.49 0.11 0.04
1 77 39 54 56
0.06 0.51 0.12 0.03 0.29
55 41 52 51 82
0.38 0.14 0.06 0.15 0.27
