#Number of options
100

#Assortments data
31 9 22 46 41
0.17 0.22 0.25 0.05 0.3
62 66 24 34 59
0.49 0.04 0.17 0.18 0.11
86 84 55 21 80
0.29 0.16 0.15 0.36 0.03
58 5 9 2 32
0.46 0.05 0.21 0.05 0.24
36 81 1 39 58
0.07 0.24 0.11 0.21 0.37
38 8 54 53 33
0.06 0.02 0.49 0.27 0.16
64 8 54 63 66
0.4 0.03 0.52 0.02 0.03
19 99 45 84 90
0.63 0.06 0.11 0.11 0.08
46 63 88 4 25
0.04 0.04 0.08 0.06 0.78
29 54 26 38 64
0.03 0.5 0.03 0.06 0.38
74 71 5 86 37
0.13 0.13 0.09 0.34 0.32
54 58 47 37 97
0.62 0.22 0.03 0.08 0.06
71 65 33 8 69
0.1 0.07 0.66 0.1 0.07
10 28 47 69 21
0.03 0.83 0.03 0.02 0.1
42 86 12 62 35
0.2 0.07 0.32 0.37 0.03
78 45 42 99 80
0.1 0.13 0.66 0.08 0.03
32 23 20 93 4
0.23 0.59 0.02 0.08 0.08
77 34 90 91 24
0.1 0.35 0.08 0.12 0.35
30 39 79 36 22
0.03 0.38 0.1 0.13 0.35
8 85 96 58 88
0.06 0.17 0.3 0.39 0.08
