#Number of options
100

#Assortments data
70 27 84 7 13
0.02 0.65 0.01 0.13 0.18
39 78 29 64 53
0.3 0.21 0.06 0.14 0.28
85 26 56 69 87
0.4 0.24 0.05 0.28 0.02
30 18 17 4 55
0.13 0.23 0.08 0.09 0.48
52 28 34 48 42
0.1 0.11 0.48 0.21 0.11
75 26 39 93 83
0.15 0.15 0.11 0.55 0.04
86 26 42 69 75
0.22 0.23 0.04 0.28 0.24
29 36 74 85 20
0.03 0.37 0.06 0.4 0.13
56 68 98 51 67
0.16 0.28 0.17 0.29 0.11
10 98 72 4 55
0.16 0.17 0.06 0.1 0.52
97 28 80 17 92
0.13 0.16 0.36 0.11 0.23
92 46 38 53 8
0.17 0.05 0.19 0.45 0.14
58 0 83 45 64
0.19 0.04 0.06 0.63 0.08
68 7 85 53 51
0.1 0.17 0.45 0.18 0.11
74 39 49 6 96
0.08 0.21 0.04 0.51 0.15
93 99 54 10 45
0.38 0.3 0.03 0.03 0.26
37 57 67 10 47
0.57 0.23 0.06 0.09 0.05
35 74 44 51 72
0.75 0.06 0.08 0.1 0.02
69 62 74 75 12
0.38 0.11 0.08 0.33 0.1
25 82 16 83 78
0.14 0.32 0.14 0.13 0.27
