#Number of options
100

#Assortments data
55 13 37 54 81
0.34 0.33 0.07 0.05 0.21
33 47 4 25 36
0.11 0.18 0.18 0.05 0.48
70 48 62 33 81
0.09 0.45 0.07 0.1 0.29
10 75 22 62 2
0.28 0.22 0.35 0.09 0.07
97 27 72 6 93
0.19 0.3 0.1 0.24 0.17
56 26 43 8 68
0.16 0.21 0.12 0.29 0.21
58 94 54 24 17
0.25 0.29 0.06 0.13 0.27
46 43 11 99 61
0.12 0.21 0.17 0.24 0.25
46 3 32 8 43
0.09 0.25 0.16 0.36 0.15
74 90 58 82 37
0.09 0.4 0.2 0.24 0.07
52 61 84 37 21
0.32 0.18 0.1 0.11 0.29
77 69 50 70 6
0.26 0.32 0.11 0.09 0.22
30 55 54 64 11
0.2 0.55 0.07 0.06 0.12
28 80 12 94 15
0.05 0.15 0.13 0.44 0.22
28 26 55 3 92
0.04 0.21 0.45 0.2 0.1
36 85 74 72 27
0.41 0.15 0.11 0.08 0.25
6 34 18 1 83
0.3 0.24 0.3 0.11 0.05
10 48 65 43 0
0.22 0.42 0.22 0.12 0.03
87 76 9 48 21
0.07 0.1 0.18 0.42 0.23
74 6 58 65 27
0.11 0.19 0.25 0.22 0.24
