#Number of options
100

#Assortments data
99 9 80 40 25
0.13 0.07 0.73 0.06 0.01
47 35 46 78 38
0.25 0.16 0.03 0.47 0.09
32 85 8 65 76
0.06 0.06 0.33 0.51 0.04
85 20 59 77 70
0.06 0.56 0.03 0.25 0.1
53 51 4 62 91
0.02 0.47 0.34 0.05 0.12
49 83 80 28 17
0.03 0.01 0.75 0.01 0.19
95 11 99 58 64
0.53 0.06 0.26 0.12 0.03
97 66 33 18 70
0.12 0.16 0.07 0.52 0.14
9 85 68 5 17
0.09 0.06 0.07 0.56 0.22
17 55 53 36 19
0.29 0.41 0.02 0.22 0.07
92 83 20 45 74
0.06 0.02 0.59 0.08 0.25
15 83 46 38 52
0.2 0.05 0.06 0.2 0.49
34 99 29 69 12
0.06 0.24 0.27 0.37 0.07
71 74 67 42 55
0.6 0.16 0.01 0.02 0.21
47 74 27 23 0
0.34 0.41 0.19 0.03 0.04
73 12 95 60 48
0.17 0.07 0.47 0.03 0.27
95 80 31 58 40
0.22 0.62 0.06 0.05 0.05
25 37 78 27 92
0.02 0.1 0.6 0.18 0.09
54 66 49 52 61
0.04 0.34 0.08 0.46 0.08
14 51 48 60 85
0.08 0.51 0.28 0.03 0.1
