#Number of options
100

#Assortments data
56 33 90 19 77
0.36 0.05 0.22 0.05 0.31
68 97 5 19 59
0.12 0.24 0.46 0.06 0.12
61 96 64 55 14
0.1 0.1 0.06 0.65 0.1
54 12 19 25 49
0.14 0.21 0.34 0.1 0.22
52 47 41 36 14
0.39 0.39 0.06 0.11 0.05
34 87 84 2 7
0.08 0.06 0.12 0.05 0.69
8 25 61 65 49
0.58 0.01 0.04 0.34 0.03
4 49 37 72 31
0.5 0.05 0.07 0.21 0.17
94 81 66 96 49
0.61 0.16 0.13 0.06 0.04
97 30 64 63 58
0.2 0.59 0.03 0.1 0.08
90 42 54 83 82
0.3 0.08 0.03 0.05 0.55
76 22 46 86 60
0.12 0.46 0.2 0.18 0.04
20 37 85 60 76
0.6 0.11 0.17 0.03 0.09
69 2 52 24 30
0.29 0.02 0.24 0.07 0.38
1 25 29 85 97
0.17 0.02 0.45 0.11 0.26
26 82 15 20 35
0.19 0.38 0.07 0.27 0.09
55 52 92 11 38
0.3 0.38 0.16 0.02 0.13
66 62 95 33 49
0.09 0.03 0.8 0.05 0.03
93 55 6 62 36
0.08 0.5 0.18 0.05 0.18
9 97 30 79 6
0.11 0.13 0.38 0.31 0.07
