#Number of options
100

#Assortments data
49 99 41 13 40
0.2 0.08 0.22 0.19 0.3
36 55 84 72 59
0.45 0.18 0.13 0.07 0.18
4 50 82 44 12
0.04 0.05 0.12 0.58 0.21
14 75 8 97 76
0.4 0.26 0.03 0.08 0.22
78 22 38 44 25
0.07 0.16 0.15 0.45 0.18
91 59 82 46 32
0.09 0.1 0.2 0.08 0.53
88 32 93 52 18
0.14 0.48 0.12 0.15 0.11
58 84 89 37 16
0.28 0.06 0.06 0.45 0.14
64 94 83 65 3
0.57 0.03 0.28 0.07 0.05
81 8 58 22 43
0.32 0.06 0.26 0.27 0.09
61 39 14 17 13
0.23 0.26 0.35 0.03 0.14
92 32 66 54 1
0.2 0.35 0.12 0.29 0.05
97 6 23 26 5
0.15 0.27 0.46 0.1 0.02
59 78 91 12 17
0.14 0.2 0.12 0.45 0.1
52 29 43 83 99
0.17 0.08 0.12 0.45 0.17
13 42 50 23 34
0.15 0.13 0.03 0.24 0.45
80 52 18 97 87
0.08 0.26 0.2 0.31 0.15
74 53 4 49 30
0.05 0.58 0.05 0.3 0.03
13 87 91 58 2
0.35 0.09 0.08 0.32 0.16
95 4 22 41 51
0.03 0.06 0.32 0.42 0.18
