#Number of options
100

#Assortments data
82 29 21 88 59
0.25 0.13 0.28 0.13 0.22
80 9 19 22 65
0.03 0.09 0.43 0.41 0.04
33 66 17 15 0
0.34 0.18 0.06 0.05 0.37
91 24 14 79 16
0.08 0.27 0.43 0.06 0.16
40 88 20 33 95
0.29 0.1 0.06 0.51 0.03
36 67 27 4 17
0.33 0.4 0.13 0.06 0.09
96 85 87 58 48
0.31 0.29 0.06 0.26 0.08
67 11 69 8 66
0.21 0.6 0.04 0.03 0.13
38 21 6 20 44
0.23 0.16 0.16 0.04 0.4
67 43 36 83 61
0.18 0.06 0.15 0.36 0.26
23 79 18 56 86
0.55 0.06 0.04 0.1 0.26
98 44 65 17 38
0.21 0.42 0.05 0.07 0.25
36 68 81 50 73
0.32 0.27 0.2 0.12 0.09
50 40 7 53 87
0.11 0.24 0.1 0.42 0.13
69 62 28 60 7
0.02 0.4 0.22 0.32 0.03
88 10 86 47 38
0.1 0.07 0.41 0.09 0.33
60 15 57 97 27
0.61 0.04 0.22 0.06 0.08
49 4 53 9 35
0.36 0.04 0.33 0.1 0.17
34 55 19 97 3
0.38 0.06 0.46 0.06 0.04
37 19 3 29 43
0.21 0.57 0.05 0.08 0.1
