#Number of options
100

#Assortments data
76 27 31 17 70
0.24 0.33 0.28 0.06 0.09
28 77 89 69 56
0.36 0.25 0.08 0.2 0.11
79 14 25 20 9
0.08 0.47 0.21 0.1 0.14
68 52 89 92 95
0.46 0.19 0.09 0.21 0.05
28 81 98 90 49
0.29 0.11 0.13 0.3 0.17
83 0 17 94 76
0.4 0.19 0.06 0.11 0.25
36 29 13 65 43
0.3 0.04 0.43 0.13 0.11
39 46 96 10 28
0.54 0.03 0.19 0.06 0.18
74 42 62 67 30
0.1 0.2 0.5 0.15 0.04
50 69 28 96 46
0.06 0.19 0.34 0.36 0.06
35 52 76 19 34
0.2 0.09 0.15 0.33 0.23
36 64 51 61 56
0.23 0.13 0.05 0.53 0.05
56 13 7 68 90
0.06 0.35 0.15 0.23 0.21
69 8 56 10 16
0.27 0.09 0.14 0.16 0.33
88 16 50 78 33
0.23 0.34 0.09 0.17 0.18
75 60 90 68 91
0.31 0.19 0.22 0.24 0.04
15 63 79 69 36
0.28 0.04 0.1 0.18 0.4
81 64 96 68 55
0.1 0.18 0.27 0.29 0.17
21 3 61 57 59
0.13 0.04 0.56 0.2 0.06
41 50 55 92 47
0.64 0.04 0.16 0.13 0.04
