#Number of options
100

#Assortments data
20 94 84 3 32
0.27 0.31 0.05 0.29 0.09
61 42 23 20 83
0.11 0.12 0.04 0.67 0.06
32 98 93 74 2
0.18 0.09 0.09 0.6 0.05
25 31 96 2 9
0.03 0.31 0.09 0.06 0.52
20 57 23 79 87
0.36 0.09 0.02 0.47 0.06
69 71 57 14 55
0.28 0.43 0.09 0.04 0.16
88 52 22 32 43
0.16 0.34 0.16 0.13 0.21
24 46 11 90 75
0.1 0.17 0.13 0.43 0.18
21 79 24 25 32
0.22 0.58 0.05 0.01 0.14
72 87 63 68 86
0.24 0.12 0.15 0.39 0.11
88 38 84 48 10
0.16 0.14 0.07 0.42 0.21
12 88 98 56 58
0.05 0.25 0.1 0.4 0.21
85 82 9 29 57
0.09 0.25 0.27 0.29 0.1
53 10 74 5 83
0.03 0.23 0.48 0.22 0.04
58 18 42 99 10
0.13 0.5 0.07 0.1 0.21
12 40 80 47 71
0.02 0.05 0.28 0.29 0.35
81 28 60 21 7
0.16 0.02 0.03 0.23 0.55
19 38 73 36 48
0.06 0.17 0.05 0.22 0.5
69 37 0 8 82
0.31 0.04 0.03 0.37 0.25
29 23 37 70 66
0.39 0.03 0.06 0.37 0.14
