#Number of options
100

#Assortments data
44 70 32 16 94
0.09 0.29 0.12 0.44 0.05
5 88 55 52 89
0.05 0.06 0.12 0.65 0.12
66 13 76 52 96
0.05 0.13 0.14 0.51 0.17
2 69 79 62 95
0.07 0.19 0.31 0.17 0.26
39 55 58 28 20
0.22 0.13 0.4 0.18 0.07
64 49 47 54 79
0.14 0.22 0.26 0.19 0.19
41 11 21 94 55
0.15 0.2 0.52 0.04 0.09
63 21 8 24 91
0.16 0.17 0.04 0.27 0.35
86 96 2 4 36
0.18 0.28 0.06 0.27 0.21
17 8 81 64 83
0.25 0.1 0.43 0.1 0.13
91 87 37 96 22
0.42 0.34 0.03 0.06 0.16
30 18 99 16 84
0.02 0.08 0.02 0.23 0.65
19 81 35 11 99
0.13 0.56 0.06 0.21 0.04
65 81 41 17 77
0.1 0.46 0.13 0.27 0.03
7 19 50 1 84
0.08 0.04 0.22 0.29 0.37
23 57 67 30 90
0.19 0.26 0.25 0.05 0.25
44 75 1 19 18
0.06 0.09 0.66 0.09 0.1
69 45 78 62 17
0.14 0.04 0.25 0.13 0.43
79 99 54 56 37
0.23 0.05 0.23 0.4 0.09
87 48 0 88 86
0.55 0.22 0.14 0.03 0.07
