#Number of options
100

#Assortments data
41 46 3 15 11
0.19 0.14 0.51 0.09 0.06
33 3 8 47 90
0.04 0.16 0.24 0.39 0.17
12 17 68 44 7
0.07 0.34 0.2 0.02 0.38
90 36 57 96 46
0.46 0.15 0.21 0.06 0.12
75 88 79 78 7
0.07 0.05 0.25 0.38 0.26
87 56 27 65 51
0.08 0.26 0.04 0.34 0.28
58 86 28 93 35
0.23 0.21 0.1 0.2 0.25
24 74 83 38 94
0.08 0.48 0.02 0.11 0.32
72 41 87 25 96
0.46 0.24 0.18 0.04 0.08
37 72 48 18 32
0.06 0.25 0.38 0.25 0.07
5 19 60 72 75
0.37 0.05 0.03 0.39 0.15
9 52 84 31 29
0.15 0.28 0.08 0.06 0.43
92 90 26 86 78
0.1 0.29 0.12 0.05 0.43
83 95 2 30 62
0.03 0.62 0.04 0.27 0.05
86 73 69 56 12
0.1 0.05 0.3 0.47 0.09
19 14 74 53 46
0.04 0.06 0.75 0.03 0.12
71 86 2 83 37
0.67 0.13 0.06 0.04 0.11
96 19 9 86 54
0.09 0.07 0.61 0.14 0.08
91 32 64 92 95
0.13 0.08 0.04 0.14 0.6
51 7 32 1 86
0.32 0.34 0.06 0.21 0.06
