#Number of options
100

#Assortments data
22 59 57 41 82
0.19 0.05 0.23 0.34 0.2
38 15 12 99 94
0.05 0.49 0.03 0.37 0.07
83 91 68 75 73
0.07 0.01 0.09 0.12 0.7
5 6 78 68 44
0.14 0.39 0.15 0.21 0.11
78 86 68 98 41
0.1 0.37 0.15 0.04 0.34
62 38 7 56 97
0.17 0.24 0.21 0.22 0.16
33 34 96 74 87
0.11 0.31 0.35 0.15 0.09
72 56 11 3 94
0.07 0.21 0.16 0.25 0.31
87 68 77 79 12
0.05 0.15 0.52 0.23 0.06
29 71 88 16 53
0.05 0.22 0.5 0.13 0.1
31 1 45 39 96
0.09 0.02 0.72 0.07 0.11
39 10 94 41 31
0.15 0.06 0.19 0.42 0.18
50 21 34 59 14
0.05 0.2 0.34 0.11 0.3
73 76 21 81 13
0.67 0.07 0.06 0.04 0.15
79 81 91 51 63
0.56 0.16 0.05 0.19 0.04
47 89 25 56 21
0.13 0.22 0.09 0.28 0.27
87 66 18 32 56
0.04 0.5 0.09 0.28 0.09
27 28 49 44 71
0.68 0.06 0.03 0.07 0.16
77 28 52 95 86
0.48 0.06 0.04 0.09 0.34
23 24 52 67 27
0.07 0.04 0.04 0.05 0.79
