#Number of options
100

#Assortments data
53 29 9 91 80
0.05 0.14 0.46 0.26 0.09
82 97 40 30 1
0.13 0.51 0.08 0.06 0.22
45 55 85 65 9
0.06 0.07 0.13 0.25 0.49
75 4 89 77 94
0.14 0.44 0.24 0.11 0.08
74 75 78 83 9
0.18 0.11 0.12 0.08 0.51
37 2 31 87 5
0.07 0.05 0.58 0.22 0.08
10 60 29 26 27
0.42 0.1 0.21 0.18 0.09
96 60 5 36 38
0.07 0.07 0.06 0.17 0.62
87 70 80 56 76
0.17 0.27 0.09 0.34 0.13
29 36 0 17 6
0.21 0.24 0.15 0.32 0.09
58 51 70 91 86
0.24 0.17 0.26 0.25 0.08
83 57 21 36 82
0.06 0.12 0.57 0.14 0.11
98 8 28 92 75
0.19 0.34 0.09 0.26 0.12
36 17 60 76 57
0.23 0.31 0.09 0.18 0.2
28 83 35 52 63
0.13 0.11 0.06 0.53 0.16
22 70 60 80 45
0.3 0.4 0.09 0.13 0.08
27 82 49 12 61
0.1 0.22 0.12 0.33 0.22
82 49 40 19 89
0.25 0.14 0.16 0.13 0.33
13 69 12 83 8
0.11 0.12 0.27 0.1 0.4
8 83 43 15 99
0.37 0.09 0.42 0.03 0.09
