#Number of options
100

#Assortments data
53 99 28 68 80
0.03 0.11 0.04 0.19 0.63
73 65 30 66 77
0.04 0.43 0.27 0.08 0.18
62 1 48 53 95
0.04 0.06 0.26 0.01 0.63
46 98 99 35 68
0.25 0.11 0.14 0.25 0.25
80 67 46 15 36
0.58 0.02 0.18 0.07 0.15
10 70 19 49 16
0.26 0.54 0.03 0.03 0.14
12 25 76 63 39
0.2 0.09 0.08 0.49 0.14
59 91 23 40 75
0.2 0.3 0.05 0.17 0.27
38 3 45 90 74
0.07 0.4 0.02 0.11 0.4
42 13 60 25 88
0.23 0.31 0.06 0.06 0.33
47 85 41 99 28
0.72 0.08 0.11 0.06 0.03
79 76 78 52 20
0.17 0.01 0.44 0.23 0.15
74 67 79 88 21
0.57 0.01 0.21 0.1 0.12
33 90 94 80 73
0.04 0.2 0.34 0.37 0.05
91 64 59 81 97
0.21 0.02 0.14 0.28 0.35
91 41 16 45 86
0.36 0.2 0.27 0.07 0.1
21 83 75 88 1
0.28 0.05 0.31 0.24 0.13
92 33 69 52 12
0.21 0.04 0.29 0.39 0.06
23 81 28 87 7
0.05 0.4 0.04 0.14 0.37
18 11 89 50 12
0.25 0.03 0.61 0.07 0.04
