#Number of options
50

#Assortments data
32 39 49 10 11
0.23 0.22 0.49 0.02 0.04
12 17 37 27 29
0.27 0.14 0.21 0.21 0.17
29 27 41 0 26
0.15 0.18 0.16 0.2 0.31
44 38 11 5 46
0.26 0.06 0.15 0.08 0.44
28 2 45 21 20
0.27 0.33 0.19 0.12 0.09
25 45 0 4 33
0.11 0.12 0.11 0.12 0.55
43 35 11 3 19
0.33 0.36 0.08 0.03 0.2
47 43 26 10 15
0.57 0.24 0.07 0.02 0.1
4 8 41 18 25
0.19 0.33 0.13 0.17 0.17
42 40 9 29 6
0.11 0.15 0.3 0.07 0.36
25 46 36 22 23
0.13 0.49 0.16 0.15 0.07
8 44 33 40 0
0.16 0.19 0.44 0.13 0.08
48 39 15 25 21
0.02 0.63 0.19 0.09 0.06
3 2 18 10 32
0.05 0.18 0.09 0.05 0.64
30 42 0 45 31
0.32 0.12 0.11 0.12 0.34
46 1 10 3 28
0.54 0.08 0.07 0.07 0.23
20 19 43 39 10
0.03 0.19 0.32 0.42 0.03
30 26 1 23 6
0.32 0.16 0.06 0.06 0.4
5 34 37 44 35
0.07 0.1 0.09 0.21 0.54
36 13 42 0 11
0.11 0.55 0.11 0.1 0.13
