#Number of options
50

#Assortments data
20 40 9 19 1
0.32 0.17 0.24 0.16 0.11
3 48 37 28 8
0.14 0.28 0.14 0.16 0.28
14 18 24 45 40
0.17 0.32 0.16 0.13 0.22
41 25 30 24 37
0.06 0.18 0.41 0.12 0.22
28 29 31 45 20
0.22 0.21 0.2 0.09 0.28
46 6 47 7 35
0.49 0.09 0.17 0.17 0.09
26 30 28 42 40
0.13 0.26 0.16 0.35 0.1
6 2 18 12 9
0.08 0.17 0.2 0.37 0.19
10 40 41 38 18
0.27 0.19 0.07 0.19 0.28
18 15 24 7 49
0.22 0.43 0.11 0.17 0.08
49 20 16 9 45
0.08 0.27 0.38 0.19 0.08
14 30 7 49 1
0.14 0.44 0.2 0.1 0.12
38 33 14 2 4
0.21 0.18 0.17 0.28 0.17
0 39 12 43 29
0.11 0.13 0.45 0.08 0.23
42 12 17 6 23
0.29 0.24 0.29 0.05 0.13
20 28 41 34 21
0.28 0.22 0.05 0.32 0.13
12 6 47 23 36
0.32 0.07 0.13 0.17 0.31
44 46 40 4 21
0.09 0.51 0.15 0.12 0.14
1 7 40 4 27
0.09 0.15 0.13 0.11 0.51
32 2 8 30 9
0.05 0.16 0.33 0.3 0.17
