#Number of options
50

#Assortments data
17 6 22 11 27
0.05 0.02 0.71 0.08 0.14
26 39 19 37 27
0.59 0.06 0.05 0.03 0.27
26 29 20 21 14
0.26 0.16 0.14 0.42 0.01
2 13 48 34 40
0.14 0.11 0.17 0.56 0.03
43 27 31 29 2
0.09 0.29 0.13 0.39 0.1
17 5 23 22 14
0.06 0.04 0.03 0.85 0.02
41 27 34 49 20
0.01 0.25 0.35 0.09 0.29
46 6 49 24 40
0.47 0.11 0.28 0.09 0.05
19 10 27 43 39
0.09 0.09 0.53 0.16 0.13
46 1 9 34 4
0.18 0.04 0.3 0.43 0.05
10 31 29 48 44
0.07 0.18 0.54 0.17 0.05
36 18 10 7 14
0.31 0.25 0.19 0.12 0.13
36 19 16 2 23
0.2 0.12 0.3 0.24 0.15
24 35 22 7 34
0.02 0.06 0.72 0.01 0.19
10 19 46 28 7
0.14 0.14 0.5 0.13 0.09
8 45 31 17 36
0.54 0.02 0.17 0.15 0.11
43 6 31 24 49
0.22 0.11 0.32 0.09 0.26
23 43 35 36 27
0.1 0.14 0.19 0.13 0.45
22 10 27 24 41
0.8 0.03 0.15 0.02 0.01
18 1 39 24 16
0.2 0.12 0.21 0.11 0.37
