#Number of options
50

#Assortments data
40 14 34 3 19
0.13 0.21 0.34 0.22 0.1
48 1 37 8 2
0.17 0.1 0.19 0.23 0.3
42 36 10 3 2
0.16 0.33 0.23 0.08 0.2
29 44 33 0 27
0.09 0.16 0.04 0.28 0.43
19 28 20 0 37
0.07 0.34 0.17 0.19 0.23
25 10 0 29 6
0.26 0.41 0.19 0.06 0.08
44 1 9 41 25
0.15 0.18 0.14 0.16 0.37
25 41 4 39 5
0.23 0.1 0.09 0.11 0.47
38 22 21 30 23
0.21 0.14 0.1 0.22 0.34
23 10 41 34 28
0.21 0.3 0.08 0.17 0.24
1 5 24 17 4
0.07 0.29 0.09 0.51 0.05
5 35 4 2 15
0.43 0.07 0.08 0.29 0.12
44 19 5 1 11
0.06 0.04 0.3 0.07 0.54
0 16 34 49 42
0.17 0.24 0.21 0.12 0.26
3 49 5 43 47
0.17 0.14 0.58 0.04 0.08
27 35 30 38 0
0.31 0.1 0.2 0.19 0.2
7 28 33 4 16
0.24 0.34 0.03 0.1 0.28
22 48 27 42 0
0.11 0.19 0.26 0.26 0.17
40 9 5 11 3
0.05 0.05 0.29 0.52 0.08
49 43 25 11 13
0.09 0.02 0.18 0.66 0.04
