#Number of options
50

#Assortments data
46 18 41 36 31
0.12 0.14 0.07 0.62 0.05
36 5 8 12 26
0.45 0.28 0.17 0.06 0.04
45 41 35 17 43
0.15 0.07 0.16 0.58 0.03
13 44 23 49 26
0.11 0.17 0.44 0.15 0.12
11 3 43 41 47
0.54 0.28 0.04 0.08 0.06
28 16 37 19 10
0.22 0.22 0.24 0.07 0.25
24 36 43 2 13
0.15 0.52 0.03 0.26 0.05
41 1 9 27 33
0.1 0.26 0.09 0.51 0.04
25 40 17 5 35
0.16 0.04 0.42 0.27 0.12
3 10 1 15 44
0.26 0.36 0.2 0.09 0.09
39 30 44 5 34
0.06 0.21 0.1 0.42 0.21
23 38 0 4 33
0.26 0.36 0.2 0.14 0.03
44 34 36 25 29
0.07 0.16 0.52 0.18 0.06
34 16 22 1 5
0.17 0.26 0.07 0.17 0.33
2 33 0 20 47
0.45 0.04 0.25 0.17 0.08
45 42 49 44 2
0.16 0.35 0.08 0.09 0.32
43 3 6 47 4
0.06 0.43 0.21 0.1 0.21
39 11 34 10 29
0.05 0.42 0.17 0.3 0.06
24 38 45 22 32
0.23 0.4 0.2 0.11 0.07
21 5 41 38 47
0.06 0.44 0.09 0.35 0.06
