#Number of options
50

#Assortments data
27 39 16 13 9
0.3 0.05 0.12 0.17 0.36
3 38 28 45 35
0.07 0.14 0.33 0.1 0.36
48 41 21 8 27
0.04 0.01 0.69 0.18 0.08
31 10 8 49 5
0.18 0.09 0.53 0.09 0.11
13 19 42 43 39
0.2 0.16 0.44 0.14 0.06
22 27 16 26 43
0.55 0.1 0.04 0.27 0.04
40 38 8 10 23
0.03 0.06 0.64 0.11 0.16
37 23 42 14 28
0.08 0.2 0.5 0.05 0.17
2 7 13 9 42
0.05 0.07 0.16 0.35 0.37
10 36 8 33 29
0.03 0.03 0.19 0.04 0.71
24 33 36 9 4
0.05 0.18 0.17 0.54 0.06
40 39 18 33 10
0.08 0.13 0.2 0.31 0.28
29 42 20 16 21
0.39 0.06 0.14 0.02 0.39
1 48 10 32 20
0.02 0.12 0.09 0.06 0.71
25 30 36 29 2
0.01 0.1 0.04 0.84 0.02
15 7 28 9 36
0.44 0.06 0.11 0.3 0.09
41 0 1 35 12
0.02 0.03 0.02 0.09 0.85
41 1 39 9 42
0.03 0.03 0.06 0.43 0.45
21 33 5 24 2
0.88 0.04 0.05 0.01 0.02
3 7 26 43 23
0.02 0.06 0.69 0.1 0.13
