#Number of options
50

#Assortments data
8 29 22 35 14
0.3 0.1 0.12 0.41 0.06
26 18 39 25 16
0.15 0.1 0.49 0.04 0.23
15 7 34 17 37
0.34 0.13 0.16 0.19 0.18
48 14 5 32 19
0.02 0.03 0.07 0.69 0.18
41 10 21 49 11
0.05 0.06 0.05 0.75 0.09
43 48 9 22 31
0.29 0.02 0.15 0.05 0.49
47 29 30 14 49
0.39 0.04 0.17 0.02 0.38
29 1 42 35 27
0.11 0.07 0.27 0.45 0.1
32 0 14 47 18
0.46 0.08 0.02 0.41 0.03
32 12 47 49 2
0.34 0.02 0.3 0.29 0.05
17 32 12 19 42
0.06 0.63 0.03 0.16 0.12
10 34 31 20 13
0.04 0.04 0.46 0.03 0.43
38 24 14 15 25
0.19 0.22 0.12 0.4 0.07
1 17 31 4 40
0.04 0.07 0.73 0.08 0.08
35 46 11 21 27
0.44 0.25 0.14 0.08 0.09
47 28 39 36 33
0.37 0.1 0.16 0.03 0.34
44 32 30 9 22
0.08 0.53 0.2 0.14 0.05
1 32 20 12 31
0.02 0.49 0.03 0.03 0.43
29 24 22 19 17
0.13 0.14 0.15 0.43 0.15
9 4 44 10 21
0.42 0.15 0.23 0.11 0.09
