#Number of options
50

#Assortments data
41 24 29 1 28
0.33 0.26 0.01 0.3 0.1
4 33 22 18 45
0.11 0.03 0.02 0.44 0.4
32 41 11 45 15
0.02 0.36 0.12 0.46 0.03
37 26 15 3 4
0.3 0.02 0.04 0.48 0.16
22 11 35 39 10
0.04 0.24 0.18 0.19 0.35
7 2 17 46 26
0.4 0.38 0.16 0.04 0.02
7 15 6 26 27
0.61 0.07 0.22 0.02 0.08
23 4 16 7 33
0.07 0.2 0.15 0.52 0.06
19 35 33 15 17
0.24 0.23 0.1 0.09 0.34
26 47 16 41 45
0.01 0.06 0.09 0.37 0.47
23 25 10 14 48
0.05 0.48 0.19 0.21 0.07
46 2 44 49 42
0.07 0.59 0.17 0.05 0.12
21 4 34 9 43
0.08 0.59 0.14 0.08 0.12
37 16 38 39 47
0.29 0.11 0.41 0.11 0.07
12 29 0 19 48
0.05 0.03 0.45 0.29 0.19
44 42 2 26 46
0.17 0.13 0.61 0.03 0.07
1 19 33 4 37
0.41 0.11 0.04 0.15 0.29
26 14 27 32 36
0.04 0.56 0.12 0.07 0.22
38 14 47 21 7
0.37 0.21 0.06 0.02 0.35
29 37 43 27 42
0.02 0.63 0.06 0.11 0.17
