#Number of options
50

#Assortments data
5 23 38 34 22
0.3 0.04 0.61 0.04 0.01
22 38 49 48 30
0.02 0.8 0.07 0.06 0.05
29 42 0 40 21
0.02 0.1 0.48 0.4 0.01
18 27 34 9 40
0.35 0.14 0.05 0.03 0.43
20 22 28 25 3
0.02 0.01 0.18 0.49 0.3
23 11 38 19 6
0.04 0.09 0.59 0.07 0.22
38 14 11 39 41
0.28 0.18 0.04 0.07 0.43
39 6 4 44 10
0.15 0.21 0.38 0.18 0.08
46 45 6 5 15
0.09 0.38 0.22 0.29 0.02
9 34 25 21 11
0.02 0.04 0.84 0.01 0.09
16 26 36 5 37
0.13 0.03 0.13 0.36 0.35
34 21 32 10 8
0.17 0.04 0.16 0.42 0.21
41 20 13 17 24
0.49 0.02 0.01 0.07 0.41
44 28 10 21 45
0.2 0.29 0.09 0.01 0.41
13 10 18 0 39
0.03 0.09 0.28 0.42 0.17
12 4 38 19 24
0.02 0.22 0.32 0.04 0.41
43 13 23 26 22
0.28 0.19 0.28 0.16 0.09
48 20 9 15 2
0.15 0.1 0.07 0.08 0.6
23 43 32 14 41
0.03 0.03 0.02 0.27 0.65
2 44 48 3 21
0.2 0.21 0.05 0.53 0.01
