#Number of options
50

#Assortments data
48 34 27 22 37
0.13 0.07 0.15 0.05 0.6
21 49 13 34 11
0.07 0.21 0.11 0.12 0.49
40 39 6 8 13
0.45 0.14 0.2 0.11 0.11
38 24 46 48 41
0.44 0.17 0.07 0.06 0.25
8 27 23 5 29
0.08 0.18 0.28 0.43 0.03
14 37 12 20 32
0.35 0.5 0.03 0.08 0.03
32 23 16 4 2
0.03 0.19 0.33 0.25 0.2
42 35 11 49 6
0.27 0.11 0.34 0.14 0.14
47 49 20 8 4
0.14 0.18 0.14 0.1 0.45
1 4 31 6 28
0.46 0.23 0.07 0.09 0.14
33 28 0 2 26
0.03 0.23 0.4 0.31 0.03
23 29 0 47 19
0.32 0.03 0.43 0.13 0.1
22 27 7 25 3
0.02 0.06 0.3 0.22 0.39
39 28 8 1 22
0.08 0.19 0.07 0.61 0.05
17 43 13 41 21
0.45 0.02 0.05 0.44 0.04
33 29 44 10 41
0.02 0.01 0.09 0.5 0.38
42 8 38 5 23
0.13 0.04 0.51 0.2 0.13
24 34 32 19 40
0.44 0.09 0.05 0.09 0.34
20 11 42 30 33
0.13 0.4 0.31 0.12 0.04
41 30 8 2 34
0.53 0.09 0.07 0.24 0.07
