#Number of options
50

#Assortments data
19 27 36 10 0
0.1 0.41 0.21 0.2 0.09
4 6 14 34 1
0.05 0.12 0.05 0.72 0.06
7 35 34 46 12
0.08 0.05 0.41 0.1 0.36
19 44 43 18 49
0.24 0.14 0.11 0.24 0.27
35 5 33 41 42
0.08 0.22 0.11 0.05 0.54
33 18 24 3 28
0.25 0.21 0.17 0.13 0.24
39 0 14 18 28
0.16 0.21 0.12 0.24 0.27
0 42 32 10 36
0.07 0.51 0.09 0.16 0.17
42 24 12 6 26
0.31 0.04 0.32 0.06 0.28
34 38 43 46 33
0.62 0.08 0.04 0.15 0.1
12 32 34 19 41
0.39 0.06 0.45 0.06 0.03
11 46 34 2 22
0.19 0.08 0.32 0.08 0.33
40 3 15 12 16
0.03 0.05 0.33 0.47 0.12
46 14 5 43 28
0.28 0.08 0.4 0.07 0.18
0 32 35 39 19
0.19 0.23 0.21 0.15 0.22
31 3 35 14 0
0.39 0.13 0.2 0.11 0.18
4 47 37 9 2
0.07 0.11 0.2 0.39 0.23
36 43 14 39 10
0.37 0.08 0.09 0.12 0.34
41 45 21 49 28
0.08 0.08 0.51 0.16 0.16
17 29 26 37 20
0.09 0.26 0.22 0.06 0.36
