#Number of options
50

#Assortments data
29 14 41 45 31
0.1 0.11 0.11 0.1 0.57
43 32 27 2 49
0.2 0.22 0.04 0.08 0.45
23 19 45 41 16
0.06 0.64 0.07 0.08 0.15
36 33 9 16 39
0.08 0.26 0.13 0.11 0.41
10 3 38 48 39
0.08 0.07 0.13 0.05 0.67
23 3 34 6 40
0.07 0.07 0.15 0.5 0.2
31 13 40 3 47
0.19 0.17 0.08 0.03 0.54
41 42 49 24 48
0.06 0.19 0.63 0.09 0.03
34 32 15 26 21
0.15 0.53 0.14 0.09 0.1
12 27 1 38 15
0.29 0.17 0.13 0.2 0.21
45 49 5 18 9
0.05 0.59 0.12 0.13 0.12
46 36 40 7 23
0.39 0.16 0.25 0.11 0.09
20 44 38 0 24
0.07 0.43 0.13 0.22 0.16
21 5 2 49 24
0.06 0.12 0.12 0.61 0.09
31 11 39 23 27
0.32 0.12 0.44 0.05 0.07
38 21 33 5 14
0.13 0.1 0.44 0.22 0.1
23 15 10 46 24
0.09 0.18 0.11 0.41 0.21
9 43 32 34 28
0.12 0.26 0.29 0.08 0.24
36 14 48 17 18
0.21 0.16 0.08 0.18 0.38
1 13 28 7 43
0.06 0.29 0.29 0.06 0.31
