#Number of options
50

#Assortments data
12 44 3 25 9
0.12 0.28 0.17 0.22 0.21
26 21 18 29 37
0.09 0.14 0.34 0.13 0.3
8 26 17 23 12
0.21 0.06 0.36 0.26 0.11
11 23 0 12 1
0.31 0.2 0.24 0.08 0.16
26 43 17 0 36
0.05 0.09 0.31 0.28 0.28
32 14 28 18 30
0.05 0.18 0.41 0.21 0.14
46 9 30 2 0
0.19 0.14 0.11 0.3 0.25
17 18 28 15 43
0.28 0.17 0.34 0.13 0.08
43 21 28 49 44
0.09 0.08 0.39 0.22 0.22
38 45 32 47 8
0.24 0.17 0.06 0.3 0.23
44 18 45 43 20
0.26 0.24 0.16 0.11 0.23
36 35 13 31 2
0.24 0.27 0.11 0.1 0.29
43 7 48 42 4
0.09 0.28 0.15 0.28 0.21
24 3 48 41 8
0.19 0.19 0.21 0.13 0.27
8 20 23 32 5
0.17 0.18 0.22 0.05 0.39
5 23 25 35 4
0.31 0.17 0.13 0.24 0.15
15 10 3 6 41
0.15 0.43 0.13 0.2 0.09
28 18 36 26 17
0.31 0.16 0.23 0.04 0.26
1 22 28 36 43
0.19 0.05 0.38 0.29 0.09
19 16 45 12 29
0.11 0.67 0.1 0.07 0.06
