#Number of options
50

#Assortments data
14 45 38 0 16
0.18 0.22 0.15 0.25 0.21
34 14 0 21 23
0.13 0.27 0.38 0.07 0.15
40 13 15 23 11
0.27 0.39 0.08 0.09 0.16
8 49 44 24 18
0.06 0.42 0.27 0.11 0.15
1 13 26 28 17
0.18 0.29 0.04 0.36 0.14
24 1 40 39 48
0.14 0.12 0.13 0.59 0.02
8 16 43 46 9
0.15 0.18 0.27 0.25 0.16
49 25 0 8 28
0.54 0.04 0.11 0.08 0.23
45 1 43 49 27
0.1 0.12 0.15 0.58 0.05
34 25 2 26 10
0.12 0.12 0.49 0.09 0.17
44 49 19 4 30
0.2 0.31 0.3 0.12 0.07
30 19 29 22 12
0.17 0.72 0.03 0.04 0.05
42 20 5 26 16
0.22 0.1 0.25 0.1 0.33
14 38 33 49 16
0.07 0.06 0.27 0.51 0.08
47 27 26 32 30
0.46 0.06 0.03 0.3 0.14
40 4 23 49 42
0.13 0.21 0.05 0.55 0.06
8 38 43 48 10
0.22 0.18 0.39 0.05 0.16
43 7 39 32 3
0.13 0.07 0.52 0.24 0.04
7 26 46 24 17
0.17 0.06 0.27 0.3 0.2
35 3 16 29 46
0.5 0.08 0.16 0.03 0.22
