#Number of options
50

#Assortments data
4 12 44 34 11
0.5 0.05 0.27 0.05 0.14
1 47 7 5 23
0.33 0.2 0.17 0.22 0.08
32 25 48 41 19
0.16 0.16 0.03 0.25 0.4
10 8 20 17 2
0.1 0.13 0.04 0.12 0.6
45 4 9 19 47
0.22 0.42 0.03 0.25 0.09
5 33 9 15 0
0.16 0.06 0.05 0.08 0.66
4 44 7 0 34
0.36 0.2 0.07 0.34 0.03
7 14 15 41 37
0.1 0.37 0.06 0.21 0.25
31 22 29 25 2
0.07 0.04 0.02 0.17 0.7
30 43 11 18 27
0.12 0.14 0.23 0.37 0.14
46 26 1 49 4
0.14 0.02 0.18 0.15 0.52
37 23 36 30 17
0.43 0.08 0.16 0.13 0.2
9 35 37 49 26
0.06 0.31 0.37 0.25 0.02
34 10 8 3 39
0.07 0.13 0.16 0.17 0.47
36 26 32 0 9
0.11 0.02 0.17 0.65 0.05
37 3 4 22 15
0.24 0.12 0.54 0.03 0.06
25 10 5 11 34
0.23 0.17 0.23 0.27 0.09
3 31 8 29 26
0.39 0.17 0.35 0.04 0.05
17 23 34 33 48
0.41 0.16 0.18 0.17 0.08
16 34 19 4 36
0.13 0.04 0.28 0.47 0.08
