#Number of options
50

#Assortments data
36 9 45 18 43
0.47 0.1 0.1 0.28 0.05
8 27 17 13 35
0.09 0.39 0.41 0.04 0.07
39 47 8 30 17
0.08 0.08 0.12 0.2 0.53
23 18 40 47 4
0.82 0.09 0.03 0.04 0.02
49 32 2 31 6
0.2 0.07 0.35 0.21 0.16
35 47 44 29 6
0.19 0.16 0.18 0.36 0.11
37 34 30 4 8
0.28 0.3 0.22 0.06 0.14
40 4 30 17 45
0.08 0.06 0.21 0.58 0.08
10 17 16 43 45
0.36 0.37 0.2 0.02 0.05
37 7 46 43 45
0.34 0.28 0.23 0.05 0.1
23 28 29 19 9
0.81 0.04 0.08 0.04 0.03
23 36 16 38 34
0.64 0.12 0.11 0.03 0.09
42 45 21 40 27
0.34 0.06 0.11 0.06 0.42
42 1 21 4 9
0.47 0.24 0.16 0.06 0.08
34 12 29 26 10
0.18 0.23 0.12 0.11 0.36
23 1 18 10 37
0.6 0.07 0.07 0.18 0.08
17 1 5 3 12
0.33 0.13 0.18 0.16 0.2
16 1 46 26 35
0.32 0.23 0.18 0.17 0.1
26 10 36 31 9
0.13 0.46 0.29 0.06 0.06
47 6 25 17 8
0.09 0.06 0.11 0.61 0.14
