#Number of options
50

#Assortments data
49 1 42 41 33
0.04 0.54 0.1 0.28 0.04
48 46 0 23 31
0.3 0.12 0.24 0.28 0.06
3 37 24 14 8
0.53 0.17 0.17 0.09 0.04
1 6 2 48 40
0.39 0.09 0.18 0.13 0.21
44 13 31 14 9
0.31 0.05 0.11 0.43 0.1
9 28 43 7 17
0.03 0.11 0.02 0.62 0.22
8 27 12 38 28
0.09 0.25 0.04 0.43 0.19
33 19 32 12 29
0.21 0.27 0.27 0.15 0.1
36 4 20 23 12
0.4 0.21 0.07 0.27 0.04
35 21 28 3 12
0.1 0.03 0.12 0.73 0.02
21 44 10 16 2
0.03 0.11 0.41 0.2 0.24
18 13 26 38 40
0.38 0.02 0.02 0.32 0.27
41 6 3 16 22
0.18 0.08 0.59 0.13 0.02
18 33 29 21 48
0.6 0.06 0.03 0.05 0.27
8 11 26 38 42
0.09 0.33 0.03 0.43 0.12
12 23 42 31 38
0.04 0.25 0.14 0.06 0.51
3 31 6 49 41
0.66 0.03 0.08 0.03 0.2
44 17 25 47 21
0.13 0.34 0.44 0.06 0.04
4 9 17 19 30
0.22 0.06 0.48 0.08 0.16
6 41 22 10 33
0.13 0.32 0.03 0.48 0.04
