#Number of options
50

#Assortments data
49 39 43 34 5
0.33 0.09 0.46 0.07 0.05
2 34 44 42 29
0.13 0.19 0.37 0.21 0.08
40 10 0 4 36
0.24 0.16 0.2 0.26 0.15
14 29 2 7 26
0.22 0.18 0.29 0.12 0.19
7 29 40 9 11
0.08 0.11 0.14 0.54 0.13
3 30 24 49 15
0.04 0.24 0.06 0.59 0.07
16 37 28 44 38
0.12 0.1 0.22 0.46 0.1
29 34 8 25 45
0.13 0.29 0.32 0.09 0.17
26 18 44 38 1
0.13 0.12 0.54 0.12 0.1
49 48 30 4 20
0.62 0.02 0.25 0.08 0.04
27 42 46 30 14
0.12 0.16 0.4 0.25 0.08
29 33 0 2 5
0.07 0.66 0.07 0.11 0.1
10 33 11 3 28
0.05 0.67 0.08 0.05 0.15
0 3 22 21 29
0.17 0.11 0.38 0.17 0.17
34 15 11 28 47
0.11 0.06 0.06 0.11 0.67
16 17 32 14 48
0.07 0.04 0.79 0.08 0.02
31 23 40 41 45
0.62 0.04 0.13 0.07 0.14
43 36 42 46 8
0.54 0.03 0.1 0.24 0.1
1 2 3 34 17
0.14 0.27 0.11 0.38 0.1
13 20 49 5 46
0.37 0.02 0.34 0.05 0.22
