#Number of options
50

#Assortments data
28 29 7 30 35
0.1 0.29 0.05 0.34 0.22
39 44 40 31 48
0.11 0.14 0.04 0.6 0.1
4 39 12 48 32
0.12 0.14 0.32 0.12 0.29
3 39 10 31 48
0.04 0.12 0.13 0.61 0.1
47 30 42 15 29
0.13 0.24 0.16 0.26 0.21
14 6 0 4 44
0.11 0.3 0.14 0.19 0.26
39 1 28 19 7
0.23 0.14 0.27 0.24 0.12
44 34 30 19 43
0.1 0.3 0.34 0.09 0.16
41 13 16 29 20
0.04 0.26 0.21 0.27 0.22
36 43 1 18 4
0.14 0.4 0.14 0.14 0.18
26 21 4 29 45
0.46 0.2 0.06 0.24 0.03
33 1 25 48 43
0.35 0.11 0.08 0.15 0.31
31 21 1 2 45
0.51 0.27 0.06 0.12 0.04
34 10 5 11 17
0.45 0.15 0.1 0.16 0.14
22 45 0 36 13
0.55 0.04 0.06 0.06 0.29
11 8 3 35 28
0.11 0.48 0.04 0.25 0.12
46 34 44 45 32
0.4 0.29 0.1 0.04 0.17
49 36 39 45 40
0.54 0.12 0.18 0.08 0.07
41 3 45 11 12
0.09 0.08 0.09 0.25 0.48
9 17 20 33 28
0.68 0.05 0.12 0.1 0.06
