#Number of options
50

#Assortments data
16 38 47 24 35
0.24 0.16 0.1 0.17 0.33
49 35 40 30 18
0.09 0.24 0.18 0.16 0.33
4 25 26 29 49
0.47 0.19 0.08 0.05 0.22
44 18 26 34 37
0.25 0.41 0.04 0.07 0.22
20 27 43 0 30
0.05 0.14 0.08 0.4 0.33
47 43 28 44 19
0.09 0.05 0.37 0.26 0.23
31 21 18 20 45
0.1 0.04 0.48 0.03 0.34
15 47 10 22 31
0.13 0.2 0.34 0.13 0.2
11 30 43 9 46
0.16 0.31 0.07 0.13 0.32
17 5 19 29 32
0.2 0.25 0.33 0.04 0.18
7 42 12 34 18
0.16 0.26 0.04 0.08 0.47
0 19 47 27 38
0.31 0.28 0.11 0.11 0.19
6 9 11 39 5
0.4 0.11 0.13 0.16 0.21
42 14 25 11 29
0.32 0.37 0.14 0.14 0.03
26 38 41 0 49
0.05 0.21 0.26 0.33 0.15
33 17 29 16 3
0.08 0.22 0.04 0.37 0.3
42 49 30 15 3
0.29 0.14 0.26 0.08 0.23
32 36 31 46 0
0.16 0.14 0.12 0.27 0.31
48 35 29 14 3
0.08 0.37 0.03 0.32 0.21
20 3 30 15 28
0.04 0.22 0.25 0.07 0.43
