#Number of options
50

#Assortments data
33 17 34 10 6
0.06 0.3 0.42 0.14 0.08
19 34 37 11 7
0.05 0.35 0.1 0.41 0.08
14 40 41 46 6
0.11 0.09 0.07 0.61 0.12
28 49 26 40 34
0.16 0.11 0.11 0.08 0.56
44 10 14 20 12
0.11 0.22 0.12 0.33 0.22
46 29 47 2 38
0.45 0.08 0.19 0.12 0.16
15 47 12 13 48
0.25 0.24 0.19 0.14 0.18
11 13 22 1 23
0.48 0.1 0.17 0.08 0.18
14 38 16 30 46
0.06 0.1 0.33 0.21 0.3
9 13 35 31 34
0.21 0.09 0.17 0.14 0.38
37 11 40 35 27
0.1 0.39 0.05 0.15 0.31
0 8 47 25 6
0.09 0.47 0.25 0.07 0.11
41 16 25 48 38
0.06 0.55 0.06 0.16 0.17
28 21 14 41 11
0.15 0.09 0.09 0.06 0.61
15 1 42 19 22
0.13 0.06 0.65 0.05 0.12
0 24 5 11 28
0.06 0.12 0.23 0.47 0.11
5 0 46 8 6
0.21 0.06 0.36 0.29 0.07
48 33 34 6 23
0.15 0.07 0.48 0.09 0.21
30 34 8 37 41
0.23 0.35 0.27 0.1 0.04
19 20 1 43 14
0.14 0.43 0.16 0.12 0.16
