#Number of options
70

#Assortments data
13 52 23 53 55
0.11 0.39 0.31 0.08 0.11
12 45 62 64 30
0.29 0.53 0.08 0.05 0.05
38 65 31 20 23
0.03 0.56 0.04 0.11 0.26
35 50 65 66 18
0.1 0.13 0.44 0.1 0.23
4 15 57 27 53
0.13 0.22 0.06 0.52 0.07
22 15 14 23 60
0.25 0.14 0.11 0.17 0.34
5 19 21 69 51
0.12 0.12 0.29 0.29 0.18
49 36 58 66 60
0.32 0.25 0.02 0.08 0.33
21 39 63 2 11
0.34 0.41 0.1 0.1 0.04
24 50 48 4 41
0.35 0.21 0.1 0.15 0.18
41 58 4 67 39
0.13 0.02 0.11 0.42 0.31
47 53 62 41 16
0.41 0.06 0.1 0.14 0.29
40 59 69 58 4
0.08 0.44 0.32 0.03 0.13
66 38 54 62 64
0.11 0.02 0.71 0.1 0.06
2 53 30 44 68
0.23 0.18 0.19 0.3 0.1
7 68 1 10 28
0.09 0.03 0.65 0.04 0.18
20 58 27 31 38
0.16 0.04 0.71 0.05 0.04
30 46 64 47 15
0.08 0.1 0.08 0.5 0.24
51 66 12 43 46
0.2 0.14 0.42 0.15 0.09
26 25 0 60 1
0.01 0.03 0.63 0.13 0.19
