#Number of options
70

#Assortments data
54 29 4 26 45
0.11 0.29 0.26 0.16 0.18
6 12 53 56 25
0.33 0.16 0.25 0.05 0.21
15 5 32 36 33
0.15 0.08 0.07 0.19 0.52
55 41 3 52 18
0.09 0.38 0.31 0.1 0.12
53 40 13 23 48
0.17 0.33 0.31 0.08 0.12
4 50 52 3 41
0.14 0.03 0.11 0.33 0.4
46 20 25 69 49
0.37 0.09 0.17 0.22 0.15
55 51 59 30 64
0.21 0.34 0.31 0.09 0.05
68 2 29 49 35
0.15 0.21 0.1 0.07 0.46
35 57 54 17 38
0.61 0.14 0.05 0.13 0.06
9 48 51 64 36
0.21 0.24 0.31 0.05 0.2
27 44 17 50 8
0.3 0.2 0.31 0.06 0.14
43 15 62 2 34
0.41 0.1 0.05 0.4 0.04
63 27 52 14 5
0.48 0.21 0.15 0.11 0.05
44 48 61 20 47
0.14 0.17 0.36 0.1 0.23
32 4 44 50 42
0.09 0.39 0.28 0.08 0.15
24 69 52 11 18
0.18 0.29 0.18 0.14 0.21
58 62 40 29 20
0.07 0.06 0.51 0.25 0.11
0 52 37 3 57
0.04 0.14 0.18 0.43 0.21
30 8 62 42 55
0.13 0.24 0.14 0.18 0.32
