#Number of options
70

#Assortments data
46 51 16 15 53
0.1 0.09 0.21 0.31 0.29
65 48 5 4 64
0.11 0.18 0.12 0.53 0.07
63 24 36 15 45
0.18 0.1 0.12 0.24 0.36
49 61 67 60 59
0.33 0.26 0.07 0.08 0.26
22 7 20 39 37
0.31 0.06 0.32 0.07 0.24
64 62 35 32 15
0.11 0.33 0.07 0.37 0.12
2 63 38 24 61
0.15 0.19 0.18 0.1 0.37
8 4 48 14 62
0.02 0.48 0.16 0.15 0.19
48 63 39 9 14
0.36 0.12 0.07 0.1 0.34
56 47 45 43 21
0.33 0.06 0.3 0.09 0.21
6 4 46 20 42
0.01 0.6 0.03 0.18 0.17
17 53 60 16 18
0.15 0.29 0.14 0.2 0.21
53 46 47 58 4
0.1 0.04 0.03 0.07 0.76
23 19 40 48 50
0.32 0.2 0.04 0.28 0.16
19 11 61 13 42
0.21 0.09 0.19 0.25 0.26
4 15 26 44 7
0.51 0.07 0.14 0.26 0.03
8 39 30 38 66
0.03 0.06 0.21 0.09 0.6
46 2 54 61 22
0.06 0.11 0.22 0.26 0.35
25 66 13 22 61
0.16 0.39 0.16 0.17 0.12
68 41 14 21 19
0.18 0.11 0.32 0.15 0.24
