#Number of options
70

#Assortments data
15 35 31 44 20
0.14 0.05 0.27 0.17 0.37
48 55 51 63 44
0.19 0.52 0.02 0.09 0.19
50 43 38 21 23
0.2 0.04 0.29 0.18 0.3
64 27 9 18 52
0.56 0.07 0.13 0.19 0.05
25 53 33 52 50
0.42 0.15 0.11 0.06 0.25
57 8 48 9 46
0.38 0.08 0.35 0.15 0.04
52 6 5 22 41
0.09 0.08 0.39 0.24 0.2
59 9 48 34 29
0.06 0.07 0.16 0.57 0.14
66 37 46 9 50
0.29 0.39 0.03 0.11 0.18
42 19 23 37 66
0.15 0.19 0.19 0.27 0.2
63 5 12 43 65
0.25 0.39 0.1 0.08 0.18
5 64 44 59 60
0.18 0.45 0.24 0.09 0.04
68 30 1 24 52
0.19 0.61 0.03 0.09 0.08
23 46 42 3 31
0.27 0.03 0.21 0.12 0.37
42 18 1 7 66
0.3 0.22 0.03 0.06 0.39
18 5 8 49 4
0.13 0.15 0.04 0.14 0.54
3 62 20 4 29
0.06 0.27 0.25 0.32 0.1
4 32 63 64 2
0.39 0.24 0.07 0.27 0.03
39 68 8 7 24
0.24 0.32 0.17 0.12 0.15
41 62 37 10 18
0.04 0.27 0.18 0.43 0.07
