#Number of options
70

#Assortments data
26 18 61 49 59
0.43 0.14 0.19 0.14 0.1
60 8 31 7 69
0.11 0.09 0.49 0.08 0.23
10 25 7 58 14
0.17 0.44 0.04 0.16 0.19
48 45 3 54 13
0.3 0.12 0.14 0.13 0.31
42 24 46 12 36
0.31 0.12 0.13 0.24 0.19
33 18 60 0 34
0.24 0.21 0.1 0.06 0.39
18 19 58 53 45
0.19 0.17 0.26 0.23 0.16
65 26 35 48 55
0.07 0.23 0.09 0.16 0.46
16 6 61 34 38
0.08 0.03 0.23 0.32 0.34
28 59 25 36 56
0.14 0.1 0.49 0.06 0.21
39 14 12 18 67
0.13 0.38 0.14 0.24 0.12
36 23 51 32 26
0.06 0.22 0.03 0.32 0.37
9 6 15 7 11
0.2 0.05 0.48 0.09 0.18
46 28 58 27 5
0.05 0.2 0.26 0.12 0.37
41 7 17 53 21
0.11 0.08 0.13 0.27 0.41
31 28 20 30 29
0.19 0.1 0.19 0.2 0.33
1 12 38 20 16
0.03 0.11 0.37 0.4 0.09
66 18 4 17 19
0.39 0.08 0.4 0.05 0.08
19 39 65 66 8
0.12 0.07 0.12 0.63 0.05
32 62 64 5 57
0.24 0.18 0.17 0.18 0.23
