#Number of options
70

#Assortments data
17 50 34 8 12
0.47 0.1 0.31 0.04 0.09
66 4 30 46 47
0.48 0.27 0.1 0.07 0.08
64 35 0 68 6
0.2 0.28 0.02 0.43 0.07
29 10 1 0 8
0.49 0.42 0.03 0.03 0.04
30 24 50 40 0
0.3 0.17 0.23 0.24 0.06
39 44 9 19 25
0.11 0.47 0.06 0.14 0.22
32 65 4 53 37
0.12 0.07 0.1 0.13 0.58
69 24 6 17 35
0.1 0.07 0.08 0.44 0.31
21 23 34 47 22
0.11 0.19 0.32 0.1 0.29
36 60 9 67 20
0.11 0.08 0.11 0.07 0.63
49 20 18 60 30
0.15 0.48 0.17 0.06 0.13
42 69 65 44 30
0.15 0.08 0.18 0.5 0.1
13 59 8 61 40
0.48 0.23 0.04 0.15 0.11
2 38 41 6 69
0.11 0.6 0.16 0.06 0.07
69 62 38 31 40
0.06 0.21 0.54 0.13 0.06
39 30 34 50 17
0.14 0.11 0.26 0.09 0.4
28 11 54 27 1
0.16 0.64 0.1 0.08 0.03
12 60 54 33 31
0.13 0.1 0.13 0.3 0.33
61 41 59 36 17
0.12 0.21 0.19 0.07 0.41
54 47 23 44 29
0.06 0.06 0.12 0.44 0.32
