#Number of options
70

#Assortments data
37 23 47 19 31
0.28 0.3 0.06 0.18 0.18
33 18 25 2 42
0.1 0.27 0.46 0.07 0.1
55 30 41 2 48
0.52 0.12 0.09 0.04 0.23
37 41 15 4 11
0.18 0.1 0.13 0.47 0.12
36 23 13 37 27
0.05 0.29 0.31 0.27 0.08
32 14 19 7 55
0.13 0.2 0.1 0.07 0.49
48 58 54 38 36
0.48 0.14 0.1 0.22 0.07
13 18 33 31 17
0.32 0.27 0.1 0.18 0.13
0 44 19 47 48
0.06 0.43 0.15 0.05 0.31
65 40 12 25 66
0.12 0.05 0.05 0.36 0.42
42 18 43 47 37
0.13 0.34 0.12 0.07 0.34
28 64 63 22 25
0.11 0.09 0.14 0.33 0.34
28 30 2 36 14
0.19 0.24 0.09 0.06 0.42
12 35 26 54 27
0.07 0.13 0.61 0.09 0.09
52 12 63 5 33
0.1 0.1 0.28 0.38 0.15
26 32 39 33 46
0.54 0.22 0.07 0.1 0.07
67 8 7 13 37
0.11 0.09 0.14 0.36 0.3
23 67 10 4 40
0.19 0.06 0.23 0.47 0.05
7 12 20 38 32
0.14 0.07 0.35 0.19 0.24
30 10 39 63 28
0.2 0.37 0.07 0.2 0.16
