#Number of options
70

#Assortments data
19 11 3 1 56
0.15 0.16 0.22 0.15 0.31
15 50 49 58 34
0.2 0.1 0.48 0.12 0.11
64 42 55 60 16
0.07 0.14 0.14 0.23 0.43
51 16 50 65 19
0.09 0.32 0.05 0.47 0.06
12 52 68 65 0
0.12 0.24 0.06 0.48 0.09
8 44 46 42 31
0.17 0.3 0.26 0.2 0.08
34 14 67 48 6
0.1 0.34 0.24 0.14 0.18
52 55 49 47 12
0.25 0.11 0.26 0.25 0.13
11 7 58 55 67
0.14 0.24 0.13 0.22 0.28
31 27 64 62 45
0.07 0.4 0.09 0.09 0.35
9 67 2 18 13
0.16 0.09 0.13 0.46 0.15
62 34 21 1 15
0.16 0.16 0.21 0.18 0.3
1 25 60 10 38
0.15 0.25 0.43 0.1 0.07
34 24 46 6 3
0.09 0.37 0.22 0.17 0.15
64 69 49 10 40
0.06 0.45 0.31 0.05 0.13
40 28 12 57 2
0.13 0.29 0.15 0.2 0.23
51 43 38 50 52
0.18 0.17 0.06 0.1 0.48
6 66 51 30 61
0.13 0.16 0.11 0.13 0.47
24 2 46 55 27
0.26 0.21 0.15 0.12 0.26
52 59 26 5 66
0.31 0.24 0.13 0.16 0.16
