#Number of options
70

#Assortments data
51 5 49 7 14
0.5 0.05 0.13 0.28 0.04
33 59 11 68 18
0.44 0.14 0.09 0.14 0.19
28 8 5 15 45
0.29 0.39 0.11 0.11 0.1
69 58 68 43 28
0.15 0.04 0.12 0.52 0.16
11 64 51 42 24
0.07 0.01 0.57 0.06 0.29
58 63 45 16 18
0.05 0.25 0.07 0.42 0.22
12 45 52 30 41
0.3 0.06 0.35 0.04 0.25
21 56 28 27 17
0.1 0.06 0.31 0.25 0.27
24 68 28 18 13
0.33 0.12 0.16 0.18 0.21
64 14 32 37 17
0.04 0.18 0.12 0.19 0.47
48 13 55 12 33
0.05 0.21 0.04 0.29 0.41
51 41 17 53 25
0.48 0.18 0.11 0.18 0.06
2 37 21 22 61
0.61 0.07 0.07 0.14 0.12
19 9 33 54 66
0.04 0.14 0.53 0.17 0.13
7 39 54 61 32
0.46 0.21 0.16 0.12 0.05
59 5 67 29 27
0.14 0.07 0.56 0.08 0.15
32 11 42 34 37
0.14 0.31 0.25 0.08 0.22
9 53 50 29 0
0.2 0.48 0.05 0.14 0.12
0 68 33 37 11
0.09 0.17 0.56 0.08 0.11
30 53 29 36 37
0.04 0.28 0.08 0.53 0.06
