#Number of options
70

#Assortments data
16 59 28 10 11
0.13 0.15 0.22 0.11 0.39
33 54 17 30 18
0.18 0.12 0.3 0.2 0.2
40 4 39 1 10
0.13 0.54 0.11 0.08 0.15
28 39 17 34 3
0.17 0.06 0.23 0.15 0.39
38 12 43 65 33
0.16 0.14 0.24 0.27 0.19
66 17 39 42 4
0.25 0.26 0.07 0.08 0.35
23 61 68 8 66
0.22 0.15 0.28 0.06 0.29
1 39 24 57 11
0.06 0.09 0.09 0.32 0.44
33 23 48 54 1
0.23 0.27 0.26 0.16 0.07
26 12 27 66 37
0.27 0.1 0.11 0.21 0.32
29 57 9 38 3
0.33 0.18 0.09 0.09 0.31
19 54 58 46 10
0.14 0.23 0.29 0.13 0.21
68 6 18 33 24
0.33 0.1 0.25 0.22 0.1
60 48 69 21 47
0.19 0.25 0.23 0.17 0.16
12 25 58 28 13
0.07 0.27 0.08 0.11 0.46
42 51 13 35 68
0.06 0.09 0.54 0.13 0.17
29 35 40 12 69
0.45 0.18 0.09 0.11 0.17
21 9 39 8 30
0.22 0.22 0.13 0.09 0.33
13 33 12 42 17
0.55 0.11 0.08 0.06 0.19
63 32 68 15 62
0.2 0.2 0.22 0.13 0.24
