#Number of options
70

#Assortments data
34 13 32 50 55
0.19 0.08 0.13 0.32 0.29
19 37 27 13 43
0.52 0.16 0.08 0.15 0.09
62 0 28 58 31
0.36 0.15 0.23 0.06 0.21
1 56 30 46 50
0.08 0.34 0.2 0.03 0.35
59 28 33 30 62
0.18 0.18 0.08 0.26 0.29
17 52 7 36 10
0.21 0.14 0.16 0.12 0.37
38 13 16 20 51
0.12 0.18 0.13 0.47 0.09
21 38 18 7 49
0.7 0.05 0.08 0.04 0.13
67 14 29 12 20
0.07 0.35 0.21 0.09 0.29
49 16 28 52 44
0.23 0.1 0.23 0.07 0.38
15 25 45 32 21
0.24 0.11 0.12 0.08 0.45
67 28 45 55 69
0.06 0.17 0.23 0.38 0.16
6 32 56 11 8
0.04 0.22 0.54 0.06 0.14
69 43 23 46 0
0.2 0.08 0.54 0.04 0.14
7 53 13 39 49
0.13 0.11 0.22 0.18 0.37
67 27 23 68 33
0.09 0.08 0.61 0.11 0.11
31 44 4 61 11
0.17 0.3 0.34 0.14 0.05
30 26 16 44 60
0.32 0.1 0.09 0.36 0.13
32 25 34 31 60
0.19 0.24 0.28 0.18 0.11
10 49 61 47 53
0.24 0.3 0.23 0.14 0.09
