#Number of options
70

#Assortments data
13 18 65 2 68
0.13 0.2 0.17 0.37 0.13
36 21 58 27 55
0.52 0.05 0.07 0.27 0.1
32 15 26 46 29
0.05 0.06 0.16 0.46 0.26
32 2 43 63 68
0.02 0.28 0.41 0.19 0.09
61 33 39 17 11
0.11 0.33 0.13 0.28 0.15
50 48 14 2 60
0.04 0.13 0.16 0.52 0.15
16 67 20 5 32
0.68 0.17 0.06 0.05 0.04
38 29 1 68 4
0.09 0.38 0.08 0.3 0.15
12 50 17 52 36
0.09 0.03 0.31 0.26 0.32
25 55 21 8 43
0.12 0.08 0.04 0.11 0.64
11 40 56 50 55
0.16 0.73 0.02 0.03 0.06
15 41 53 4 58
0.04 0.53 0.3 0.07 0.06
7 2 16 60 68
0.38 0.2 0.3 0.06 0.07
36 33 35 12 52
0.22 0.25 0.28 0.07 0.18
57 65 16 47 33
0.04 0.13 0.42 0.09 0.32
26 7 10 37 16
0.07 0.45 0.04 0.09 0.36
27 52 55 28 38
0.25 0.39 0.09 0.22 0.05
38 55 12 49 2
0.06 0.1 0.16 0.13 0.55
53 9 13 33 31
0.28 0.14 0.13 0.43 0.02
18 15 62 53 28
0.27 0.05 0.08 0.37 0.23
