#Number of options
70

#Assortments data
64 17 39 50 41
0.02 0.09 0.43 0.03 0.43
55 12 43 52 41
0.07 0.3 0.11 0.22 0.3
28 19 68 41 45
0.18 0.1 0.05 0.51 0.17
19 38 12 28 30
0.12 0.03 0.61 0.2 0.04
13 40 7 27 35
0.11 0.23 0.11 0.4 0.16
35 9 4 25 60
0.16 0.29 0.12 0.08 0.35
45 16 54 17 3
0.19 0.39 0.19 0.11 0.13
30 39 17 51 35
0.02 0.36 0.07 0.43 0.12
51 4 24 27 29
0.3 0.06 0.36 0.21 0.06
46 25 48 26 66
0.31 0.17 0.14 0.13 0.25
2 16 35 50 5
0.21 0.44 0.21 0.05 0.1
45 3 21 12 16
0.14 0.09 0.06 0.43 0.28
20 59 40 3 1
0.07 0.24 0.34 0.16 0.18
57 26 10 56 4
0.23 0.14 0.1 0.25 0.28
24 29 32 30 21
0.74 0.13 0.03 0.03 0.07
69 57 34 9 14
0.31 0.12 0.06 0.33 0.18
37 60 8 2 1
0.07 0.3 0.41 0.13 0.1
57 45 59 56 16
0.12 0.18 0.19 0.13 0.38
48 46 67 2 30
0.07 0.16 0.58 0.16 0.03
29 36 2 43 42
0.12 0.5 0.15 0.17 0.06
