#Number of options
70

#Assortments data
58 8 9 53 37
0.09 0.11 0.4 0.23 0.17
39 56 69 64 29
0.17 0.11 0.43 0.11 0.19
17 26 40 13 29
0.07 0.15 0.08 0.46 0.25
54 20 34 62 32
0.39 0.25 0.1 0.12 0.14
63 14 46 4 64
0.12 0.46 0.09 0.23 0.11
69 44 27 2 20
0.32 0.31 0.13 0.11 0.14
24 52 15 67 35
0.19 0.18 0.26 0.18 0.19
22 59 46 18 43
0.31 0.18 0.08 0.29 0.13
41 1 44 39 60
0.25 0.04 0.42 0.17 0.12
17 2 38 18 0
0.09 0.23 0.1 0.46 0.12
15 31 13 54 18
0.14 0.06 0.31 0.24 0.25
33 65 36 5 54
0.16 0.24 0.13 0.2 0.27
1 50 27 8 31
0.08 0.26 0.38 0.14 0.14
66 43 63 32 42
0.22 0.19 0.15 0.14 0.31
56 26 28 29 61
0.11 0.12 0.29 0.21 0.26
34 16 35 4 42
0.09 0.27 0.14 0.25 0.26
15 17 13 48 57
0.19 0.07 0.41 0.09 0.24
52 6 14 61 22
0.1 0.04 0.38 0.21 0.28
16 42 18 69 53
0.18 0.17 0.22 0.32 0.1
27 53 34 46 28
0.24 0.18 0.1 0.12 0.37
