#Number of options
70

#Assortments data
18 30 21 23 69
0.49 0.1 0.09 0.07 0.25
18 20 5 4 37
0.45 0.09 0.06 0.17 0.23
13 7 60 28 49
0.22 0.48 0.09 0.09 0.13
17 35 27 57 28
0.16 0.35 0.23 0.15 0.11
62 64 30 22 12
0.2 0.09 0.17 0.29 0.24
37 69 59 44 17
0.22 0.22 0.15 0.17 0.24
47 65 42 36 13
0.12 0.16 0.08 0.31 0.32
34 17 64 13 43
0.02 0.1 0.02 0.18 0.68
16 1 23 36 69
0.51 0.03 0.04 0.27 0.15
20 29 61 60 37
0.11 0.23 0.17 0.21 0.27
2 34 60 31 33
0.49 0.03 0.09 0.02 0.37
25 5 52 50 21
0.26 0.08 0.52 0.04 0.1
51 35 22 59 53
0.17 0.31 0.08 0.09 0.35
2 21 20 64 67
0.6 0.05 0.06 0.03 0.26
24 61 18 65 53
0.15 0.08 0.27 0.13 0.37
32 17 46 7 45
0.03 0.13 0.26 0.52 0.06
50 30 68 31 66
0.05 0.14 0.57 0.05 0.18
69 17 66 21 40
0.16 0.17 0.08 0.05 0.54
6 12 49 20 18
0.27 0.1 0.2 0.07 0.36
56 46 37 24 67
0.03 0.34 0.16 0.18 0.29
