#Number of options
70

#Assortments data
8 39 23 35 61
0.39 0.18 0.03 0.24 0.17
21 15 69 19 11
0.24 0.2 0.33 0.15 0.08
5 4 33 56 9
0.05 0.09 0.23 0.05 0.58
63 26 19 27 5
0.11 0.05 0.07 0.71 0.06
26 8 21 46 1
0.04 0.48 0.1 0.31 0.08
3 37 10 64 7
0.36 0.09 0.1 0.07 0.38
20 25 62 3 29
0.08 0.22 0.07 0.32 0.3
60 20 68 61 37
0.71 0.03 0.04 0.18 0.03
67 23 46 62 44
0.61 0.03 0.27 0.03 0.06
44 60 67 38 43
0.03 0.44 0.39 0.02 0.12
34 60 7 23 57
0.02 0.75 0.14 0.03 0.05
3 58 39 27 49
0.13 0.02 0.2 0.52 0.12
69 58 38 7 66
0.31 0.05 0.07 0.37 0.21
30 43 66 5 14
0.1 0.44 0.18 0.09 0.19
51 58 20 48 8
0.54 0.02 0.03 0.04 0.38
54 31 1 17 4
0.43 0.04 0.15 0.24 0.14
26 34 18 10 54
0.06 0.04 0.49 0.07 0.35
45 21 64 33 51
0.15 0.08 0.03 0.17 0.58
26 36 2 34 30
0.03 0.57 0.34 0.02 0.04
8 66 34 15 44
0.65 0.12 0.03 0.11 0.09
