#Number of options
70

#Assortments data
19 27 6 12 16
0.03 0.13 0.3 0.11 0.43
0 28 35 43 47
0.03 0.07 0.24 0.55 0.11
34 16 53 40 2
0.02 0.3 0.09 0.28 0.31
64 36 40 48 15
0.01 0.3 0.56 0.07 0.05
39 64 69 36 25
0.23 0.02 0.21 0.46 0.08
50 20 12 58 55
0.05 0.09 0.51 0.2 0.16
43 55 21 50 12
0.7 0.05 0.06 0.01 0.17
69 46 29 54 3
0.11 0.47 0.08 0.06 0.27
2 49 3 20 64
0.57 0.11 0.29 0.02 0.01
18 66 42 3 56
0.29 0.17 0.04 0.43 0.07
24 21 41 12 20
0.43 0.07 0.28 0.19 0.03
54 59 40 61 21
0.09 0.07 0.65 0.12 0.07
61 33 7 67 17
0.08 0.24 0.4 0.16 0.12
61 59 33 53 8
0.14 0.08 0.45 0.23 0.1
56 58 27 50 34
0.15 0.17 0.54 0.04 0.09
10 33 30 66 2
0.03 0.29 0.02 0.11 0.55
23 43 31 60 34
0.07 0.73 0.01 0.16 0.04
45 52 14 48 41
0.07 0.36 0.19 0.08 0.29
9 58 15 61 51
0.18 0.1 0.09 0.17 0.46
2 62 24 65 7
0.35 0.02 0.2 0.11 0.31
