#Number of options
70

#Assortments data
41 15 43 65 63
0.1 0.56 0.09 0.2 0.04
19 27 59 16 8
0.2 0.13 0.52 0.08 0.07
13 53 24 64 22
0.2 0.05 0.15 0.09 0.51
33 6 12 4 19
0.1 0.08 0.23 0.17 0.42
12 37 65 36 48
0.26 0.14 0.29 0.16 0.15
22 65 49 41 50
0.36 0.16 0.23 0.08 0.16
33 38 3 66 62
0.16 0.06 0.26 0.23 0.3
25 13 24 9 41
0.22 0.2 0.15 0.31 0.12
3 2 69 56 30
0.11 0.06 0.46 0.24 0.12
22 18 52 23 61
0.39 0.13 0.06 0.2 0.21
55 49 50 40 15
0.18 0.21 0.15 0.05 0.41
43 55 27 47 60
0.11 0.3 0.28 0.11 0.2
25 40 67 42 9
0.2 0.07 0.14 0.32 0.28
17 62 5 40 45
0.04 0.12 0.26 0.06 0.52
8 20 60 1 61
0.15 0.16 0.22 0.15 0.33
29 56 11 9 68
0.23 0.34 0.04 0.34 0.05
35 56 15 43 31
0.08 0.25 0.53 0.08 0.05
1 40 63 35 41
0.26 0.18 0.1 0.21 0.24
14 1 33 52 66
0.37 0.18 0.13 0.12 0.2
42 38 46 0 66
0.43 0.04 0.07 0.31 0.16
