#Number of options
70

#Assortments data
4 53 26 5 47
0.07 0.32 0.11 0.03 0.46
55 36 21 10 5
0.09 0.75 0.06 0.04 0.06
49 0 4 47 22
0.13 0.08 0.08 0.57 0.14
49 57 29 36 23
0.13 0.09 0.18 0.55 0.06
9 34 63 46 30
0.12 0.02 0.15 0.68 0.02
15 18 41 1 28
0.04 0.38 0.34 0.09 0.16
20 45 60 46 37
0.03 0.03 0.16 0.75 0.03
45 63 68 10 64
0.12 0.58 0.21 0.05 0.06
59 54 16 6 52
0.02 0.02 0.09 0.68 0.18
28 0 19 31 29
0.35 0.15 0.11 0.04 0.35
51 13 7 22 47
0.41 0.05 0.23 0.06 0.25
54 55 2 5 61
0.08 0.06 0.68 0.04 0.14
61 41 30 40 36
0.08 0.21 0.03 0.38 0.3
49 59 42 19 54
0.3 0.18 0.21 0.13 0.18
4 34 42 49 61
0.17 0.11 0.19 0.26 0.28
60 55 48 40 50
0.28 0.05 0.09 0.55 0.04
3 61 6 66 12
0.08 0.04 0.74 0.02 0.12
34 57 69 50 66
0.12 0.18 0.45 0.09 0.16
9 65 29 62 47
0.21 0.2 0.12 0.06 0.41
56 58 29 46 43
0.01 0.03 0.07 0.64 0.26
