#Number of options
70

#Assortments data
65 2 5 64 1
0.27 0.16 0.33 0.11 0.13
11 12 24 40 34
0.14 0.21 0.36 0.17 0.12
9 30 40 54 68
0.41 0.17 0.09 0.24 0.08
7 52 56 18 16
0.16 0.13 0.17 0.26 0.27
69 60 16 6 0
0.29 0.23 0.29 0.11 0.08
6 44 42 13 57
0.08 0.33 0.21 0.19 0.18
0 8 43 23 6
0.1 0.26 0.11 0.38 0.15
43 31 63 65 61
0.06 0.05 0.13 0.21 0.54
56 33 41 28 49
0.08 0.1 0.09 0.29 0.43
14 68 52 69 67
0.35 0.08 0.15 0.3 0.12
61 38 35 16 59
0.44 0.04 0.07 0.17 0.27
12 50 26 51 69
0.17 0.1 0.16 0.15 0.42
54 62 8 57 31
0.29 0.11 0.23 0.3 0.08
29 68 6 54 9
0.38 0.06 0.08 0.18 0.3
24 38 9 12 37
0.23 0.08 0.47 0.13 0.09
9 25 64 19 13
0.33 0.29 0.1 0.08 0.21
49 67 42 17 59
0.5 0.06 0.15 0.05 0.24
55 69 58 7 43
0.29 0.35 0.06 0.21 0.1
7 23 59 25 16
0.11 0.18 0.3 0.23 0.19
4 59 3 23 11
0.15 0.36 0.2 0.22 0.06
