#Number of options
70

#Assortments data
39 36 20 65 37
0.16 0.14 0.24 0.14 0.32
27 60 37 42 20
0.13 0.17 0.34 0.12 0.25
60 17 66 47 64
0.11 0.52 0.24 0.09 0.04
58 50 67 0 64
0.35 0.13 0.3 0.11 0.1
59 66 57 15 12
0.13 0.32 0.27 0.12 0.15
33 63 66 65 55
0.25 0.42 0.17 0.07 0.09
68 0 26 37 7
0.26 0.04 0.27 0.16 0.27
1 0 12 30 50
0.07 0.16 0.39 0.19 0.19
27 25 44 56 17
0.08 0.13 0.17 0.1 0.53
49 33 43 66 27
0.11 0.29 0.34 0.19 0.06
54 52 12 26 6
0.07 0.18 0.12 0.37 0.27
29 64 40 30 6
0.31 0.05 0.29 0.06 0.29
33 60 25 4 36
0.4 0.12 0.14 0.24 0.1
13 18 45 50 12
0.43 0.22 0.1 0.08 0.17
10 60 2 36 20
0.14 0.13 0.45 0.1 0.18
30 19 67 18 33
0.07 0.09 0.17 0.19 0.48
2 46 39 64 15
0.48 0.24 0.13 0.05 0.11
22 20 30 53 58
0.16 0.1 0.03 0.62 0.09
40 44 24 33 4
0.23 0.15 0.11 0.32 0.19
60 4 39 56 16
0.15 0.29 0.14 0.13 0.29
