#Number of options
70

#Assortments data
55 21 1 58 36
0.22 0.25 0.2 0.08 0.25
26 24 54 10 29
0.12 0.16 0.42 0.08 0.21
26 8 65 55 66
0.12 0.17 0.46 0.16 0.09
1 55 37 60 32
0.16 0.19 0.08 0.46 0.11
36 0 43 32 35
0.27 0.21 0.17 0.14 0.21
3 35 66 24 60
0.14 0.15 0.1 0.17 0.44
63 3 61 29 42
0.07 0.1 0.5 0.17 0.16
60 49 37 33 8
0.3 0.31 0.05 0.22 0.12
15 27 38 61 50
0.18 0.21 0.02 0.55 0.04
48 28 10 56 32
0.12 0.46 0.1 0.19 0.12
63 6 21 34 43
0.15 0.16 0.36 0.11 0.22
17 50 6 22 12
0.08 0.07 0.13 0.33 0.39
59 30 19 20 11
0.57 0.15 0.14 0.08 0.06
4 39 48 56 3
0.1 0.55 0.09 0.14 0.12
53 15 44 58 9
0.09 0.22 0.19 0.07 0.43
2 25 23 63 4
0.12 0.32 0.24 0.13 0.18
69 27 14 26 57
0.4 0.17 0.21 0.09 0.12
26 20 32 49 23
0.14 0.07 0.11 0.5 0.17
2 12 8 25 30
0.09 0.31 0.21 0.23 0.16
23 59 14 69 20
0.1 0.32 0.19 0.36 0.04
