#Number of options
70

#Assortments data
10 67 8 66 19
0.36 0.08 0.03 0.41 0.12
23 50 37 14 30
0.09 0.08 0.49 0.2 0.14
12 65 19 33 57
0.06 0.12 0.12 0.2 0.5
45 69 36 49 13
0.16 0.1 0.11 0.14 0.5
39 6 10 11 59
0.07 0.07 0.26 0.51 0.09
12 62 36 39 21
0.09 0.31 0.15 0.16 0.29
35 67 52 34 21
0.28 0.1 0.1 0.31 0.21
45 19 4 38 65
0.05 0.04 0.09 0.78 0.04
9 16 21 49 19
0.12 0.25 0.27 0.18 0.18
64 66 16 49 5
0.12 0.39 0.15 0.11 0.22
51 55 17 16 56
0.08 0.4 0.31 0.14 0.06
28 57 12 1 19
0.17 0.58 0.07 0.03 0.14
25 15 46 47 7
0.24 0.23 0.09 0.08 0.37
48 2 38 9 14
0.18 0.03 0.69 0.02 0.08
43 8 24 48 21
0.14 0.03 0.08 0.58 0.17
23 53 35 7 60
0.11 0.37 0.2 0.28 0.05
33 7 14 18 69
0.18 0.29 0.26 0.19 0.08
2 46 19 60 64
0.19 0.16 0.26 0.11 0.28
12 5 26 30 10
0.04 0.16 0.41 0.14 0.25
44 13 6 62 14
0.25 0.32 0.07 0.14 0.21
