#Number of options
70

#Assortments data
47 10 30 45 63
0.19 0.09 0.1 0.51 0.12
40 31 24 26 0
0.12 0.1 0.32 0.21 0.24
64 48 30 63 34
0.16 0.32 0.17 0.2 0.14
25 26 41 38 62
0.4 0.18 0.25 0.04 0.13
52 39 42 29 33
0.1 0.28 0.16 0.22 0.25
24 7 45 31 23
0.22 0.12 0.34 0.07 0.25
46 38 47 4 8
0.21 0.05 0.18 0.29 0.28
30 69 9 33 53
0.04 0.37 0.33 0.22 0.04
6 16 36 20 0
0.08 0.33 0.28 0.13 0.17
68 65 55 47 38
0.09 0.57 0.16 0.14 0.04
67 55 4 65 30
0.13 0.14 0.19 0.48 0.06
46 57 69 21 54
0.1 0.07 0.42 0.12 0.29
53 9 66 67 34
0.07 0.55 0.19 0.14 0.06
24 51 3 47 30
0.27 0.19 0.29 0.17 0.09
55 29 8 35 50
0.16 0.35 0.22 0.2 0.07
11 65 48 18 16
0.03 0.28 0.07 0.44 0.17
60 9 47 21 7
0.22 0.44 0.1 0.14 0.1
67 30 14 49 42
0.12 0.06 0.26 0.35 0.21
18 59 47 22 14
0.33 0.23 0.05 0.27 0.12
61 10 26 68 33
0.48 0.05 0.11 0.07 0.29
