#Number of options
70

#Assortments data
37 54 42 62 27
0.05 0.3 0.08 0.02 0.55
55 6 15 29 47
0.06 0.13 0.15 0.14 0.51
3 64 40 44 53
0.16 0.05 0.37 0.31 0.11
26 13 10 11 23
0.12 0.47 0.08 0.11 0.22
62 38 35 16 26
0.09 0.09 0.27 0.43 0.11
39 30 17 10 65
0.35 0.03 0.05 0.03 0.54
6 20 56 19 34
0.26 0.16 0.22 0.27 0.09
10 13 42 68 46
0.05 0.31 0.21 0.12 0.31
13 43 22 5 3
0.22 0.17 0.36 0.14 0.11
34 69 55 51 33
0.05 0.42 0.07 0.29 0.17
0 69 14 24 32
0.22 0.29 0.08 0.37 0.04
57 15 46 10 12
0.05 0.08 0.1 0.02 0.76
48 6 67 65 40
0.04 0.07 0.41 0.36 0.12
43 31 9 56 0
0.1 0.01 0.61 0.07 0.2
48 54 11 57 27
0.05 0.3 0.03 0.06 0.56
25 47 48 12 3
0.05 0.22 0.04 0.65 0.04
23 0 13 31 28
0.12 0.36 0.25 0.03 0.25
3 24 61 65 17
0.06 0.33 0.15 0.42 0.04
49 45 37 19 4
0.48 0.2 0.09 0.15 0.09
54 35 53 61 37
0.49 0.12 0.07 0.24 0.08
