#Number of options
70

#Assortments data
58 21 42 69 45
0.42 0.17 0.1 0.15 0.17
65 0 51 1 64
0.39 0.06 0.16 0.05 0.34
62 15 57 7 8
0.27 0.09 0.45 0.17 0.02
20 52 50 44 21
0.39 0.08 0.07 0.35 0.12
31 66 5 42 17
0.13 0.39 0.12 0.05 0.3
47 61 19 10 32
0.09 0.14 0.11 0.3 0.36
7 49 9 45 26
0.14 0.12 0.05 0.08 0.61
20 33 39 54 48
0.25 0.09 0.07 0.06 0.52
52 64 63 42 46
0.13 0.2 0.49 0.11 0.07
47 23 28 40 24
0.1 0.21 0.41 0.21 0.07
11 47 65 9 66
0.34 0.06 0.12 0.06 0.43
3 67 28 33 40
0.34 0.08 0.29 0.15 0.15
9 28 24 62 19
0.08 0.35 0.06 0.41 0.1
30 9 49 62 35
0.17 0.07 0.17 0.32 0.27
56 57 24 41 33
0.09 0.58 0.05 0.13 0.15
15 2 22 29 55
0.07 0.06 0.15 0.33 0.4
6 40 15 12 59
0.14 0.27 0.2 0.09 0.3
51 30 61 17 55
0.04 0.13 0.07 0.29 0.46
35 59 3 42 0
0.32 0.19 0.38 0.08 0.02
36 9 65 68 24
0.11 0.08 0.17 0.58 0.06
