#Number of options
70

#Assortments data
4 42 23 29 59
0.25 0.14 0.26 0.23 0.12
68 11 10 31 28
0.11 0.17 0.2 0.19 0.32
10 1 62 42 45
0.15 0.04 0.41 0.2 0.2
2 27 49 32 65
0.05 0.13 0.27 0.37 0.17
23 28 58 9 55
0.29 0.19 0.08 0.13 0.31
52 15 19 13 69
0.07 0.36 0.14 0.29 0.14
14 11 12 50 5
0.44 0.1 0.09 0.12 0.24
60 17 28 15 68
0.07 0.14 0.27 0.43 0.09
36 31 53 11 49
0.07 0.22 0.13 0.21 0.37
67 33 30 7 60
0.19 0.22 0.32 0.15 0.12
33 52 35 22 7
0.13 0.08 0.23 0.46 0.09
51 5 40 4 25
0.05 0.24 0.07 0.29 0.36
21 17 68 35 1
0.42 0.17 0.11 0.25 0.05
23 69 48 46 0
0.44 0.18 0.23 0.05 0.09
45 6 27 60 23
0.26 0.04 0.15 0.08 0.48
28 38 14 42 7
0.21 0.1 0.47 0.17 0.06
20 45 13 55 33
0.29 0.14 0.22 0.27 0.08
25 8 10 54 66
0.39 0.04 0.13 0.14 0.31
29 24 2 33 50
0.46 0.12 0.06 0.15 0.2
7 67 4 53 23
0.07 0.1 0.36 0.09 0.38
