#Number of options
70

#Assortments data
21 52 36 67 11
0.07 0.08 0.08 0.09 0.67
45 7 23 66 1
0.08 0.43 0.07 0.4 0.02
12 0 11 47 56
0.07 0.03 0.79 0.08 0.03
16 44 17 63 36
0.11 0.1 0.37 0.36 0.06
19 22 51 18 28
0.12 0.21 0.23 0.2 0.24
24 58 3 46 20
0.05 0.37 0.45 0.06 0.07
23 20 21 15 42
0.16 0.26 0.21 0.11 0.26
31 13 59 47 66
0.15 0.26 0.09 0.1 0.4
63 6 17 51 29
0.36 0.04 0.37 0.06 0.16
32 9 22 7 2
0.17 0.05 0.12 0.45 0.2
30 43 15 16 61
0.18 0.26 0.07 0.3 0.2
30 49 15 2 34
0.22 0.14 0.08 0.29 0.27
29 26 38 12 10
0.17 0.34 0.37 0.04 0.08
7 41 60 51 18
0.41 0.25 0.1 0.13 0.11
17 32 35 52 44
0.52 0.11 0.14 0.08 0.15
54 65 15 66 14
0.12 0.12 0.06 0.49 0.21
22 31 15 58 8
0.12 0.15 0.05 0.64 0.04
4 23 56 27 18
0.49 0.1 0.06 0.19 0.16
19 6 68 55 52
0.04 0.05 0.76 0.09 0.06
23 10 47 53 49
0.06 0.12 0.08 0.68 0.07
