#Number of options
70

#Assortments data
50 43 1 31 30
0.21 0.14 0.14 0.16 0.35
69 1 34 17 29
0.59 0.09 0.08 0.04 0.21
6 61 41 26 37
0.07 0.35 0.32 0.13 0.13
36 24 57 56 60
0.08 0.2 0.14 0.35 0.23
44 59 4 31 3
0.31 0.39 0.11 0.09 0.11
46 62 3 47 29
0.06 0.15 0.18 0.29 0.31
54 51 3 58 68
0.5 0.13 0.19 0.07 0.1
41 10 34 42 15
0.19 0.11 0.07 0.33 0.3
17 3 48 30 36
0.08 0.24 0.1 0.42 0.16
28 67 64 2 52
0.46 0.13 0.13 0.11 0.18
52 0 34 26 40
0.27 0.41 0.12 0.14 0.07
64 67 9 65 31
0.11 0.11 0.18 0.5 0.09
36 6 41 5 55
0.12 0.07 0.31 0.31 0.18
25 14 51 20 68
0.32 0.32 0.12 0.15 0.09
13 14 41 45 58
0.09 0.16 0.16 0.56 0.03
55 13 65 37 64
0.13 0.13 0.53 0.09 0.12
32 29 45 61 3
0.03 0.15 0.56 0.17 0.09
45 13 62 1 35
0.66 0.11 0.09 0.07 0.07
46 4 28 42 22
0.03 0.11 0.36 0.32 0.18
32 42 34 50 62
0.07 0.52 0.11 0.17 0.14
