#Number of options
70

#Assortments data
39 48 49 34 0
0.37 0.08 0.23 0.07 0.26
52 63 44 14 5
0.47 0.08 0.12 0.13 0.2
9 22 0 67 32
0.42 0.19 0.21 0.13 0.06
24 52 22 56 40
0.26 0.31 0.2 0.14 0.1
20 26 6 63 3
0.23 0.2 0.22 0.16 0.19
9 5 37 1 40
0.5 0.15 0.04 0.2 0.11
3 51 39 48 49
0.09 0.15 0.41 0.09 0.26
23 60 18 32 50
0.07 0.49 0.33 0.06 0.05
57 60 42 61 5
0.04 0.39 0.19 0.26 0.11
58 14 67 18 45
0.04 0.1 0.15 0.35 0.37
24 41 53 14 27
0.21 0.21 0.05 0.07 0.45
37 30 26 69 47
0.07 0.07 0.11 0.35 0.4
61 55 28 36 23
0.39 0.07 0.3 0.15 0.09
6 38 33 47 39
0.09 0.03 0.22 0.29 0.37
8 62 60 36 5
0.33 0.03 0.41 0.1 0.12
31 13 62 47 5
0.04 0.13 0.08 0.49 0.26
65 52 18 36 33
0.39 0.21 0.2 0.08 0.12
58 3 8 27 69
0.03 0.05 0.29 0.45 0.17
27 30 68 69 66
0.56 0.04 0.07 0.22 0.11
43 18 21 50 55
0.12 0.48 0.25 0.07 0.08
