#Number of options
70

#Assortments data
31 17 1 4 36
0.02 0.05 0.04 0.03 0.87
53 1 25 38 68
0.37 0.12 0.28 0.09 0.13
19 39 62 20 2
0.04 0.34 0.06 0.06 0.5
34 60 45 69 14
0.05 0.47 0.19 0.18 0.12
42 5 44 4 26
0.26 0.2 0.21 0.16 0.16
12 68 37 53 20
0.44 0.11 0.08 0.29 0.08
63 57 6 21 53
0.16 0.1 0.4 0.12 0.22
65 9 55 15 52
0.15 0.28 0.04 0.09 0.45
5 3 39 7 48
0.06 0.21 0.31 0.37 0.05
44 37 38 41 14
0.09 0.07 0.06 0.65 0.12
67 32 5 56 1
0.78 0.03 0.07 0.05 0.07
45 29 67 22 49
0.1 0.11 0.48 0.13 0.18
10 54 0 19 51
0.03 0.09 0.1 0.03 0.76
35 0 69 61 13
0.27 0.2 0.17 0.24 0.13
58 48 7 20 19
0.09 0.08 0.67 0.09 0.06
48 52 13 15 47
0.04 0.41 0.07 0.08 0.4
17 68 36 5 23
0.04 0.04 0.85 0.04 0.03
57 58 47 69 15
0.09 0.05 0.59 0.14 0.12
41 37 51 11 33
0.23 0.03 0.54 0.06 0.15
12 52 44 47 23
0.19 0.37 0.04 0.36 0.03
