#Number of options
70

#Assortments data
51 33 52 26 11
0.28 0.22 0.44 0.03 0.03
18 47 48 44 33
0.18 0.45 0.05 0.1 0.21
49 17 11 55 0
0.34 0.13 0.09 0.15 0.3
4 37 39 22 33
0.08 0.04 0.43 0.23 0.22
63 20 19 45 6
0.13 0.11 0.2 0.36 0.2
16 15 24 3 42
0.27 0.06 0.46 0.1 0.11
34 38 37 44 40
0.1 0.1 0.16 0.37 0.27
44 45 51 15 46
0.14 0.2 0.4 0.07 0.19
42 14 30 39 28
0.13 0.08 0.07 0.58 0.15
22 28 41 69 3
0.32 0.15 0.15 0.26 0.11
69 61 44 32 39
0.18 0.28 0.1 0.02 0.42
44 28 25 52 27
0.09 0.1 0.11 0.41 0.29
2 64 17 47 59
0.16 0.03 0.05 0.52 0.23
14 48 50 56 51
0.12 0.11 0.08 0.08 0.6
24 12 59 48 67
0.26 0.28 0.14 0.04 0.27
53 21 55 33 66
0.1 0.21 0.12 0.49 0.09
44 51 23 53 60
0.12 0.33 0.07 0.05 0.43
31 42 6 5 17
0.09 0.32 0.27 0.16 0.16
41 48 1 40 24
0.16 0.08 0.1 0.11 0.55
5 65 67 46 50
0.06 0.21 0.5 0.18 0.05
