#Number of options
70

#Assortments data
39 22 35 16 40
0.2 0.08 0.22 0.33 0.18
30 23 12 68 18
0.04 0.09 0.37 0.16 0.34
11 13 15 35 61
0.08 0.13 0.09 0.5 0.2
69 46 25 50 56
0.25 0.53 0.12 0.02 0.08
13 28 19 34 7
0.15 0.19 0.07 0.05 0.54
42 5 2 66 39
0.08 0.08 0.4 0.1 0.34
44 28 20 43 23
0.1 0.14 0.05 0.64 0.06
35 1 40 3 27
0.28 0.05 0.23 0.17 0.27
31 33 54 20 60
0.03 0.38 0.22 0.05 0.32
32 9 62 51 61
0.05 0.23 0.03 0.55 0.13
55 51 16 58 68
0.06 0.43 0.39 0.04 0.07
18 58 56 10 6
0.27 0.08 0.1 0.05 0.51
8 42 28 29 23
0.4 0.12 0.18 0.22 0.08
16 25 34 50 46
0.44 0.09 0.03 0.02 0.43
65 61 52 50 4
0.2 0.11 0.62 0.02 0.05
46 45 2 25 69
0.39 0.06 0.28 0.08 0.18
63 17 42 37 32
0.43 0.18 0.13 0.17 0.09
5 41 56 31 22
0.12 0.52 0.12 0.04 0.2
5 9 32 62 63
0.12 0.38 0.08 0.05 0.37
34 7 28 48 68
0.05 0.51 0.18 0.11 0.15
