#Number of options
70

#Assortments data
17 53 68 42 0
0.21 0.17 0.26 0.3 0.06
32 8 28 17 39
0.61 0.03 0.15 0.15 0.06
38 36 2 35 20
0.27 0.02 0.05 0.06 0.6
35 64 56 45 40
0.09 0.49 0.18 0.18 0.06
49 0 24 36 2
0.51 0.11 0.12 0.08 0.18
63 53 34 11 3
0.11 0.06 0.66 0.06 0.11
43 67 9 56 7
0.25 0.09 0.13 0.42 0.11
12 61 68 23 69
0.06 0.11 0.14 0.51 0.19
58 20 60 53 36
0.28 0.58 0.04 0.08 0.02
41 20 26 63 29
0.04 0.39 0.26 0.1 0.21
14 18 24 20 61
0.21 0.08 0.03 0.59 0.09
16 24 2 9 0
0.2 0.17 0.26 0.21 0.16
1 50 46 44 19
0.04 0.33 0.02 0.41 0.19
32 35 0 9 31
0.37 0.06 0.03 0.04 0.5
39 14 11 43 2
0.08 0.46 0.19 0.17 0.11
28 36 44 53 33
0.13 0.03 0.6 0.11 0.14
26 53 46 16 65
0.65 0.13 0.04 0.06 0.11
21 34 20 57 43
0.11 0.42 0.28 0.16 0.04
16 64 20 65 37
0.03 0.29 0.49 0.06 0.14
41 31 46 11 40
0.07 0.71 0.04 0.12 0.06
