#Number of options
70

#Assortments data
7 22 27 2 41
0.13 0.43 0.09 0.14 0.21
48 25 53 13 12
0.2 0.47 0.08 0.18 0.07
19 35 44 30 16
0.21 0.07 0.37 0.31 0.05
55 18 38 67 43
0.58 0.12 0.2 0.04 0.05
51 36 50 68 54
0.04 0.1 0.3 0.26 0.31
46 9 10 35 40
0.05 0.13 0.67 0.1 0.04
44 56 3 39 37
0.45 0.16 0.09 0.11 0.19
43 8 12 15 14
0.07 0.05 0.08 0.4 0.39
21 3 30 62 17
0.3 0.07 0.28 0.29 0.07
9 51 33 64 17
0.19 0.04 0.16 0.46 0.16
19 47 35 39 48
0.41 0.04 0.13 0.17 0.25
43 13 63 44 42
0.06 0.15 0.06 0.49 0.24
38 20 25 43 3
0.17 0.4 0.31 0.04 0.08
31 21 15 7 68
0.36 0.3 0.21 0.03 0.1
25 63 18 51 45
0.46 0.07 0.14 0.03 0.3
6 61 15 10 32
0.01 0.06 0.24 0.46 0.23
43 17 15 44 23
0.05 0.08 0.25 0.39 0.23
37 64 8 38 18
0.24 0.32 0.05 0.25 0.14
30 4 27 23 55
0.21 0.29 0.02 0.15 0.33
49 68 60 41 31
0.15 0.15 0.07 0.08 0.54
