#Number of options
70

#Assortments data
33 15 64 23 59
0.05 0.27 0.12 0.41 0.14
0 59 3 30 61
0.12 0.26 0.06 0.32 0.25
35 15 53 10 62
0.06 0.53 0.05 0.13 0.23
30 6 15 41 52
0.32 0.03 0.53 0.08 0.04
35 23 18 7 21
0.04 0.46 0.09 0.04 0.38
0 7 4 2 6
0.2 0.12 0.55 0.09 0.05
64 17 49 21 9
0.17 0.05 0.21 0.45 0.12
8 7 10 15 20
0.05 0.05 0.11 0.43 0.36
16 15 43 35 52
0.12 0.69 0.06 0.08 0.05
29 25 60 61 37
0.16 0.36 0.1 0.27 0.1
38 29 30 47 27
0.09 0.23 0.49 0.1 0.09
40 17 62 59 38
0.06 0.12 0.34 0.39 0.09
59 52 17 62 50
0.32 0.05 0.1 0.27 0.27
54 8 62 66 16
0.33 0.07 0.24 0.27 0.1
42 12 5 32 51
0.41 0.04 0.48 0.05 0.02
54 1 28 46 41
0.38 0.16 0.33 0.04 0.09
18 50 61 68 16
0.2 0.29 0.32 0.07 0.12
49 58 51 42 25
0.2 0.06 0.02 0.51 0.22
15 35 29 58 33
0.56 0.07 0.16 0.09 0.11
13 56 24 47 23
0.13 0.27 0.04 0.04 0.52
