#Number of options
70

#Assortments data
11 32 60 53 43
0.26 0.23 0.04 0.37 0.09
47 2 19 48 56
0.04 0.07 0.08 0.74 0.07
15 67 62 43 41
0.17 0.06 0.41 0.16 0.19
7 62 32 40 44
0.16 0.22 0.21 0.08 0.33
34 39 37 51 44
0.15 0.05 0.38 0.08 0.35
6 37 19 10 42
0.06 0.49 0.1 0.21 0.15
19 1 43 53 61
0.11 0.03 0.14 0.54 0.19
16 17 63 67 51
0.09 0.27 0.48 0.05 0.12
40 67 33 10 63
0.12 0.05 0.13 0.24 0.46
18 14 29 11 52
0.07 0.27 0.37 0.26 0.03
22 58 17 66 50
0.11 0.38 0.17 0.28 0.05
36 57 55 5 22
0.04 0.35 0.28 0.18 0.15
56 25 57 19 31
0.09 0.26 0.41 0.11 0.12
66 62 1 10 4
0.27 0.22 0.02 0.16 0.34
7 1 14 47 24
0.32 0.04 0.5 0.08 0.07
46 25 58 39 24
0.07 0.25 0.56 0.07 0.05
16 41 1 56 67
0.21 0.38 0.07 0.21 0.12
12 44 63 2 69
0.05 0.38 0.35 0.07 0.15
3 58 18 52 15
0.22 0.52 0.09 0.03 0.13
57 7 21 19 58
0.28 0.18 0.07 0.08 0.4
