#Number of options
70

#Assortments data
22 0 56 15 24
0.11 0.05 0.37 0.42 0.05
68 43 32 5 41
0.05 0.05 0.17 0.68 0.05
65 18 6 55 13
0.15 0.31 0.02 0.25 0.28
28 56 69 41 2
0.22 0.44 0.25 0.05 0.03
60 15 24 39 21
0.05 0.38 0.04 0.05 0.47
51 47 24 6 8
0.19 0.34 0.26 0.06 0.15
23 17 41 69 19
0.47 0.03 0.04 0.19 0.27
61 32 52 66 64
0.12 0.25 0.07 0.33 0.22
30 3 18 68 6
0.49 0.12 0.28 0.09 0.02
65 39 1 69 6
0.2 0.15 0.1 0.53 0.03
36 60 49 53 64
0.09 0.12 0.35 0.13 0.32
53 48 35 56 22
0.08 0.19 0.07 0.52 0.15
62 64 6 16 57
0.31 0.23 0.02 0.11 0.33
21 42 3 12 24
0.53 0.3 0.07 0.04 0.05
22 50 12 24 27
0.17 0.62 0.06 0.08 0.07
20 31 5 68 32
0.18 0.1 0.54 0.04 0.13
17 19 57 56 41
0.04 0.32 0.21 0.38 0.05
61 5 63 16 31
0.08 0.66 0.07 0.07 0.12
19 49 29 67 30
0.34 0.17 0.12 0.05 0.32
41 53 58 11 59
0.1 0.12 0.18 0.13 0.47
