#Number of options
70

#Assortments data
33 38 21 23 65
0.06 0.5 0.16 0.22 0.06
45 27 30 21 33
0.12 0.06 0.39 0.33 0.11
20 33 38 40 26
0.17 0.04 0.36 0.03 0.4
34 39 61 46 26
0.37 0.04 0.08 0.02 0.5
10 2 54 32 59
0.28 0.04 0.03 0.56 0.09
25 10 52 13 12
0.34 0.31 0.04 0.27 0.04
56 63 65 38 55
0.07 0.08 0.05 0.44 0.36
10 27 56 5 54
0.52 0.04 0.13 0.25 0.06
38 43 59 68 50
0.51 0.05 0.11 0.24 0.09
38 35 8 29 69
0.46 0.09 0.02 0.33 0.09
5 66 54 23 34
0.12 0.35 0.03 0.18 0.32
24 43 1 18 53
0.11 0.16 0.07 0.34 0.31
68 43 8 32 65
0.22 0.05 0.02 0.65 0.06
34 11 67 37 28
0.44 0.14 0.04 0.3 0.09
22 1 41 15 62
0.24 0.03 0.1 0.19 0.43
26 37 18 65 46
0.54 0.28 0.11 0.06 0.02
59 63 68 21 23
0.13 0.12 0.28 0.2 0.27
31 39 0 20 49
0.41 0.06 0.04 0.36 0.13
20 34 38 13 26
0.12 0.21 0.25 0.15 0.27
9 5 39 24 30
0.15 0.31 0.08 0.07 0.38
