#Number of options
70

#Assortments data
2 36 13 46 40
0.17 0.19 0.39 0.14 0.11
47 41 49 34 65
0.12 0.12 0.24 0.25 0.27
56 11 30 1 53
0.57 0.05 0.19 0.16 0.03
46 22 15 9 56
0.02 0.18 0.3 0.13 0.37
56 60 55 61 69
0.46 0.11 0.17 0.13 0.13
36 66 44 29 32
0.05 0.25 0.31 0.2 0.18
44 49 10 54 48
0.27 0.14 0.16 0.34 0.08
62 53 15 57 64
0.22 0.03 0.47 0.1 0.18
14 57 51 22 61
0.19 0.14 0.04 0.4 0.23
44 2 24 34 28
0.35 0.05 0.07 0.19 0.35
68 15 26 57 30
0.04 0.54 0.08 0.11 0.23
41 22 8 44 10
0.08 0.32 0.13 0.29 0.17
57 53 69 67 61
0.18 0.06 0.31 0.13 0.31
30 54 14 37 26
0.25 0.42 0.18 0.07 0.09
66 7 21 19 15
0.11 0.02 0.36 0.28 0.24
59 48 18 49 12
0.55 0.1 0.12 0.16 0.07
0 57 56 27 66
0.15 0.09 0.5 0.08 0.18
40 35 56 18 28
0.02 0.05 0.57 0.1 0.26
44 31 8 63 54
0.28 0.15 0.12 0.09 0.36
17 5 68 33 4
0.04 0.61 0.03 0.08 0.24
