#Number of options
70

#Assortments data
0 21 42 67 68
0.05 0.51 0.33 0.03 0.09
51 56 69 44 46
0.04 0.33 0.1 0.5 0.03
10 51 41 6 17
0.75 0.05 0.07 0.03 0.1
67 33 68 48 7
0.04 0.21 0.11 0.54 0.1
3 51 58 29 28
0.1 0.05 0.29 0.39 0.16
65 32 44 59 66
0.06 0.24 0.3 0.07 0.33
0 42 11 44 25
0.02 0.17 0.07 0.33 0.41
29 14 28 13 67
0.3 0.34 0.13 0.2 0.03
44 21 54 36 65
0.45 0.35 0.08 0.02 0.1
35 56 8 1 51
0.11 0.68 0.06 0.06 0.08
44 27 55 33 68
0.42 0.06 0.35 0.11 0.06
28 63 49 53 26
0.15 0.15 0.26 0.18 0.26
60 57 58 7 62
0.06 0.23 0.15 0.04 0.53
18 57 8 27 54
0.22 0.49 0.05 0.11 0.13
45 30 13 43 36
0.24 0.49 0.19 0.06 0.02
13 15 6 11 48
0.23 0.21 0.03 0.12 0.41
7 20 31 16 26
0.05 0.37 0.32 0.08 0.17
41 55 31 9 40
0.06 0.44 0.4 0.07 0.03
58 40 52 26 65
0.36 0.05 0.07 0.35 0.17
67 63 49 17 56
0.03 0.16 0.28 0.1 0.44
