#Number of options
70

#Assortments data
62 3 47 27 36
0.01 0.03 0.58 0.26 0.12
28 62 38 1 10
0.39 0.06 0.08 0.4 0.07
0 19 24 34 53
0.23 0.12 0.51 0.03 0.1
65 19 41 67 36
0.2 0.07 0.16 0.32 0.24
59 65 50 44 47
0.09 0.12 0.02 0.06 0.71
43 14 67 63 31
0.29 0.1 0.47 0.11 0.02
21 31 35 61 38
0.17 0.03 0.35 0.4 0.05
59 44 48 63 39
0.21 0.13 0.04 0.11 0.51
55 23 68 21 8
0.04 0.04 0.09 0.11 0.72
67 46 22 60 45
0.27 0.24 0.07 0.34 0.08
47 24 35 0 51
0.55 0.15 0.09 0.07 0.14
52 45 8 16 6
0.2 0.06 0.37 0.23 0.14
20 6 5 30 23
0.13 0.54 0.19 0.06 0.08
54 46 66 44 50
0.2 0.45 0.13 0.16 0.06
3 34 49 11 51
0.1 0.03 0.32 0.09 0.46
4 0 35 26 40
0.12 0.26 0.34 0.06 0.23
7 34 56 57 62
0.5 0.08 0.18 0.15 0.09
65 46 25 66 67
0.21 0.3 0.07 0.09 0.34
36 37 58 30 34
0.71 0.09 0.07 0.07 0.06
16 0 18 17 43
0.39 0.15 0.19 0.06 0.21
