#Number of options
70

#Assortments data
28 26 30 60 55
0.2 0.07 0.37 0.09 0.27
69 62 66 52 17
0.21 0.43 0.27 0.06 0.04
54 56 22 63 53
0.2 0.42 0.25 0.07 0.05
59 57 22 41 0
0.4 0.11 0.32 0.08 0.09
26 37 64 15 29
0.08 0.1 0.17 0.41 0.23
10 16 8 51 69
0.26 0.08 0.2 0.07 0.39
68 48 24 64 17
0.15 0.16 0.17 0.41 0.11
58 25 28 1 65
0.1 0.36 0.26 0.09 0.19
69 7 51 48 35
0.52 0.09 0.09 0.16 0.14
13 54 29 22 31
0.15 0.22 0.21 0.28 0.15
69 37 16 31 30
0.23 0.11 0.05 0.17 0.44
49 47 11 4 18
0.35 0.05 0.04 0.3 0.26
63 10 20 4 21
0.06 0.11 0.27 0.19 0.37
9 7 49 33 26
0.25 0.06 0.46 0.1 0.13
49 24 30 12 51
0.32 0.08 0.45 0.11 0.04
11 26 33 5 17
0.04 0.09 0.07 0.75 0.05
26 48 7 21 10
0.1 0.08 0.05 0.6 0.17
34 8 61 43 11
0.31 0.19 0.34 0.09 0.06
19 4 60 36 55
0.66 0.12 0.05 0.03 0.15
6 32 34 1 42
0.01 0.09 0.14 0.06 0.69
