#Number of options
70

#Assortments data
66 44 48 26 21
0.29 0.29 0.09 0.16 0.16
6 58 68 27 64
0.19 0.03 0.07 0.67 0.04
45 24 63 38 25
0.38 0.42 0.08 0.03 0.1
25 56 63 44 58
0.18 0.29 0.14 0.34 0.05
40 58 1 36 54
0.18 0.02 0.3 0.22 0.28
67 9 15 6 25
0.25 0.46 0.11 0.13 0.06
58 48 53 41 32
0.04 0.09 0.2 0.6 0.08
16 0 27 31 46
0.19 0.29 0.4 0.02 0.11
39 51 60 0 29
0.29 0.16 0.29 0.17 0.09
68 32 38 15 30
0.17 0.12 0.07 0.38 0.27
56 21 33 10 59
0.19 0.12 0.25 0.05 0.39
56 4 40 11 24
0.15 0.13 0.25 0.05 0.42
59 31 8 57 14
0.13 0.01 0.76 0.04 0.06
61 56 42 54 49
0.21 0.1 0.13 0.27 0.28
33 55 58 21 22
0.24 0.09 0.03 0.12 0.52
58 10 27 22 26
0.02 0.03 0.52 0.35 0.08
17 24 33 60 29
0.04 0.24 0.12 0.46 0.15
64 20 69 66 31
0.06 0.09 0.55 0.26 0.04
4 46 10 34 36
0.18 0.25 0.05 0.1 0.42
62 30 54 23 5
0.12 0.12 0.43 0.13 0.2
