#Number of options
70

#Assortments data
18 53 27 26 59
0.23 0.16 0.12 0.19 0.3
15 24 40 49 48
0.44 0.08 0.06 0.23 0.19
0 4 43 58 52
0.1 0.64 0.04 0.17 0.04
45 21 26 56 41
0.12 0.47 0.07 0.3 0.04
22 19 64 55 6
0.17 0.29 0.3 0.23 0.01
67 13 26 39 17
0.07 0.45 0.19 0.14 0.15
23 18 51 19 22
0.41 0.09 0.02 0.3 0.17
18 60 16 46 57
0.24 0.1 0.1 0.06 0.5
11 55 57 60 33
0.08 0.41 0.34 0.07 0.11
10 0 5 14 3
0.26 0.04 0.46 0.17 0.06
20 6 41 33 10
0.47 0.01 0.05 0.07 0.39
52 19 2 69 54
0.04 0.61 0.06 0.15 0.14
6 3 15 7 62
0.02 0.13 0.35 0.06 0.44
14 41 40 49 56
0.29 0.06 0.04 0.16 0.46
59 1 15 25 23
0.12 0.05 0.22 0.18 0.43
68 44 12 14 3
0.13 0.25 0.11 0.37 0.14
47 1 29 66 17
0.04 0.1 0.43 0.31 0.12
29 2 11 40 43
0.64 0.08 0.13 0.08 0.06
68 64 51 9 0
0.13 0.59 0.04 0.15 0.09
60 31 11 22 65
0.05 0.57 0.06 0.22 0.1
