#Number of options
70

#Assortments data
1 59 8 55 10
0.06 0.3 0.21 0.22 0.22
66 26 42 31 44
0.29 0.33 0.08 0.03 0.27
3 16 52 31 43
0.28 0.19 0.06 0.01 0.46
8 69 23 67 39
0.09 0.12 0.1 0.44 0.25
40 33 5 20 60
0.42 0.33 0.04 0.06 0.16
13 65 0 37 18
0.34 0.16 0.03 0.14 0.33
0 63 32 15 44
0.04 0.53 0.14 0.06 0.23
61 58 25 28 5
0.22 0.22 0.26 0.21 0.09
2 36 27 15 3
0.39 0.12 0.08 0.03 0.39
46 64 20 6 65
0.32 0.04 0.11 0.37 0.17
68 31 62 53 11
0.19 0.02 0.03 0.54 0.22
36 56 45 10 39
0.34 0.06 0.13 0.13 0.34
12 5 21 59 45
0.37 0.11 0.13 0.23 0.16
64 41 43 14 50
0.02 0.36 0.53 0.09 0.01
48 43 7 41 10
0.05 0.37 0.31 0.25 0.03
68 16 27 18 51
0.14 0.27 0.08 0.19 0.31
33 35 69 41 54
0.2 0.43 0.04 0.3 0.04
60 61 28 31 44
0.33 0.18 0.17 0.04 0.27
27 56 14 5 34
0.28 0.08 0.36 0.11 0.17
47 12 16 17 43
0.07 0.07 0.19 0.2 0.47
