#Number of options
70

#Assortments data
2 23 25 61 50
0.06 0.16 0.12 0.49 0.17
26 34 4 42 44
0.09 0.05 0.17 0.58 0.12
10 62 63 66 55
0.18 0.22 0.1 0.18 0.32
4 6 31 35 41
0.26 0.09 0.16 0.26 0.23
47 18 50 5 33
0.36 0.21 0.14 0.15 0.15
26 63 2 36 61
0.08 0.04 0.06 0.32 0.49
54 9 24 59 31
0.44 0.15 0.16 0.2 0.04
56 4 32 65 23
0.39 0.12 0.04 0.34 0.12
11 18 21 53 47
0.02 0.23 0.27 0.07 0.4
24 13 8 16 53
0.28 0.12 0.37 0.16 0.06
4 33 63 27 48
0.16 0.19 0.04 0.56 0.04
1 18 38 20 51
0.71 0.14 0.02 0.05 0.07
43 63 40 38 17
0.36 0.15 0.21 0.15 0.14
21 53 61 52 64
0.23 0.06 0.38 0.28 0.05
5 51 52 22 55
0.17 0.12 0.34 0.24 0.12
55 31 20 66 62
0.27 0.19 0.21 0.15 0.18
31 25 32 54 38
0.07 0.09 0.04 0.76 0.03
47 19 5 17 14
0.42 0.15 0.17 0.04 0.21
29 9 8 16 47
0.07 0.22 0.3 0.13 0.29
63 45 59 0 36
0.02 0.3 0.19 0.36 0.13
