#Number of options
70

#Assortments data
57 58 49 21 26
0.5 0.11 0.08 0.1 0.2
10 64 34 8 49
0.45 0.15 0.2 0.06 0.14
11 28 4 30 25
0.17 0.12 0.29 0.13 0.29
30 17 57 67 64
0.09 0.15 0.61 0.05 0.1
47 57 3 27 4
0.02 0.58 0.14 0.05 0.2
20 24 26 0 8
0.32 0.09 0.46 0.05 0.08
16 66 52 27 60
0.11 0.63 0.04 0.11 0.1
47 11 40 21 24
0.06 0.32 0.18 0.32 0.12
7 35 0 68 39
0.21 0.17 0.08 0.31 0.23
44 55 32 13 1
0.38 0.19 0.19 0.21 0.03
29 12 64 40 41
0.56 0.05 0.14 0.1 0.17
13 39 3 60 26
0.31 0.12 0.18 0.07 0.32
10 68 21 46 67
0.48 0.19 0.2 0.06 0.07
27 30 42 56 14
0.12 0.2 0.17 0.13 0.37
69 52 0 39 2
0.27 0.08 0.11 0.33 0.22
69 44 63 6 15
0.1 0.58 0.14 0.06 0.12
66 32 43 29 30
0.29 0.2 0.08 0.36 0.08
53 16 63 54 48
0.13 0.08 0.15 0.15 0.5
4 56 15 0 59
0.46 0.13 0.2 0.06 0.15
64 30 63 27 11
0.21 0.19 0.22 0.12 0.26
