#Number of options
70

#Assortments data
45 3 66 51 32
0.21 0.12 0.42 0.04 0.21
57 33 19 64 2
0.42 0.18 0.15 0.14 0.11
1 38 14 57 6
0.05 0.09 0.63 0.21 0.02
31 44 56 10 21
0.07 0.44 0.12 0.17 0.2
18 32 53 3 67
0.24 0.33 0.16 0.19 0.07
35 48 15 11 65
0.12 0.19 0.25 0.14 0.3
30 8 23 26 52
0.26 0.07 0.21 0.32 0.13
66 61 31 38 40
0.52 0.17 0.09 0.16 0.05
43 23 2 49 50
0.08 0.23 0.13 0.32 0.25
34 66 17 62 12
0.12 0.41 0.14 0.26 0.07
32 44 27 25 9
0.16 0.35 0.05 0.35 0.09
11 54 32 36 45
0.15 0.17 0.29 0.09 0.29
40 51 32 25 52
0.05 0.05 0.25 0.53 0.11
9 12 22 44 13
0.09 0.05 0.36 0.36 0.14
68 63 18 27 26
0.21 0.12 0.24 0.1 0.34
16 43 56 21 20
0.13 0.07 0.18 0.29 0.34
39 23 32 11 38
0.23 0.19 0.27 0.14 0.17
20 31 57 27 28
0.28 0.09 0.35 0.07 0.21
16 37 50 33 52
0.14 0.28 0.25 0.2 0.14
27 23 34 55 29
0.06 0.14 0.12 0.3 0.38
