#Number of options
70

#Assortments data
65 14 31 16 24
0.26 0.32 0.06 0.23 0.14
8 56 1 30 69
0.12 0.22 0.17 0.14 0.35
62 1 4 38 30
0.13 0.27 0.28 0.1 0.22
14 66 5 42 23
0.29 0.12 0.2 0.24 0.16
55 27 17 2 4
0.22 0.37 0.09 0.08 0.23
44 60 64 27 46
0.17 0.31 0.09 0.37 0.06
25 3 40 1 10
0.43 0.12 0.08 0.27 0.09
10 25 21 47 54
0.05 0.21 0.18 0.09 0.48
5 7 48 43 4
0.34 0.15 0.11 0.12 0.28
24 7 60 51 9
0.13 0.09 0.22 0.12 0.44
14 2 35 40 38
0.56 0.11 0.13 0.09 0.11
0 11 51 6 65
0.27 0.08 0.19 0.08 0.38
9 51 24 54 8
0.32 0.09 0.09 0.41 0.08
12 65 61 55 37
0.13 0.23 0.46 0.15 0.04
44 2 61 10 31
0.15 0.08 0.63 0.07 0.07
53 55 0 36 31
0.15 0.31 0.33 0.11 0.1
29 25 11 52 9
0.21 0.24 0.05 0.07 0.43
61 66 14 63 15
0.4 0.1 0.24 0.05 0.21
25 50 16 46 14
0.28 0.1 0.24 0.05 0.33
59 27 61 5 48
0.39 0.16 0.29 0.12 0.04
