#Number of options
70

#Assortments data
69 34 38 65 56
0.26 0.14 0.12 0.3 0.18
15 38 25 33 46
0.04 0.04 0.08 0.61 0.23
57 22 15 65 26
0.13 0.47 0.08 0.2 0.12
58 26 51 15 44
0.1 0.11 0.39 0.07 0.33
48 50 40 51 20
0.17 0.06 0.27 0.42 0.09
62 68 35 38 4
0.07 0.23 0.51 0.07 0.12
51 33 12 65 49
0.17 0.48 0.06 0.08 0.21
1 57 52 39 15
0.08 0.2 0.32 0.28 0.12
16 40 39 41 42
0.4 0.11 0.07 0.4 0.03
34 17 22 26 58
0.09 0.19 0.48 0.12 0.12
53 1 40 52 12
0.32 0.05 0.27 0.2 0.16
18 3 68 66 36
0.32 0.14 0.15 0.17 0.22
18 46 20 51 53
0.28 0.25 0.05 0.24 0.18
64 58 45 43 11
0.06 0.11 0.09 0.48 0.25
24 56 9 20 3
0.32 0.11 0.28 0.09 0.21
65 2 69 16 37
0.1 0.23 0.08 0.53 0.06
41 8 35 53 27
0.43 0.07 0.22 0.14 0.15
19 6 11 0 1
0.12 0.4 0.33 0.09 0.06
7 24 3 12 69
0.37 0.24 0.16 0.11 0.11
57 62 60 20 16
0.07 0.04 0.27 0.05 0.57
