#Number of options
70

#Assortments data
30 65 16 45 67
0.09 0.27 0.41 0.13 0.1
59 14 2 6 69
0.07 0.33 0.36 0.13 0.11
44 9 2 22 58
0.19 0.09 0.29 0.16 0.26
60 43 39 16 55
0.06 0.39 0.06 0.23 0.26
65 43 59 0 50
0.23 0.58 0.08 0.04 0.06
18 51 43 0 1
0.25 0.19 0.51 0.04 0.02
39 60 52 14 34
0.11 0.12 0.16 0.47 0.14
17 47 22 39 65
0.71 0.03 0.1 0.04 0.12
33 20 57 6 14
0.23 0.14 0.23 0.12 0.29
52 44 51 50 30
0.16 0.35 0.3 0.08 0.11
25 54 35 57 22
0.12 0.08 0.45 0.2 0.15
2 61 63 62 29
0.19 0.08 0.49 0.06 0.18
41 2 52 21 30
0.3 0.39 0.12 0.11 0.08
57 28 38 54 44
0.25 0.13 0.29 0.1 0.23
5 6 26 23 47
0.13 0.2 0.46 0.12 0.09
68 15 38 50 30
0.52 0.11 0.26 0.05 0.06
29 68 2 54 40
0.2 0.34 0.2 0.06 0.21
20 15 0 61 38
0.2 0.17 0.05 0.2 0.38
52 3 6 44 66
0.08 0.35 0.09 0.17 0.31
30 48 16 34 38
0.07 0.29 0.29 0.08 0.27
