#Number of options
70

#Assortments data
45 46 1 49 2
0.17 0.08 0.09 0.51 0.15
35 67 10 42 44
0.11 0.05 0.24 0.11 0.49
38 4 59 60 6
0.25 0.39 0.16 0.14 0.06
4 56 3 52 15
0.32 0.13 0.38 0.04 0.13
7 41 4 46 68
0.22 0.2 0.39 0.06 0.14
18 8 15 19 31
0.38 0.07 0.22 0.13 0.2
3 34 65 42 16
0.44 0.19 0.12 0.13 0.12
32 34 3 18 44
0.09 0.12 0.28 0.16 0.35
42 67 60 40 14
0.13 0.05 0.13 0.12 0.57
27 4 63 59 28
0.09 0.33 0.16 0.14 0.28
0 39 62 29 40
0.05 0.16 0.19 0.46 0.14
39 42 60 6 16
0.24 0.22 0.23 0.1 0.21
32 51 55 26 5
0.12 0.07 0.23 0.42 0.15
15 10 41 67 58
0.19 0.33 0.23 0.07 0.18
58 55 31 51 27
0.2 0.36 0.19 0.11 0.14
33 13 66 19 28
0.09 0.42 0.26 0.05 0.18
56 38 57 32 17
0.13 0.21 0.25 0.13 0.27
67 9 39 49 54
0.08 0.12 0.21 0.47 0.13
11 19 55 34 69
0.15 0.09 0.26 0.2 0.3
22 54 16 39 3
0.3 0.08 0.11 0.12 0.39
