#Number of options
70

#Assortments data
63 28 42 25 14
0.1 0.47 0.09 0.16 0.18
63 5 41 15 26
0.22 0.2 0.26 0.19 0.13
20 43 42 54 31
0.15 0.21 0.18 0.33 0.13
11 19 34 25 15
0.13 0.17 0.08 0.41 0.21
34 58 29 43 63
0.08 0.12 0.29 0.27 0.24
24 42 3 46 16
0.39 0.18 0.18 0.07 0.18
45 54 0 20 3
0.35 0.27 0.12 0.12 0.15
2 30 62 48 66
0.13 0.13 0.15 0.18 0.41
23 45 5 50 13
0.17 0.32 0.13 0.09 0.3
68 43 12 5 60
0.08 0.22 0.27 0.18 0.25
51 21 65 63 2
0.19 0.26 0.31 0.15 0.08
69 9 14 45 67
0.25 0.26 0.18 0.22 0.09
66 37 23 24 56
0.27 0.08 0.2 0.34 0.11
17 14 31 6 52
0.15 0.35 0.13 0.09 0.29
55 9 51 26 1
0.14 0.47 0.22 0.1 0.07
45 54 33 11 0
0.34 0.27 0.2 0.08 0.12
59 3 67 15 12
0.42 0.14 0.13 0.12 0.2
35 27 38 32 18
0.13 0.22 0.05 0.08 0.52
23 11 41 69 36
0.2 0.08 0.19 0.4 0.13
16 7 57 50 32
0.29 0.14 0.21 0.18 0.18
