#Number of options
70

#Assortments data
35 7 43 25 62
0.17 0.13 0.21 0.32 0.17
63 56 48 54 23
0.15 0.15 0.11 0.43 0.15
31 38 8 44 67
0.05 0.04 0.48 0.08 0.35
29 64 36 9 53
0.13 0.03 0.2 0.54 0.1
6 25 31 52 51
0.09 0.22 0.07 0.45 0.17
59 53 7 23 12
0.16 0.08 0.06 0.09 0.61
36 56 11 31 44
0.41 0.21 0.08 0.11 0.19
56 60 41 6 4
0.1 0.56 0.2 0.07 0.08
59 18 67 55 42
0.17 0.33 0.35 0.07 0.09
69 38 15 8 7
0.29 0.04 0.16 0.46 0.06
34 22 21 31 68
0.06 0.56 0.16 0.13 0.09
25 13 39 7 55
0.12 0.08 0.7 0.05 0.05
20 10 23 50 27
0.06 0.05 0.1 0.04 0.76
1 37 46 64 21
0.29 0.08 0.4 0.06 0.16
36 40 59 68 49
0.25 0.19 0.24 0.05 0.28
64 17 6 38 49
0.06 0.16 0.16 0.11 0.51
12 27 3 36 1
0.36 0.39 0.08 0.1 0.06
39 32 43 57 53
0.76 0.03 0.08 0.05 0.07
19 64 9 33 51
0.07 0.02 0.48 0.3 0.12
44 47 59 28 56
0.08 0.42 0.17 0.22 0.09
