#Number of options
70

#Assortments data
9 21 57 51 63
0.08 0.13 0.26 0.14 0.38
42 41 62 14 64
0.07 0.3 0.22 0.35 0.07
3 18 43 6 5
0.51 0.08 0.25 0.12 0.05
6 37 55 33 45
0.11 0.58 0.11 0.16 0.04
1 8 55 6 5
0.06 0.09 0.34 0.36 0.15
63 57 4 2 7
0.33 0.22 0.1 0.15 0.2
52 60 31 29 57
0.08 0.11 0.07 0.43 0.31
57 14 30 25 12
0.29 0.27 0.06 0.3 0.08
52 53 34 32 28
0.06 0.47 0.12 0.15 0.2
58 69 3 64 45
0.22 0.08 0.6 0.05 0.05
46 54 43 15 20
0.22 0.07 0.43 0.07 0.2
53 54 0 8 11
0.41 0.04 0.02 0.03 0.51
41 61 14 5 24
0.31 0.15 0.36 0.09 0.1
47 0 10 50 31
0.2 0.08 0.44 0.1 0.18
55 32 14 29 7
0.12 0.15 0.21 0.31 0.2
35 24 69 56 33
0.39 0.1 0.14 0.06 0.31
54 61 62 25 33
0.06 0.13 0.19 0.35 0.27
63 37 23 41 52
0.25 0.49 0.07 0.14 0.04
15 45 9 29 43
0.06 0.06 0.09 0.41 0.37
69 47 46 0 15
0.23 0.16 0.4 0.07 0.14
