#Number of options
70

#Assortments data
20 42 9 38 62
0.31 0.16 0.04 0.18 0.31
2 25 52 8 39
0.12 0.56 0.07 0.06 0.19
2 9 67 29 39
0.14 0.16 0.07 0.4 0.23
15 20 38 8 56
0.24 0.32 0.19 0.02 0.23
41 45 13 69 10
0.05 0.12 0.22 0.07 0.53
8 50 9 47 3
0.03 0.76 0.06 0.04 0.12
27 17 64 65 21
0.03 0.06 0.69 0.04 0.18
17 40 57 68 0
0.2 0.08 0.45 0.22 0.05
5 36 15 25 41
0.4 0.02 0.3 0.23 0.06
52 35 61 7 50
0.03 0.1 0.14 0.05 0.69
30 55 34 9 26
0.3 0.29 0.3 0.03 0.08
15 46 68 27 30
0.31 0.03 0.1 0.05 0.51
22 13 53 15 52
0.21 0.28 0.14 0.34 0.03
63 56 9 44 39
0.11 0.43 0.08 0.26 0.12
8 44 69 10 49
0.03 0.18 0.08 0.63 0.08
52 16 35 46 51
0.11 0.24 0.38 0.13 0.14
1 12 13 43 54
0.06 0.1 0.5 0.11 0.23
41 52 22 9 15
0.09 0.04 0.3 0.08 0.48
5 11 56 25 1
0.39 0.08 0.28 0.22 0.03
49 3 62 37 7
0.1 0.16 0.52 0.16 0.06
