#Number of options
70

#Assortments data
48 40 66 11 0
0.33 0.11 0.33 0.17 0.06
43 66 24 18 50
0.08 0.38 0.08 0.3 0.16
25 50 65 48 57
0.31 0.1 0.14 0.24 0.21
48 7 45 17 37
0.32 0.08 0.28 0.12 0.2
6 54 47 5 35
0.06 0.23 0.06 0.52 0.12
25 24 4 56 40
0.33 0.06 0.39 0.13 0.09
56 50 59 45 30
0.16 0.13 0.31 0.27 0.13
63 27 2 12 33
0.36 0.12 0.11 0.12 0.29
31 28 60 19 26
0.13 0.25 0.11 0.29 0.22
38 3 44 52 37
0.11 0.13 0.53 0.06 0.16
55 59 36 20 45
0.36 0.18 0.04 0.25 0.16
48 61 11 5 30
0.27 0.14 0.14 0.33 0.12
51 66 29 64 8
0.05 0.29 0.48 0.11 0.07
66 27 17 50 35
0.43 0.11 0.15 0.18 0.12
37 52 10 32 46
0.29 0.11 0.32 0.19 0.1
4 6 63 1 15
0.43 0.04 0.22 0.04 0.27
29 19 20 6 8
0.4 0.19 0.32 0.03 0.05
61 51 18 69 34
0.17 0.06 0.28 0.3 0.2
48 23 65 32 1
0.37 0.22 0.21 0.15 0.05
45 2 4 59 50
0.22 0.06 0.37 0.25 0.11
