#Number of options
70

#Assortments data
39 49 63 57 52
0.16 0.29 0.19 0.09 0.27
15 16 63 23 4
0.08 0.53 0.18 0.12 0.1
33 30 20 52 5
0.46 0.09 0.05 0.3 0.09
24 43 7 9 37
0.26 0.27 0.23 0.13 0.11
34 35 38 17 0
0.06 0.63 0.07 0.17 0.07
41 64 45 43 36
0.54 0.02 0.04 0.24 0.16
4 48 31 24 5
0.14 0.2 0.05 0.5 0.11
42 23 6 57 63
0.11 0.21 0.2 0.15 0.32
67 38 13 5 21
0.4 0.07 0.35 0.1 0.07
40 36 8 35 29
0.23 0.17 0.1 0.38 0.12
19 53 12 3 21
0.09 0.35 0.17 0.32 0.08
26 41 22 68 54
0.07 0.55 0.21 0.12 0.05
38 68 24 51 35
0.04 0.12 0.24 0.24 0.36
25 40 14 2 8
0.17 0.26 0.15 0.31 0.11
23 60 9 12 41
0.08 0.19 0.11 0.08 0.53
37 11 13 68 33
0.13 0.13 0.24 0.15 0.35
23 50 7 37 41
0.09 0.03 0.22 0.1 0.56
5 9 7 41 13
0.05 0.1 0.19 0.49 0.17
26 69 57 25 11
0.14 0.28 0.11 0.27 0.19
8 18 28 24 58
0.13 0.21 0.24 0.33 0.09
