#Number of options
70

#Assortments data
23 51 10 17 39
0.06 0.1 0.09 0.68 0.08
0 5 66 14 57
0.08 0.11 0.3 0.21 0.3
45 60 44 69 11
0.07 0.07 0.33 0.12 0.41
4 40 13 23 24
0.16 0.29 0.41 0.06 0.09
16 3 67 28 7
0.08 0.48 0.06 0.1 0.29
39 4 67 47 44
0.1 0.23 0.16 0.08 0.43
37 12 48 28 25
0.24 0.08 0.24 0.22 0.21
52 58 26 62 7
0.08 0.22 0.2 0.09 0.41
39 55 63 54 68
0.04 0.16 0.44 0.06 0.3
29 57 6 45 0
0.52 0.22 0.12 0.08 0.06
56 10 44 48 36
0.07 0.12 0.43 0.28 0.11
63 22 29 17 42
0.32 0.12 0.21 0.29 0.05
27 40 12 21 63
0.07 0.23 0.05 0.06 0.58
21 6 55 59 46
0.11 0.15 0.38 0.19 0.17
5 45 67 16 8
0.15 0.14 0.22 0.3 0.19
35 31 51 22 32
0.48 0.08 0.09 0.26 0.09
34 64 19 63 46
0.12 0.04 0.07 0.67 0.11
23 37 19 55 35
0.05 0.18 0.07 0.24 0.46
47 52 44 56 0
0.1 0.19 0.53 0.08 0.1
28 5 9 12 58
0.23 0.1 0.21 0.09 0.37
