#Number of options
70

#Assortments data
29 37 53 69 11
0.3 0.11 0.17 0.36 0.05
66 3 63 27 15
0.11 0.08 0.06 0.64 0.11
14 5 54 65 42
0.2 0.12 0.17 0.34 0.17
20 32 23 25 35
0.15 0.09 0.1 0.25 0.4
18 30 46 8 61
0.2 0.06 0.19 0.27 0.28
19 37 55 49 31
0.1 0.13 0.11 0.63 0.04
68 52 63 65 27
0.05 0.34 0.04 0.18 0.4
40 62 24 1 27
0.11 0.03 0.37 0.05 0.44
37 67 27 4 69
0.04 0.37 0.4 0.06 0.13
8 57 29 41 28
0.22 0.04 0.16 0.29 0.28
6 64 0 23 65
0.22 0.06 0.17 0.07 0.48
59 61 38 62 10
0.21 0.52 0.05 0.1 0.11
31 50 55 65 45
0.04 0.08 0.1 0.55 0.22
16 0 18 5 57
0.38 0.15 0.26 0.15 0.06
6 67 63 22 18
0.12 0.56 0.06 0.1 0.16
11 33 20 61 23
0.05 0.33 0.11 0.43 0.07
34 12 62 56 0
0.04 0.53 0.09 0.17 0.17
32 67 11 33 63
0.04 0.65 0.03 0.21 0.07
65 34 53 30 36
0.36 0.03 0.12 0.07 0.43
2 16 59 3 49
0.25 0.25 0.1 0.08 0.32
