#Number of options
70

#Assortments data
52 4 39 43 56
0.06 0.54 0.08 0.14 0.17
2 18 63 31 0
0.08 0.15 0.43 0.31 0.04
21 49 16 38 52
0.06 0.06 0.12 0.73 0.03
37 52 61 57 14
0.44 0.03 0.07 0.23 0.22
34 62 9 46 33
0.33 0.38 0.06 0.08 0.15
44 16 26 36 18
0.13 0.1 0.66 0.04 0.07
38 0 30 39 41
0.76 0.02 0.09 0.04 0.09
38 51 27 22 50
0.69 0.04 0.05 0.17 0.06
36 38 43 66 50
0.04 0.61 0.05 0.24 0.05
6 29 59 11 7
0.04 0.38 0.09 0.37 0.12
10 66 24 1 14
0.33 0.36 0.03 0.01 0.26
38 44 46 47 0
0.74 0.15 0.04 0.04 0.02
64 2 51 66 63
0.16 0.06 0.05 0.41 0.32
15 32 6 67 50
0.2 0.6 0.06 0.04 0.11
66 51 46 63 64
0.41 0.05 0.06 0.32 0.16
16 37 42 14 6
0.14 0.5 0.08 0.25 0.04
49 16 57 19 17
0.08 0.15 0.29 0.06 0.42
63 62 5 46 56
0.36 0.33 0.11 0.07 0.13
3 36 68 54 10
0.32 0.05 0.34 0.05 0.25
24 51 33 46 64
0.09 0.13 0.27 0.13 0.38
