#Number of options
70

#Assortments data
27 12 57 21 56
0.39 0.26 0.16 0.11 0.08
41 31 21 1 58
0.76 0.05 0.1 0.04 0.05
60 7 11 35 6
0.16 0.28 0.14 0.24 0.18
36 45 39 56 26
0.36 0.11 0.38 0.07 0.08
45 20 4 29 55
0.16 0.18 0.12 0.27 0.26
17 14 31 6 67
0.16 0.24 0.05 0.26 0.29
8 30 41 12 26
0.19 0.05 0.53 0.17 0.06
31 29 24 67 37
0.04 0.15 0.44 0.25 0.11
59 49 12 32 48
0.17 0.35 0.29 0.11 0.09
7 8 46 20 17
0.31 0.2 0.27 0.1 0.12
43 13 41 53 21
0.28 0.13 0.37 0.17 0.05
11 20 50 31 41
0.18 0.11 0.03 0.04 0.64
29 17 39 24 26
0.14 0.12 0.28 0.4 0.06
49 12 51 22 19
0.25 0.2 0.27 0.24 0.05
58 26 17 40 5
0.09 0.14 0.28 0.37 0.12
29 23 55 30 69
0.27 0.15 0.26 0.1 0.21
17 48 44 64 5
0.35 0.16 0.25 0.1 0.15
48 27 5 40 34
0.1 0.48 0.09 0.28 0.06
54 47 55 65 15
0.12 0.28 0.21 0.29 0.1
0 42 29 10 11
0.12 0.12 0.31 0.1 0.35
