#Number of options
70

#Assortments data
8 9 52 2 13
0.08 0.16 0.15 0.28 0.33
17 43 32 42 61
0.62 0.23 0.06 0.03 0.06
16 21 23 45 60
0.36 0.13 0.13 0.15 0.23
45 66 26 11 51
0.05 0.17 0.3 0.41 0.07
52 9 69 53 11
0.05 0.05 0.04 0.59 0.27
5 64 68 57 2
0.06 0.05 0.42 0.28 0.19
45 59 42 49 14
0.11 0.17 0.09 0.24 0.4
48 22 36 9 31
0.37 0.26 0.15 0.13 0.08
0 21 34 50 60
0.12 0.18 0.26 0.12 0.33
59 44 51 25 10
0.14 0.38 0.12 0.25 0.12
52 56 13 55 62
0.17 0.11 0.38 0.22 0.12
41 56 61 46 19
0.35 0.13 0.19 0.22 0.11
34 54 11 37 2
0.07 0.07 0.45 0.26 0.15
50 48 16 29 65
0.04 0.33 0.18 0.27 0.18
26 28 20 22 7
0.31 0.07 0.05 0.16 0.41
13 24 54 45 2
0.31 0.22 0.12 0.09 0.26
67 23 39 8 59
0.3 0.15 0.15 0.14 0.26
64 19 65 26 29
0.05 0.06 0.18 0.45 0.26
19 5 14 8 43
0.07 0.08 0.31 0.07 0.48
9 19 22 28 8
0.2 0.1 0.41 0.18 0.11
