Number of options: 60
Size of codes: 100
27 30 23 24 51 17 37 39 34 4 10 22 29 18 8 26 0 10 38 48 12 24 25 14 19 6 0 55 48 16 32 22 25 26 7 16 35 54 43 47 45 3 42 20 15 38 2 1 40 7 39 34 4 26 10 31 24 41 21 59 34 8 51 1 29 24 36 40 33 44 42 14 43 9 1 19 11 40 25 59 2 8 31 48 3 4 55 43 51 11 9 17 49 16 14 55 18 46 20 25 
Size of probabilities: 100
0.29 0.22 0.07 0.06 0.37 0.08 0.14 0.11 0.15 0.52 0.01 0.41 0.22 0.19 0.17 0.61 0.06 0.03 0.06 0.23 0.21 0.04 0.3 0.17 0.28 0.13 0.06 0.36 0.23 0.21 0.02 0.52 0.09 0.26 0.11 0.17 0.03 0.06 0.27 0.47 0.08 0.35 0.35 0.16 0.06 0.1 0.13 0.11 0.27 0.39 0.1 0.13 0.46 0.29 0.02 0.12 0.06 0.18 0.39 0.25 0.17 0.3 0.11 0.04 0.38 0.02 0.08 0.15 0.21 0.54 0.38 0.13 0.39 0.03 0.08 0.19 0.31 0.17 0.2 0.13 0.07 0.41 0.05 0.19 0.28 0.44 0.17 0.16 0.09 0.14 0.04 0.25 0.17 0.35 0.19 0.23 0.36 0.19 0.1 0.13 
Number of assortments: 20
Sizes of assortments: 5 5 5 5 5 5 5 5 5 5 5 5 5 5 5 5 5 5 5 5 
-------------------Iteration: 1
CPXPARAM_MIP_Display                             1
CPXPARAM_MIP_Strategy_CallbackReducedLP          0
Tried aggregator 1 time.
LP Presolve eliminated 101 rows and 201 columns.
All rows and columns eliminated.
Presolve time = 0.00 sec. (0.04 ticks)
***********************************************************
Objective value of restricted master problem: 31.93
Lamda: 1 
***********************************************************
