Number of options: 60
Size of codes: 100
25 37 38 56 7 46 47 24 34 12 51 5 13 19 36 36 39 22 26 55 2 35 32 18 26 7 11 38 32 45 52 32 3 0 11 41 47 46 22 43 35 17 36 47 10 6 18 41 4 23 23 12 58 42 33 51 9 4 54 3 12 33 25 43 38 12 58 2 18 56 23 41 31 32 53 48 7 42 46 16 21 54 36 42 10 26 40 53 0 46 47 49 17 10 53 26 44 47 32 12 
Size of probabilities: 100
0.08 0.63 0.09 0.12 0.08 0.19 0.4 0.19 0.13 0.09 0.55 0.16 0.1 0.1 0.09 0.11 0.19 0.26 0.36 0.08 0.12 0.07 0.06 0.3 0.44 0.18 0.14 0.19 0.11 0.39 0.17 0.09 0.31 0.31 0.12 0.1 0.22 0.1 0.31 0.27 0.06 0.53 0.12 0.21 0.08 0.27 0.27 0.1 0.33 0.04 0.04 0.06 0.04 0.8 0.07 0.48 0.04 0.23 0.11 0.13 0.09 0.11 0.16 0.46 0.18 0.08 0.06 0.18 0.45 0.23 0.1 0.28 0.2 0.16 0.25 0.13 0.07 0.54 0.07 0.19 0.12 0.13 0.1 0.59 0.07 0.35 0.31 0.08 0.17 0.09 0.19 0.17 0.49 0.07 0.08 0.34 0.4 0.17 0.05 0.04 
Number of assortments: 20
Sizes of assortments: 5 5 5 5 5 5 5 5 5 5 5 5 5 5 5 5 5 5 5 5 
-------------------Iteration: 1
CPXPARAM_MIP_Display                             1
CPXPARAM_MIP_Strategy_CallbackReducedLP          0
Tried aggregator 1 time.
LP Presolve eliminated 101 rows and 201 columns.
All rows and columns eliminated.
Presolve time = 0.00 sec. (0.04 ticks)
***********************************************************
Objective value of restricted master problem: 34.21
Lamda: 1 
***********************************************************
