Number of options: 60
Size of codes: 100
23 15 26 42 21 43 33 54 59 56 50 57 4 16 52 5 38 44 35 22 40 43 10 25 9 58 49 20 12 0 15 23 3 49 18 39 29 8 53 20 59 12 34 55 0 41 23 3 18 50 10 43 11 7 40 47 50 38 58 51 12 22 51 32 26 45 31 26 18 44 15 34 17 47 12 4 11 48 0 5 1 3 39 20 37 40 30 29 55 39 4 51 45 22 29 58 57 8 25 34 
Size of probabilities: 100
0.01 0.06 0.64 0.18 0.1 0.22 0.29 0.1 0.19 0.21 0.16 0.09 0.52 0.17 0.06 0.28 0.03 0.33 0.08 0.28 0.15 0.26 0.02 0.53 0.04 0.16 0.3 0.24 0.17 0.13 0.04 0.01 0.54 0.07 0.34 0.28 0.29 0.24 0.07 0.12 0.18 0.07 0.35 0.34 0.05 0.06 0.01 0.53 0.33 0.07 0.02 0.25 0.28 0.31 0.14 0.42 0.11 0.04 0.06 0.37 0.04 0.26 0.25 0.02 0.42 0.03 0.03 0.37 0.31 0.26 0.06 0.28 0.19 0.41 0.06 0.28 0.16 0.21 0.04 0.31 0.02 0.6 0.15 0.06 0.17 0.11 0.08 0.24 0.33 0.23 0.25 0.28 0.04 0.28 0.16 0.06 0.06 0.19 0.38 0.31 
Number of assortments: 20
Sizes of assortments: 5 5 5 5 5 5 5 5 5 5 5 5 5 5 5 5 5 5 5 5 
-------------------Iteration: 1
CPXPARAM_MIP_Display                             1
CPXPARAM_MIP_Strategy_CallbackReducedLP          0
Tried aggregator 1 time.
LP Presolve eliminated 101 rows and 201 columns.
All rows and columns eliminated.
Presolve time = 0.00 sec. (0.04 ticks)
***********************************************************
Objective value of restricted master problem: 31.62
Lamda: 1 
***********************************************************
