Number of options: 60
Size of codes: 100
48 52 36 15 39 38 57 40 12 32 22 5 46 8 6 48 44 24 30 25 37 12 4 38 57 8 16 3 6 17 0 55 44 17 53 23 31 19 59 14 1 59 28 6 3 59 5 54 28 11 41 20 40 37 8 21 58 10 24 38 34 38 21 1 18 21 36 47 18 4 43 20 49 10 59 8 24 48 59 0 50 33 14 42 57 50 14 40 52 0 53 13 16 21 15 34 3 44 35 23 
Size of probabilities: 100
0.11 0.08 0.17 0.54 0.1 0.06 0.02 0.13 0.75 0.04 0.21 0.11 0.38 0.21 0.09 0.13 0.22 0.05 0.48 0.13 0.18 0.61 0.15 0.05 0.01 0.31 0.33 0.12 0.13 0.11 0.2 0.3 0.2 0.21 0.08 0.03 0.01 0.24 0.08 0.65 0.13 0.24 0.28 0.18 0.16 0.26 0.23 0.04 0.31 0.16 0.03 0.06 0.19 0.33 0.39 0.57 0.07 0.11 0.06 0.19 0.15 0.13 0.39 0.17 0.15 0.26 0.11 0.26 0.1 0.27 0.21 0.11 0.21 0.09 0.39 0.46 0.03 0.09 0.26 0.16 0.02 0.03 0.79 0.15 0.01 0.02 0.82 0.08 0.02 0.06 0.05 0.03 0.38 0.23 0.32 0.22 0.31 0.27 0.05 0.16 
Number of assortments: 20
Sizes of assortments: 5 5 5 5 5 5 5 5 5 5 5 5 5 5 5 5 5 5 5 5 
-------------------Iteration: 1
CPXPARAM_MIP_Display                             1
CPXPARAM_MIP_Strategy_CallbackReducedLP          0
Tried aggregator 1 time.
LP Presolve eliminated 101 rows and 201 columns.
All rows and columns eliminated.
Presolve time = 0.00 sec. (0.04 ticks)
***********************************************************
Objective value of restricted master problem: 29.4
Lamda: 1 
***********************************************************
