Number of options: 60
Size of codes: 100
44 43 54 23 49 43 58 55 30 45 41 3 27 5 51 34 3 7 57 37 10 11 42 53 4 25 30 24 6 41 9 18 54 31 50 39 31 15 36 53 50 29 26 31 25 59 37 40 32 41 27 42 10 23 20 48 54 4 30 28 20 50 30 42 0 42 21 6 51 22 43 12 39 25 58 54 52 6 41 8 10 7 54 55 26 2 26 35 30 42 59 40 35 54 22 4 58 53 27 43 
Size of probabilities: 100
0.12 0.12 0.42 0.02 0.31 0.1 0.79 0.02 0.07 0.02 0.6 0.13 0.02 0.06 0.19 0.07 0.17 0.09 0.6 0.08 0.04 0.05 0.06 0.75 0.09 0.08 0.05 0.55 0.03 0.29 0.05 0.07 0.28 0.41 0.18 0.18 0.36 0.01 0.03 0.42 0.24 0.02 0.09 0.54 0.11 0.22 0.06 0.1 0.05 0.58 0.04 0.14 0.09 0.05 0.68 0.25 0.44 0.09 0.08 0.13 0.33 0.3 0.09 0.07 0.21 0.15 0.16 0.13 0.38 0.18 0.08 0.01 0.2 0.08 0.64 0.41 0.05 0.05 0.45 0.04 0.06 0.09 0.66 0.04 0.16 0.37 0.09 0.43 0.07 0.05 0.14 0.06 0.4 0.34 0.06 0.05 0.51 0.38 0.01 0.06 
Number of assortments: 20
Sizes of assortments: 5 5 5 5 5 5 5 5 5 5 5 5 5 5 5 5 5 5 5 5 
-------------------Iteration: 1
CPXPARAM_MIP_Display                             1
CPXPARAM_MIP_Strategy_CallbackReducedLP          0
Tried aggregator 1 time.
LP Presolve eliminated 101 rows and 201 columns.
All rows and columns eliminated.
Presolve time = 0.00 sec. (0.04 ticks)
***********************************************************
Objective value of restricted master problem: 36.26
Lamda: 1 
***********************************************************
