#Number of options
60

#Assortments data
21 15 17 31 37
0.27 0.07 0.3 0.03 0.33
10 50 39 8 52
0.07 0.12 0.26 0.33 0.22
11 38 21 0 41
0.15 0.12 0.41 0.19 0.13
52 34 51 15 6
0.14 0.08 0.49 0.08 0.2
37 20 47 36 35
0.43 0.12 0.18 0.22 0.06
31 5 56 47 1
0.05 0.44 0.13 0.23 0.16
21 40 43 25 36
0.23 0.26 0.27 0.08 0.15
20 18 17 32 30
0.1 0.27 0.34 0.09 0.19
53 12 20 41 56
0.17 0.18 0.23 0.21 0.2
59 0 26 37 30
0.24 0.11 0.2 0.29 0.15
37 57 1 43 29
0.35 0.09 0.11 0.32 0.13
6 27 24 23 16
0.23 0.29 0.1 0.03 0.35
34 3 37 22 9
0.07 0.17 0.33 0.32 0.12
12 5 14 40 22
0.07 0.26 0.1 0.28 0.3
38 8 0 40 4
0.07 0.18 0.12 0.29 0.33
5 0 57 31 1
0.45 0.2 0.14 0.05 0.16
55 57 48 43 5
0.09 0.1 0.12 0.37 0.32
50 28 35 58 13
0.11 0.56 0.07 0.07 0.19
13 58 55 1 14
0.26 0.09 0.17 0.23 0.24
43 49 25 28 30
0.28 0.16 0.09 0.31 0.16
