#Number of options
60

#Assortments data
38 2 39 24 19
0.63 0.1 0.08 0.07 0.11
9 3 2 26 37
0.5 0.05 0.1 0.11 0.24
46 0 44 35 57
0.2 0.38 0.15 0.1 0.16
2 58 13 12 4
0.18 0.08 0.4 0.13 0.21
56 6 32 16 9
0.05 0.19 0.37 0.1 0.29
20 6 36 9 47
0.08 0.24 0.25 0.36 0.07
18 15 56 16 26
0.13 0.24 0.15 0.29 0.19
43 16 5 11 44
0.35 0.28 0.2 0.04 0.13
44 8 30 20 35
0.12 0.06 0.55 0.18 0.08
41 30 2 55 23
0.08 0.35 0.09 0.05 0.43
47 25 44 57 56
0.24 0.13 0.19 0.21 0.22
36 23 51 16 50
0.3 0.37 0.14 0.15 0.03
43 30 19 46 24
0.25 0.42 0.13 0.12 0.08
40 55 32 27 39
0.18 0.04 0.55 0.15 0.07
17 23 36 52 27
0.09 0.2 0.16 0.47 0.08
54 13 31 14 32
0.09 0.2 0.06 0.07 0.58
10 29 1 12 19
0.14 0.05 0.73 0.03 0.05
28 55 0 4 8
0.24 0.09 0.38 0.21 0.07
55 43 30 14 21
0.04 0.17 0.28 0.06 0.45
23 4 7 20 16
0.48 0.13 0.07 0.13 0.19
