#Number of options
60

#Assortments data
55 11 42 43 22
0.06 0.07 0.39 0.38 0.1
41 19 26 9 8
0.11 0.13 0.51 0.08 0.18
58 42 29 39 28
0.03 0.36 0.12 0.1 0.38
43 58 34 51 54
0.42 0.04 0.07 0.39 0.08
4 25 9 22 8
0.26 0.25 0.08 0.23 0.18
51 43 50 48 54
0.37 0.4 0.09 0.06 0.08
23 19 45 50 40
0.07 0.14 0.13 0.22 0.45
29 16 20 13 30
0.21 0.15 0.13 0.17 0.33
9 36 38 39 32
0.09 0.31 0.16 0.29 0.15
54 56 6 15 21
0.16 0.17 0.25 0.11 0.3
22 21 55 8 50
0.21 0.3 0.13 0.16 0.19
34 16 13 21 56
0.13 0.2 0.21 0.29 0.16
39 50 19 9 36
0.27 0.22 0.14 0.08 0.29
4 33 2 22 13
0.28 0.07 0.16 0.24 0.25
6 34 3 23 20
0.25 0.13 0.38 0.06 0.17
49 50 26 53 19
0.23 0.17 0.41 0.08 0.1
31 26 16 9 46
0.09 0.49 0.21 0.08 0.13
25 18 27 17 0
0.16 0.3 0.15 0.28 0.12
37 45 22 9 23
0.52 0.12 0.22 0.08 0.07
7 28 56 0 25
0.15 0.51 0.1 0.1 0.14
