#Number of options
60

#Assortments data
15 29 53 57 34
0.52 0.26 0.06 0.07 0.09
24 48 11 40 28
0.08 0.05 0.06 0.53 0.27
51 58 28 10 34
0.4 0.03 0.27 0.22 0.08
23 9 51 53 42
0.13 0.16 0.4 0.06 0.26
20 38 41 34 53
0.3 0.37 0.11 0.13 0.09
22 8 56 50 37
0.14 0.15 0.11 0.05 0.55
23 50 31 43 11
0.21 0.09 0.12 0.47 0.1
44 21 9 29 22
0.22 0.37 0.11 0.18 0.11
27 51 50 12 14
0.48 0.22 0.03 0.11 0.16
6 30 18 56 11
0.45 0.41 0.06 0.06 0.02
10 37 52 41 32
0.16 0.48 0.2 0.05 0.11
13 33 51 29 46
0.13 0.07 0.33 0.21 0.27
9 15 42 30 51
0.07 0.22 0.11 0.43 0.17
6 45 19 40 16
0.24 0.38 0.08 0.12 0.19
50 45 8 16 11
0.02 0.59 0.06 0.31 0.02
51 16 31 47 17
0.23 0.51 0.04 0.1 0.12
38 36 8 13 56
0.22 0.33 0.17 0.15 0.13
8 28 47 11 30
0.11 0.16 0.1 0.04 0.59
39 14 56 8 15
0.14 0.23 0.1 0.14 0.39
0 25 37 18 31
0.19 0.05 0.57 0.13 0.07
