#Number of options
60

#Assortments data
15 39 17 8 34
0.06 0.31 0.51 0.07 0.05
52 35 10 58 39
0.22 0.12 0.12 0.11 0.43
56 43 11 21 37
0.2 0.33 0.04 0.21 0.21
14 50 21 30 34
0.13 0.1 0.35 0.35 0.07
0 40 6 3 57
0.14 0.48 0.15 0.17 0.07
39 35 14 30 51
0.28 0.07 0.08 0.22 0.34
45 50 5 20 44
0.16 0.08 0.26 0.21 0.3
39 9 48 51 29
0.27 0.18 0.09 0.33 0.12
35 26 59 29 37
0.08 0.23 0.34 0.13 0.23
36 14 22 37 32
0.27 0.11 0.2 0.3 0.12
4 51 14 55 2
0.16 0.49 0.12 0.14 0.09
50 15 56 0 24
0.11 0.1 0.35 0.3 0.14
37 28 50 57 38
0.32 0.31 0.09 0.12 0.16
6 49 33 36 27
0.24 0.29 0.05 0.25 0.17
13 39 31 26 23
0.18 0.38 0.06 0.3 0.08
39 13 57 23 8
0.45 0.21 0.14 0.09 0.11
28 21 57 22 7
0.29 0.3 0.12 0.2 0.08
12 19 11 22 58
0.12 0.21 0.12 0.37 0.18
12 6 47 21 54
0.06 0.22 0.22 0.26 0.24
56 36 4 29 11
0.3 0.29 0.17 0.18 0.07
