#Number of options
60

#Assortments data
48 52 36 15 39
0.11 0.08 0.17 0.54 0.1
38 57 40 12 32
0.06 0.02 0.13 0.75 0.04
22 5 46 8 6
0.21 0.11 0.38 0.21 0.09
48 44 24 30 25
0.13 0.22 0.05 0.48 0.13
37 12 4 38 57
0.18 0.61 0.15 0.05 0.01
8 16 3 6 17
0.31 0.33 0.12 0.13 0.11
0 55 44 17 53
0.2 0.3 0.2 0.21 0.08
23 31 19 59 14
0.03 0.01 0.24 0.08 0.65
1 59 28 6 3
0.13 0.24 0.28 0.18 0.16
59 5 54 28 11
0.26 0.23 0.04 0.31 0.16
41 20 40 37 8
0.03 0.06 0.19 0.33 0.39
21 58 10 24 38
0.57 0.07 0.11 0.06 0.19
34 38 21 1 18
0.15 0.13 0.39 0.17 0.15
21 36 47 18 4
0.26 0.11 0.26 0.1 0.27
43 20 49 10 59
0.21 0.11 0.21 0.09 0.39
8 24 48 59 0
0.46 0.03 0.09 0.26 0.16
50 33 14 42 57
0.02 0.03 0.79 0.15 0.01
50 14 40 52 0
0.02 0.82 0.08 0.02 0.06
53 13 16 21 15
0.05 0.03 0.38 0.23 0.32
34 3 44 35 23
0.22 0.31 0.27 0.05 0.16
