#Number of options
60

#Assortments data
42 9 54 33 34
0.45 0.21 0.22 0.04 0.08
30 58 59 13 46
0.22 0.1 0.47 0.13 0.08
44 55 17 23 56
0.15 0.07 0.51 0.09 0.18
43 31 27 37 24
0.4 0.07 0.2 0.27 0.07
7 20 40 0 28
0.06 0.17 0.37 0.25 0.14
5 56 53 28 11
0.31 0.22 0.12 0.25 0.09
7 54 5 46 26
0.11 0.26 0.35 0.1 0.18
43 53 11 5 40
0.24 0.08 0.06 0.2 0.42
42 58 40 51 14
0.3 0.07 0.39 0.19 0.05
4 19 0 52 3
0.11 0.06 0.44 0.18 0.22
7 45 56 13 14
0.14 0.26 0.3 0.19 0.11
50 57 0 28 6
0.12 0.07 0.43 0.25 0.13
4 19 27 0 22
0.11 0.05 0.18 0.43 0.23
17 49 12 45 48
0.49 0.24 0.03 0.16 0.08
51 27 50 12 26
0.39 0.22 0.15 0.05 0.19
4 44 12 50 47
0.16 0.28 0.06 0.18 0.31
16 46 5 29 48
0.15 0.12 0.4 0.21 0.12
2 35 39 19 52
0.24 0.11 0.32 0.08 0.26
46 37 12 57 55
0.17 0.46 0.08 0.13 0.16
39 51 45 52 44
0.2 0.29 0.18 0.16 0.17
