#Number of options
60

#Assortments data
14 48 51 41 20
0.01 0.12 0.11 0.42 0.32
28 56 57 33 59
0.09 0.36 0.37 0.04 0.14
28 14 25 23 19
0.42 0.07 0.37 0.1 0.05
15 28 7 4 14
0.04 0.4 0.27 0.22 0.06
24 27 35 25 58
0.22 0.02 0.52 0.08 0.17
39 17 0 1 26
0.51 0.13 0.13 0.06 0.17
18 55 4 52 46
0.43 0.2 0.19 0.12 0.05
8 27 29 44 40
0.1 0.08 0.18 0.35 0.28
44 29 8 42 19
0.32 0.17 0.1 0.36 0.05
58 35 5 18 39
0.15 0.45 0.08 0.1 0.23
57 31 4 47 8
0.42 0.44 0.06 0.05 0.02
49 12 19 8 56
0.37 0.01 0.02 0.03 0.56
13 41 11 29 1
0.25 0.58 0.09 0.05 0.04
1 5 12 17 30
0.13 0.39 0.04 0.3 0.13
4 19 30 23 1
0.36 0.07 0.21 0.15 0.21
11 52 46 59 53
0.13 0.07 0.03 0.28 0.49
45 38 23 35 1
0.05 0.05 0.03 0.82 0.05
46 43 33 21 15
0.07 0.52 0.22 0.14 0.05
6 36 34 15 27
0.16 0.3 0.36 0.06 0.11
10 23 44 13 30
0.07 0.06 0.22 0.57 0.09
