#Number of options
60

#Assortments data
49 27 37 34 39
0.12 0.08 0.2 0.46 0.14
3 30 12 38 53
0.55 0.14 0.09 0.03 0.2
6 30 17 52 51
0.1 0.19 0.24 0.09 0.38
44 56 18 53 52
0.33 0.18 0.32 0.13 0.04
17 4 27 31 22
0.14 0.4 0.1 0.08 0.28
7 49 53 41 59
0.46 0.14 0.12 0.16 0.12
52 9 11 29 31
0.06 0.05 0.57 0.22 0.1
57 35 11 31 28
0.12 0.1 0.54 0.1 0.15
47 10 50 21 35
0.4 0.02 0.29 0.16 0.13
49 29 1 21 55
0.22 0.23 0.04 0.13 0.39
58 13 29 37 22
0.05 0.09 0.2 0.32 0.33
13 32 5 29 19
0.11 0.03 0.45 0.26 0.15
59 21 56 31 47
0.18 0.13 0.27 0.1 0.32
17 13 47 38 55
0.17 0.09 0.32 0.03 0.38
3 29 23 18 5
0.32 0.14 0.01 0.29 0.24
28 30 18 35 48
0.11 0.1 0.36 0.08 0.36
17 52 42 29 34
0.12 0.04 0.15 0.15 0.53
28 11 20 53 7
0.09 0.32 0.1 0.11 0.39
2 52 55 50 51
0.14 0.06 0.34 0.21 0.25
21 40 15 3 41
0.1 0.19 0.07 0.43 0.2
