#Number of options
60

#Assortments data
20 49 58 41 25
0.36 0.13 0.22 0.24 0.06
28 39 50 22 42
0.15 0.24 0.44 0.05 0.11
21 58 36 52 43
0.06 0.46 0.09 0.13 0.26
2 56 29 33 13
0.44 0.34 0.01 0.03 0.17
35 18 13 39 21
0.45 0.1 0.25 0.17 0.03
42 55 57 21 41
0.08 0.05 0.63 0.03 0.22
1 50 27 35 25
0.04 0.37 0.01 0.51 0.07
38 41 17 16 45
0.07 0.65 0.19 0.04 0.05
3 10 33 17 6
0.28 0.07 0.2 0.27 0.17
45 41 18 31 42
0.02 0.31 0.13 0.43 0.11
34 13 22 4 44
0.11 0.5 0.08 0.1 0.21
9 56 59 16 23
0.11 0.71 0.11 0.02 0.04
55 17 8 51 19
0.23 0.3 0.1 0.26 0.11
20 44 11 24 3
0.43 0.12 0.05 0.31 0.08
43 12 9 13 46
0.25 0.03 0.16 0.51 0.05
6 48 4 39 35
0.04 0.28 0.05 0.17 0.45
22 39 54 5 33
0.05 0.24 0.54 0.09 0.07
56 30 45 18 55
0.7 0.06 0.03 0.14 0.07
7 27 39 53 40
0.07 0.01 0.16 0.67 0.09
51 18 59 8 25
0.18 0.31 0.24 0.07 0.19
