#Number of options
60

#Assortments data
34 49 58 20 7
0.22 0.16 0.05 0.13 0.43
7 57 43 41 19
0.37 0.14 0.28 0.13 0.08
13 42 7 28 27
0.16 0.11 0.5 0.17 0.05
18 0 3 55 38
0.33 0.04 0.43 0.17 0.03
11 56 0 44 1
0.49 0.13 0.05 0.3 0.03
19 32 9 18 6
0.18 0.04 0.07 0.65 0.07
41 15 37 16 29
0.23 0.04 0.33 0.09 0.31
17 29 57 58 46
0.28 0.29 0.24 0.07 0.13
47 56 45 44 26
0.19 0.15 0.09 0.34 0.24
21 27 7 47 55
0.05 0.05 0.51 0.18 0.21
11 45 34 15 3
0.37 0.06 0.18 0.02 0.37
12 2 52 49 55
0.06 0.25 0.05 0.31 0.34
38 12 11 26 56
0.03 0.04 0.54 0.24 0.14
33 2 51 28 10
0.43 0.17 0.19 0.19 0.02
57 53 8 2 10
0.25 0.24 0.29 0.19 0.03
24 23 38 3 1
0.13 0.02 0.04 0.75 0.05
0 48 53 15 37
0.05 0.51 0.18 0.03 0.23
25 59 22 37 35
0.52 0.07 0.16 0.17 0.08
41 54 56 2 34
0.21 0.12 0.17 0.19 0.32
17 9 43 53 4
0.22 0.04 0.36 0.18 0.19
