#Number of options
60

#Assortments data
49 36 2 50 47
0.09 0.73 0.06 0.04 0.08
48 46 43 10 39
0.05 0.08 0.14 0.53 0.2
59 53 12 16 9
0.12 0.04 0.03 0.08 0.72
37 29 36 53 17
0.16 0.07 0.56 0.04 0.18
21 42 14 48 57
0.48 0.28 0.1 0.04 0.1
1 0 59 39 58
0.35 0.28 0.14 0.14 0.09
21 4 53 16 57
0.57 0.13 0.06 0.12 0.12
31 19 10 5 38
0.04 0.06 0.39 0.07 0.43
51 7 47 59 20
0.22 0.09 0.13 0.24 0.31
31 10 28 41 30
0.05 0.45 0.26 0.08 0.16
20 13 1 27 4
0.21 0.16 0.42 0.09 0.12
31 11 8 46 52
0.05 0.04 0.07 0.06 0.78
12 52 9 58 32
0.02 0.32 0.37 0.04 0.26
28 20 25 46 6
0.32 0.26 0.04 0.08 0.31
41 53 47 48 50
0.25 0.18 0.29 0.13 0.15
25 6 39 40 33
0.04 0.36 0.24 0.31 0.04
2 42 46 22 21
0.07 0.28 0.06 0.09 0.5
10 58 18 24 45
0.47 0.11 0.09 0.07 0.26
37 33 11 35 58
0.49 0.06 0.09 0.13 0.23
25 1 36 44 12
0.02 0.29 0.55 0.11 0.03
