#Number of options
60

#Assortments data
8 40 0 47 35
0.18 0.39 0.22 0.15 0.06
31 18 41 37 30
0.03 0.24 0.05 0.19 0.5
5 36 7 20 34
0.16 0.44 0.13 0.19 0.07
49 11 8 20 4
0.24 0.08 0.24 0.25 0.2
19 34 24 38 51
0.13 0.06 0.05 0.38 0.37
26 4 3 33 38
0.15 0.16 0.11 0.1 0.49
42 34 19 59 35
0.27 0.08 0.17 0.41 0.07
48 47 45 28 4
0.03 0.1 0.59 0.18 0.1
22 41 26 18 54
0.2 0.08 0.19 0.44 0.09
16 35 21 20 33
0.18 0.03 0.66 0.09 0.04
50 47 24 34 19
0.1 0.31 0.13 0.15 0.31
47 48 33 32 16
0.17 0.06 0.1 0.22 0.45
5 19 23 58 38
0.14 0.15 0.25 0.03 0.42
40 34 42 11 22
0.44 0.08 0.27 0.06 0.15
43 53 7 55 4
0.27 0.08 0.22 0.16 0.26
18 30 49 16 2
0.19 0.4 0.11 0.25 0.05
50 28 34 39 21
0.02 0.14 0.03 0.09 0.71
45 11 53 13 22
0.7 0.04 0.04 0.12 0.1
26 58 1 47 57
0.13 0.04 0.63 0.15 0.05
25 52 54 0 59
0.06 0.27 0.07 0.23 0.37
