#Number of options
60

#Assortments data
43 19 32 51 14
0.06 0.3 0.06 0.14 0.44
43 18 3 8 46
0.11 0.17 0.14 0.13 0.44
47 38 6 20 52
0.19 0.21 0.39 0.06 0.15
50 9 52 4 18
0.04 0.17 0.19 0.33 0.27
55 21 27 41 49
0.03 0.19 0.72 0.03 0.03
14 2 5 30 29
0.45 0.01 0.2 0.25 0.09
40 37 8 58 34
0.3 0.4 0.14 0.04 0.12
13 14 50 52 8
0.08 0.68 0.02 0.1 0.11
23 56 30 16 59
0.06 0.04 0.23 0.6 0.07
29 3 46 7 26
0.16 0.14 0.44 0.11 0.15
51 26 12 34 36
0.19 0.11 0.4 0.08 0.23
31 42 22 43 9
0.04 0.45 0.23 0.14 0.13
3 57 35 19 46
0.12 0.02 0.02 0.47 0.37
10 18 57 35 54
0.15 0.57 0.09 0.06 0.13
14 20 45 9 27
0.26 0.02 0.25 0.03 0.44
15 36 26 57 21
0.46 0.2 0.09 0.02 0.23
6 49 40 36 17
0.3 0.05 0.25 0.28 0.13
51 39 17 18 7
0.36 0.08 0.19 0.23 0.14
24 42 57 45 0
0.03 0.29 0.02 0.6 0.05
15 14 7 51 8
0.36 0.4 0.05 0.13 0.06
