#Number of options
60

#Assortments data
22 39 33 43 30
0.07 0.18 0.03 0.12 0.59
17 30 47 44 41
0.28 0.44 0.09 0.16 0.04
59 13 46 4 29
0.5 0.09 0.11 0.21 0.09
37 30 45 29 14
0.22 0.33 0.35 0.04 0.06
40 22 14 35 13
0.43 0.12 0.2 0.1 0.15
36 50 16 1 32
0.36 0.02 0.23 0.22 0.17
14 54 37 15 7
0.13 0.13 0.47 0.21 0.05
57 1 19 59 49
0.05 0.32 0.11 0.42 0.1
29 30 7 3 48
0.09 0.68 0.05 0.08 0.1
33 54 48 49 52
0.06 0.22 0.17 0.19 0.35
17 58 46 26 2
0.48 0.06 0.13 0.27 0.06
27 20 42 45 51
0.15 0.06 0.19 0.43 0.16
9 10 37 43 27
0.1 0.19 0.38 0.12 0.2
42 26 47 39 8
0.32 0.24 0.14 0.2 0.1
35 18 20 26 7
0.12 0.18 0.18 0.43 0.09
27 32 59 2 8
0.21 0.25 0.42 0.05 0.08
22 23 42 18 28
0.1 0.16 0.39 0.12 0.23
50 34 53 24 58
0.13 0.24 0.14 0.3 0.18
13 3 39 6 34
0.08 0.07 0.17 0.63 0.06
41 7 51 18 42
0.09 0.06 0.34 0.12 0.39
