#Number of options
60

#Assortments data
57 50 48 46 26
0.32 0.38 0.2 0.02 0.08
17 24 21 54 50
0.08 0.13 0.03 0.23 0.54
21 35 18 54 5
0.04 0.29 0.2 0.35 0.11
56 2 29 53 18
0.23 0.2 0.07 0.36 0.14
30 8 16 2 24
0.12 0.09 0.08 0.43 0.28
20 40 29 9 47
0.51 0.15 0.1 0.08 0.16
9 19 5 37 54
0.11 0.04 0.15 0.23 0.47
2 56 52 8 23
0.39 0.45 0.06 0.08 0.02
45 2 19 38 25
0.05 0.45 0.05 0.07 0.38
9 56 38 52 14
0.15 0.64 0.08 0.09 0.04
30 23 45 9 22
0.25 0.06 0.11 0.25 0.34
49 2 4 13 42
0.44 0.2 0.07 0.19 0.1
11 56 17 13 59
0.14 0.29 0.11 0.24 0.22
35 7 0 8 51
0.28 0.29 0.14 0.06 0.23
4 7 50 16 15
0.08 0.23 0.63 0.04 0.02
30 41 12 32 14
0.14 0.75 0.03 0.04 0.04
37 18 28 56 31
0.15 0.18 0.11 0.31 0.24
31 35 28 21 27
0.34 0.38 0.15 0.05 0.07
17 15 31 41 25
0.11 0.02 0.24 0.41 0.22
10 43 29 44 11
0.06 0.33 0.14 0.23 0.24
