#Number of options
60

#Assortments data
47 4 12 8 42
0.11 0.09 0.68 0.07 0.05
36 55 32 53 29
0.18 0.16 0.07 0.03 0.57
28 22 25 14 45
0.07 0.14 0.04 0.56 0.2
16 20 30 22 35
0.56 0.04 0.13 0.26 0.01
49 26 54 14 21
0.04 0.12 0.02 0.73 0.1
27 48 34 8 3
0.45 0.05 0.1 0.21 0.18
18 58 13 38 5
0.3 0.04 0.04 0.16 0.46
28 8 49 9 0
0.28 0.32 0.1 0.1 0.19
49 10 59 9 43
0.12 0.06 0.29 0.12 0.4
34 4 22 55 50
0.1 0.3 0.37 0.19 0.04
57 1 26 3 54
0.05 0.16 0.4 0.31 0.08
51 19 53 32 34
0.07 0.8 0.02 0.04 0.06
22 59 29 49 27
0.21 0.1 0.39 0.04 0.27
41 42 54 9 32
0.07 0.4 0.13 0.19 0.21
58 32 48 17 45
0.04 0.09 0.06 0.25 0.57
5 21 4 51 30
0.32 0.16 0.25 0.11 0.16
4 32 44 36 25
0.36 0.1 0.17 0.25 0.12
42 44 16 7 23
0.11 0.11 0.62 0.09 0.07
50 45 35 19 20
0.02 0.26 0.01 0.69 0.03
35 19 49 53 58
0.01 0.9 0.05 0.02 0.02
