#Number of options
60

#Assortments data
27 30 23 24 51
0.29 0.22 0.07 0.06 0.37
17 37 39 34 4
0.08 0.14 0.11 0.15 0.52
10 22 29 18 8
0.01 0.41 0.22 0.19 0.17
26 0 10 38 48
0.61 0.06 0.03 0.06 0.23
12 24 25 14 19
0.21 0.04 0.3 0.17 0.28
6 0 55 48 16
0.13 0.06 0.36 0.23 0.21
32 22 25 26 7
0.02 0.52 0.09 0.26 0.11
16 35 54 43 47
0.17 0.03 0.06 0.27 0.47
45 3 42 20 15
0.08 0.35 0.35 0.16 0.06
38 2 1 40 7
0.1 0.13 0.11 0.27 0.39
39 34 4 26 10
0.1 0.13 0.46 0.29 0.02
31 24 41 21 59
0.12 0.06 0.18 0.39 0.25
34 8 51 1 29
0.17 0.3 0.11 0.04 0.38
24 36 40 33 44
0.02 0.08 0.15 0.21 0.54
42 14 43 9 1
0.38 0.13 0.39 0.03 0.08
19 11 40 25 59
0.19 0.31 0.17 0.2 0.13
2 8 31 48 3
0.07 0.41 0.05 0.19 0.28
4 55 43 51 11
0.44 0.17 0.16 0.09 0.14
9 17 49 16 14
0.04 0.25 0.17 0.35 0.19
55 18 46 20 25
0.23 0.36 0.19 0.1 0.13
