#Number of options
60

#Assortments data
52 30 33 4 21
0.15 0.47 0.05 0.12 0.21
34 13 54 33 31
0.2 0.28 0.17 0.21 0.15
51 40 55 33 43
0.18 0.31 0.12 0.06 0.33
25 58 19 10 37
0.09 0.03 0.5 0.07 0.3
49 24 46 59 32
0.15 0.03 0.38 0.31 0.12
27 54 44 55 56
0.49 0.06 0.26 0.13 0.06
19 26 52 51 30
0.28 0.11 0.12 0.12 0.37
27 40 45 36 24
0.3 0.21 0.32 0.15 0.02
4 14 47 15 55
0.09 0.23 0.18 0.42 0.08
27 54 55 2 10
0.62 0.07 0.17 0.06 0.08
8 20 11 34 30
0.18 0.13 0.05 0.07 0.57
32 25 24 0 49
0.23 0.2 0.06 0.22 0.3
28 2 42 13 34
0.41 0.07 0.3 0.13 0.1
59 4 29 21 39
0.24 0.14 0.24 0.24 0.14
53 44 56 46 11
0.09 0.35 0.08 0.41 0.07
56 34 30 29 28
0.05 0.05 0.47 0.21 0.22
7 15 24 48 58
0.07 0.78 0.03 0.09 0.03
43 2 8 45 15
0.2 0.02 0.1 0.28 0.39
17 44 10 32 26
0.23 0.34 0.08 0.13 0.22
35 28 7 41 40
0.07 0.35 0.08 0.08 0.42
