#Number of options
60

#Assortments data
25 37 38 56 7
0.08 0.63 0.09 0.12 0.08
46 47 24 34 12
0.19 0.4 0.19 0.13 0.09
51 5 13 19 36
0.55 0.16 0.1 0.1 0.09
36 39 22 26 55
0.11 0.19 0.26 0.36 0.08
2 35 32 18 26
0.12 0.07 0.06 0.3 0.44
7 11 38 32 45
0.18 0.14 0.19 0.11 0.39
52 32 3 0 11
0.17 0.09 0.31 0.31 0.12
41 47 46 22 43
0.1 0.22 0.1 0.31 0.27
35 17 36 47 10
0.06 0.53 0.12 0.21 0.08
6 18 41 4 23
0.27 0.27 0.1 0.33 0.04
23 12 58 42 33
0.04 0.06 0.04 0.8 0.07
51 9 4 54 3
0.48 0.04 0.23 0.11 0.13
12 33 25 43 38
0.09 0.11 0.16 0.46 0.18
12 58 2 18 56
0.08 0.06 0.18 0.45 0.23
23 41 31 32 53
0.1 0.28 0.2 0.16 0.25
48 7 42 46 16
0.13 0.07 0.54 0.07 0.19
21 54 36 42 10
0.12 0.13 0.1 0.59 0.07
26 40 53 0 46
0.35 0.31 0.08 0.17 0.09
47 49 17 10 53
0.19 0.17 0.49 0.07 0.08
26 44 47 32 12
0.34 0.4 0.17 0.05 0.04
