#Number of options
60

#Assortments data
37 31 57 3 46
0.41 0.06 0.07 0.32 0.14
37 29 22 11 45
0.35 0.19 0.25 0.12 0.08
56 13 50 2 9
0.33 0.12 0.31 0.16 0.08
6 55 24 37 7
0.1 0.15 0.1 0.42 0.22
40 28 12 33 38
0.38 0.26 0.07 0.2 0.08
7 29 2 53 45
0.28 0.28 0.15 0.16 0.12
25 10 56 13 5
0.24 0.04 0.25 0.09 0.37
52 17 3 46 5
0.04 0.18 0.31 0.13 0.34
20 10 24 23 19
0.33 0.11 0.25 0.06 0.25
55 37 14 35 28
0.15 0.42 0.09 0.06 0.28
10 57 52 7 49
0.08 0.13 0.08 0.39 0.32
44 1 30 32 14
0.52 0.11 0.21 0.05 0.11
29 24 34 5 15
0.22 0.1 0.21 0.37 0.09
55 44 14 22 10
0.15 0.42 0.09 0.3 0.04
10 1 50 0 46
0.07 0.13 0.34 0.25 0.21
21 50 30 19 55
0.15 0.3 0.22 0.13 0.2
24 4 30 58 14
0.12 0.52 0.2 0.05 0.11
1 25 10 21 53
0.14 0.39 0.07 0.18 0.21
19 9 39 35 11
0.18 0.1 0.35 0.11 0.26
17 21 13 59 19
0.27 0.16 0.12 0.3 0.14
