#Number of options
60

#Assortments data
47 45 20 6 33
0.12 0.06 0.62 0.16 0.04
35 0 56 23 42
0.36 0.11 0.4 0.03 0.1
56 15 19 10 8
0.79 0.03 0.04 0.08 0.06
14 34 21 7 42
0.07 0.08 0.22 0.25 0.38
52 38 53 26 30
0.12 0.05 0.61 0.12 0.1
48 59 25 6 24
0.18 0.19 0.06 0.1 0.48
44 49 4 34 50
0.25 0.31 0.07 0.04 0.32
31 13 4 17 14
0.22 0.61 0.05 0.11 0.02
24 11 51 53 31
0.34 0.03 0.09 0.37 0.16
48 17 25 13 31
0.15 0.09 0.05 0.53 0.19
56 21 6 50 43
0.49 0.07 0.09 0.19 0.16
6 51 36 1 53
0.11 0.15 0.1 0.05 0.59
16 36 11 32 51
0.08 0.27 0.13 0.12 0.4
30 41 53 12 7
0.09 0.26 0.54 0.02 0.09
13 19 28 47 32
0.69 0.03 0.16 0.08 0.04
16 35 34 54 48
0.02 0.3 0.02 0.55 0.11
4 9 57 38 24
0.04 0.16 0.39 0.03 0.38
11 41 50 25 51
0.06 0.36 0.31 0.08 0.19
54 53 22 48 11
0.51 0.3 0.06 0.1 0.02
49 29 28 30 16
0.39 0.09 0.29 0.18 0.05
