#Number of options
60

#Assortments data
40 32 57 51 15
0.19 0.05 0.55 0.17 0.04
14 15 23 36 20
0.04 0.04 0.03 0.13 0.76
7 9 51 47 22
0.24 0.13 0.24 0.11 0.28
21 5 49 45 16
0.11 0.17 0.52 0.06 0.14
4 52 32 48 53
0.09 0.05 0.04 0.23 0.58
56 19 12 10 45
0.83 0.04 0.03 0.05 0.04
58 36 48 10 1
0.36 0.14 0.35 0.06 0.09
12 5 7 42 31
0.03 0.11 0.15 0.15 0.56
44 25 54 24 39
0.13 0.18 0.32 0.17 0.21
15 46 55 28 43
0.06 0.05 0.13 0.44 0.32
10 33 25 17 23
0.06 0.08 0.43 0.39 0.04
16 24 56 10 12
0.07 0.25 0.62 0.04 0.02
20 23 36 55 4
0.67 0.03 0.11 0.08 0.11
51 22 53 34 58
0.11 0.13 0.51 0.04 0.21
36 52 29 57 12
0.15 0.08 0.08 0.65 0.04
27 38 51 4 12
0.08 0.2 0.37 0.28 0.07
39 24 33 18 52
0.33 0.26 0.05 0.3 0.05
43 32 38 49 55
0.28 0.06 0.11 0.45 0.11
12 31 33 1 54
0.02 0.44 0.04 0.06 0.44
40 35 58 11 43
0.14 0.36 0.23 0.1 0.17
