#Number of options
60

#Assortments data
56 47 57 41 50
0.37 0.18 0.22 0.15 0.08
42 2 20 13 56
0.3 0.08 0.14 0.31 0.17
36 54 58 41 3
0.72 0.1 0.03 0.05 0.1
30 28 27 31 48
0.36 0.25 0.26 0.07 0.08
20 50 53 48 57
0.34 0.1 0.18 0.13 0.25
44 33 19 29 1
0.13 0.04 0.08 0.05 0.7
51 9 44 16 30
0.23 0.23 0.12 0.25 0.16
58 13 51 31 50
0.06 0.39 0.44 0.06 0.05
25 45 48 39 41
0.06 0.55 0.07 0.22 0.1
50 15 43 45 31
0.05 0.16 0.2 0.53 0.06
19 38 52 44 31
0.06 0.51 0.32 0.09 0.02
21 36 4 33 30
0.2 0.54 0.09 0.03 0.14
41 56 15 59 7
0.1 0.24 0.17 0.44 0.05
18 40 12 52 2
0.1 0.19 0.06 0.58 0.07
22 40 15 47 17
0.14 0.27 0.15 0.1 0.35
12 34 35 1 43
0.05 0.05 0.06 0.73 0.12
46 26 25 15 38
0.05 0.05 0.03 0.09 0.77
26 54 12 0 10
0.05 0.09 0.05 0.4 0.42
29 46 52 23 58
0.04 0.04 0.41 0.48 0.03
49 1 42 59 28
0.08 0.51 0.15 0.16 0.09
