#Number of options
60

#Assortments data
31 11 8 29 7
0.5 0.13 0.11 0.06 0.2
27 35 46 39 23
0.05 0.38 0.05 0.43 0.09
57 42 49 14 19
0.43 0.21 0.29 0.03 0.04
47 37 10 17 53
0.12 0.18 0.05 0.36 0.29
56 16 47 11 0
0.53 0.05 0.09 0.11 0.22
48 34 56 44 49
0.22 0.06 0.37 0.14 0.21
34 41 23 1 51
0.11 0.35 0.09 0.1 0.35
19 16 2 26 31
0.04 0.04 0.43 0.11 0.38
56 44 40 12 14
0.55 0.21 0.18 0.02 0.03
10 53 44 40 46
0.06 0.32 0.3 0.26 0.07
20 46 17 1 13
0.62 0.02 0.15 0.05 0.16
16 15 3 53 5
0.07 0.05 0.31 0.35 0.21
55 45 7 36 0
0.16 0.08 0.25 0.17 0.34
31 36 1 49 26
0.4 0.11 0.08 0.3 0.12
35 49 33 23 25
0.34 0.32 0.07 0.08 0.19
45 40 47 22 6
0.1 0.3 0.16 0.2 0.25
58 46 37 13 4
0.35 0.05 0.14 0.3 0.16
56 13 42 23 12
0.46 0.25 0.2 0.07 0.02
43 26 56 39 2
0.21 0.06 0.28 0.2 0.25
38 30 16 4 42
0.1 0.18 0.08 0.25 0.39
