#Number of options
60

#Assortments data
56 9 11 54 26
0.06 0.03 0.18 0.08 0.65
22 28 49 48 18
0.25 0.3 0.15 0.09 0.21
1 38 15 12 45
0.1 0.19 0.13 0.3 0.28
42 3 37 38 10
0.21 0.48 0.21 0.07 0.02
22 37 14 32 31
0.43 0.36 0.11 0.05 0.05
36 20 49 42 19
0.13 0.2 0.21 0.3 0.16
19 23 0 37 5
0.17 0.05 0.11 0.32 0.35
55 13 51 34 48
0.18 0.08 0.24 0.37 0.13
14 37 15 20 49
0.1 0.35 0.08 0.22 0.24
37 11 14 29 55
0.24 0.2 0.07 0.35 0.14
56 50 0 20 21
0.13 0.15 0.14 0.28 0.3
54 47 40 28 13
0.07 0.39 0.18 0.3 0.06
4 11 35 55 30
0.39 0.24 0.07 0.16 0.14
45 0 22 24 13
0.19 0.13 0.48 0.1 0.11
14 34 49 24 21
0.1 0.38 0.22 0.08 0.23
8 45 48 22 40
0.27 0.12 0.1 0.3 0.21
8 34 29 41 51
0.22 0.25 0.3 0.08 0.16
25 47 59 1 33
0.17 0.45 0.22 0.04 0.12
54 42 43 25 5
0.08 0.23 0.26 0.16 0.26
48 33 37 20 23
0.15 0.18 0.37 0.24 0.06
