#Number of options
60

#Assortments data
18 55 29 36 48
0.14 0.3 0.39 0.12 0.06
59 49 53 52 25
0.46 0.19 0.1 0.1 0.15
19 30 21 25 22
0.51 0.12 0.07 0.04 0.26
1 32 31 30 6
0.11 0.1 0.05 0.44 0.29
41 22 58 53 54
0.1 0.71 0.04 0.07 0.08
54 34 15 19 25
0.04 0.1 0.23 0.58 0.04
45 31 32 58 4
0.3 0.03 0.06 0.03 0.58
47 24 20 28 23
0.63 0.03 0.08 0.2 0.06
20 28 49 33 22
0.06 0.17 0.09 0.19 0.49
45 51 11 26 13
0.3 0.23 0.13 0.31 0.04
23 58 0 4 48
0.07 0.04 0.08 0.72 0.08
13 28 1 29 0
0.05 0.25 0.09 0.52 0.09
48 14 57 13 45
0.05 0.65 0.04 0.03 0.23
49 15 13 5 35
0.1 0.46 0.04 0.35 0.04
31 59 45 4 41
0.03 0.19 0.24 0.47 0.06
52 7 23 4 12
0.04 0.14 0.04 0.39 0.4
30 58 1 49 17
0.39 0.05 0.1 0.14 0.31
42 59 49 9 10
0.42 0.32 0.13 0.07 0.05
27 4 48 18 45
0.31 0.37 0.04 0.09 0.19
21 50 36 8 19
0.08 0.03 0.07 0.21 0.61
