#Number of options
60

#Assortments data
26 52 57 0 27
0.18 0.05 0.56 0.13 0.07
35 6 27 21 45
0.46 0.13 0.09 0.18 0.13
3 6 47 42 27
0.26 0.1 0.2 0.36 0.08
38 14 21 1 28
0.14 0.15 0.29 0.08 0.33
22 6 33 3 39
0.16 0.07 0.1 0.18 0.49
4 35 48 51 54
0.14 0.13 0.46 0.13 0.13
48 26 32 7 16
0.63 0.09 0.03 0.22 0.03
16 26 0 15 5
0.09 0.31 0.22 0.09 0.28
2 46 45 27 7
0.49 0.07 0.08 0.05 0.31
36 18 27 3 7
0.07 0.25 0.07 0.23 0.39
57 47 24 14 34
0.42 0.14 0.19 0.06 0.21
35 4 12 22 47
0.3 0.31 0.04 0.18 0.16
16 54 12 7 10
0.06 0.39 0.05 0.47 0.03
58 3 42 47 22
0.18 0.21 0.28 0.15 0.18
58 26 11 8 3
0.22 0.18 0.2 0.15 0.25
3 10 12 45 57
0.25 0.03 0.05 0.1 0.57
30 49 56 22 7
0.06 0.43 0.21 0.1 0.2
53 12 54 46 23
0.54 0.04 0.31 0.09 0.03
45 1 36 29 25
0.12 0.05 0.09 0.24 0.5
44 5 6 49 12
0.15 0.12 0.07 0.63 0.03
