#Number of options
60

#Assortments data
28 1 18 31 8
0.24 0.03 0.12 0.02 0.6
19 8 34 44 58
0.18 0.39 0.29 0.12 0.02
39 4 35 2 33
0.11 0.55 0.06 0.04 0.24
26 27 41 25 46
0.26 0.18 0.06 0.25 0.24
59 27 18 58 42
0.12 0.23 0.2 0.06 0.39
21 35 49 27 9
0.31 0.13 0.15 0.36 0.05
51 3 25 9 27
0.28 0.33 0.21 0.02 0.16
51 21 23 55 27
0.27 0.13 0.02 0.43 0.15
21 55 26 54 50
0.15 0.49 0.25 0.05 0.06
20 28 16 43 40
0.07 0.35 0.14 0.27 0.17
51 35 15 23 58
0.53 0.11 0.24 0.04 0.08
38 28 4 25 58
0.04 0.27 0.45 0.2 0.04
37 46 35 34 29
0.08 0.12 0.03 0.3 0.47
39 20 25 15 53
0.18 0.1 0.41 0.24 0.07
53 32 21 39 37
0.09 0.05 0.32 0.22 0.32
31 54 24 1 9
0.12 0.28 0.23 0.22 0.15
25 3 22 6 59
0.15 0.23 0.49 0.06 0.06
14 12 15 41 34
0.17 0.16 0.12 0.05 0.51
50 26 43 57 18
0.08 0.33 0.33 0.06 0.2
30 21 53 1 54
0.45 0.3 0.08 0.07 0.1
