#Number of options
60

#Assortments data
28 6 20 1 29
0.36 0.17 0.21 0.18 0.07
23 3 10 6 4
0.18 0.11 0.18 0.25 0.27
42 35 29 0 25
0.18 0.09 0.07 0.59 0.08
29 52 37 8 41
0.08 0.39 0.32 0.06 0.14
34 29 11 28 49
0.06 0.09 0.1 0.43 0.32
36 23 20 46 48
0.41 0.13 0.22 0.08 0.17
3 38 47 27 5
0.09 0.48 0.17 0.08 0.19
0 52 26 58 42
0.42 0.23 0.11 0.12 0.13
29 48 46 56 35
0.12 0.27 0.13 0.31 0.17
36 45 39 10 3
0.4 0.14 0.25 0.13 0.08
35 37 38 48 43
0.08 0.22 0.32 0.12 0.26
0 17 49 58 52
0.34 0.24 0.14 0.09 0.19
34 49 5 56 20
0.06 0.3 0.19 0.22 0.24
13 0 38 23 20
0.32 0.31 0.2 0.06 0.1
3 54 43 33 0
0.05 0.29 0.22 0.04 0.4
57 47 35 40 33
0.19 0.18 0.13 0.41 0.09
20 17 6 18 48
0.16 0.35 0.13 0.23 0.12
31 12 10 51 46
0.28 0.04 0.15 0.44 0.1
57 1 47 23 46
0.23 0.26 0.21 0.18 0.12
48 57 8 58 19
0.27 0.26 0.09 0.3 0.08
