#Number of options
60

#Assortments data
0 19 9 56 2
0.31 0.08 0.48 0.07 0.06
17 22 1 13 42
0.23 0.05 0.54 0.08 0.1
26 17 34 0 14
0.1 0.36 0.03 0.4 0.12
26 24 29 31 12
0.28 0.2 0.16 0.23 0.13
54 34 32 57 17
0.07 0.02 0.63 0.06 0.23
25 5 57 39 17
0.06 0.22 0.13 0.1 0.49
49 53 32 5 35
0.04 0.04 0.74 0.12 0.05
48 41 17 1 8
0.02 0.09 0.26 0.59 0.04
23 16 0 36 35
0.62 0.06 0.16 0.13 0.03
5 59 53 33 39
0.34 0.35 0.11 0.04 0.16
16 26 30 57 15
0.19 0.13 0.3 0.12 0.26
53 58 18 26 37
0.12 0.17 0.19 0.24 0.29
11 3 15 55 22
0.08 0.11 0.5 0.09 0.21
54 19 4 9 56
0.11 0.11 0.08 0.62 0.09
59 51 54 36 38
0.1 0.06 0.07 0.2 0.57
17 6 27 35 45
0.25 0.37 0.08 0.05 0.26
18 30 33 47 20
0.17 0.49 0.04 0.11 0.19
23 16 31 18 55
0.82 0.08 0.04 0.04 0.02
24 56 41 49 18
0.16 0.22 0.29 0.14 0.19
57 23 25 28 21
0.04 0.68 0.02 0.07 0.18
