#Number of options
60

#Assortments data
14 9 48 45 39
0.31 0.05 0.27 0.11 0.26
25 6 4 34 41
0.17 0.09 0.58 0.12 0.04
18 51 45 11 23
0.35 0.33 0.1 0.18 0.04
23 8 10 53 15
0.07 0.52 0.07 0.19 0.15
20 10 27 42 59
0.13 0.04 0.14 0.51 0.17
39 57 31 34 23
0.36 0.14 0.11 0.33 0.06
37 50 4 26 8
0.08 0.04 0.37 0.4 0.11
32 8 9 26 23
0.03 0.19 0.03 0.72 0.03
26 36 31 21 52
0.74 0.09 0.05 0.08 0.05
45 1 24 21 49
0.16 0.12 0.11 0.2 0.4
41 27 16 20 37
0.1 0.19 0.23 0.17 0.3
49 41 52 6 35
0.38 0.11 0.11 0.26 0.13
46 25 47 1 39
0.12 0.18 0.52 0.04 0.14
28 54 39 46 47
0.16 0.06 0.14 0.12 0.52
8 53 55 17 45
0.3 0.11 0.33 0.16 0.1
30 20 5 55 12
0.16 0.09 0.37 0.23 0.16
50 41 57 3 34
0.12 0.07 0.09 0.49 0.22
0 27 16 1 12
0.13 0.21 0.24 0.1 0.32
59 41 25 2 30
0.21 0.09 0.37 0.07 0.27
51 6 23 36 50
0.41 0.21 0.05 0.17 0.15
