#Number of options
60

#Assortments data
40 19 15 44 43
0.23 0.13 0.23 0.14 0.26
40 20 57 23 54
0.05 0.03 0.03 0.81 0.07
58 7 38 53 34
0.08 0.02 0.82 0.05 0.03
11 27 53 52 14
0.03 0.15 0.07 0.68 0.07
33 12 37 20 53
0.05 0.15 0.32 0.25 0.23
30 46 51 1 39
0.15 0.03 0.1 0.66 0.07
27 11 41 13 3
0.3 0.07 0.16 0.4 0.07
59 15 14 42 23
0.05 0.05 0.03 0.05 0.82
8 22 44 45 13
0.09 0.07 0.13 0.37 0.34
6 1 5 26 46
0.25 0.64 0.04 0.05 0.03
3 8 52 15 55
0.04 0.06 0.74 0.14 0.02
36 20 29 24 45
0.49 0.09 0.09 0.09 0.24
32 55 46 29 16
0.69 0.02 0.04 0.07 0.18
30 33 8 59 7
0.5 0.03 0.12 0.29 0.06
15 23 56 21 50
0.05 0.75 0.02 0.17 0.02
50 55 28 24 9
0.04 0.02 0.17 0.07 0.7
12 49 48 47 59
0.13 0.29 0.1 0.12 0.36
52 19 12 50 1
0.36 0.04 0.03 0.02 0.55
11 18 41 48 49
0.1 0.24 0.24 0.1 0.31
13 47 36 56 39
0.24 0.05 0.52 0.06 0.13
