#Number of options
60

#Assortments data
23 30 13 41 6
0.12 0.34 0.1 0.04 0.4
59 46 53 35 25
0.24 0.55 0.06 0.06 0.09
43 4 6 19 56
0.11 0.09 0.34 0.4 0.06
9 39 55 13 30
0.12 0.18 0.12 0.13 0.46
24 5 58 11 40
0.08 0.41 0.03 0.13 0.35
50 35 16 26 24
0.04 0.05 0.73 0.13 0.05
58 40 59 35 34
0.03 0.37 0.32 0.09 0.2
48 23 44 20 12
0.04 0.12 0.16 0.04 0.64
48 26 22 44 52
0.06 0.18 0.29 0.25 0.22
25 20 30 52 17
0.08 0.06 0.46 0.2 0.21
47 12 45 59 26
0.11 0.38 0.35 0.08 0.07
57 27 53 5 21
0.04 0.53 0.03 0.18 0.23
24 38 58 3 9
0.07 0.41 0.02 0.35 0.15
18 50 58 49 43
0.29 0.11 0.04 0.14 0.41
16 31 9 6 33
0.52 0.03 0.07 0.32 0.07
1 30 8 36 54
0.16 0.41 0.22 0.17 0.04
15 9 26 10 33
0.84 0.03 0.05 0.04 0.03
1 42 40 13 2
0.2 0.36 0.26 0.15 0.04
58 16 55 30 38
0.01 0.49 0.07 0.25 0.18
47 5 41 23 51
0.26 0.27 0.05 0.16 0.27
