#Number of options
60

#Assortments data
10 9 33 50 39
0.07 0.13 0.23 0.2 0.37
56 6 45 10 30
0.25 0.2 0.21 0.09 0.26
46 29 9 47 49
0.17 0.19 0.08 0.22 0.35
29 58 52 15 55
0.3 0.13 0.17 0.07 0.34
27 57 2 24 13
0.2 0.29 0.19 0.12 0.21
16 58 23 11 48
0.23 0.18 0.05 0.26 0.28
48 49 35 55 59
0.1 0.28 0.08 0.17 0.37
56 13 34 35 57
0.19 0.17 0.26 0.15 0.23
41 57 29 44 31
0.13 0.19 0.22 0.36 0.09
7 58 17 27 5
0.12 0.08 0.43 0.11 0.26
33 19 29 30 8
0.21 0.11 0.29 0.2 0.2
31 46 55 51 59
0.06 0.14 0.17 0.28 0.36
59 4 32 50 14
0.39 0.36 0.03 0.1 0.12
8 40 14 26 46
0.11 0.23 0.12 0.4 0.15
3 5 45 49 18
0.28 0.17 0.07 0.23 0.24
7 32 13 20 55
0.2 0.06 0.19 0.19 0.36
15 37 23 0 26
0.04 0.33 0.02 0.14 0.47
25 22 59 32 44
0.16 0.26 0.33 0.03 0.22
34 38 28 55 21
0.17 0.1 0.31 0.21 0.21
52 16 15 6 32
0.27 0.25 0.11 0.27 0.09
