#Number of options
60

#Assortments data
58 23 5 40 24
0.12 0.02 0.49 0.28 0.09
32 52 20 25 19
0.07 0.17 0.29 0.25 0.23
32 5 23 54 34
0.04 0.47 0.02 0.19 0.27
43 15 18 38 36
0.34 0.03 0.51 0.04 0.08
2 26 42 59 3
0.1 0.36 0.24 0.11 0.19
44 5 48 15 29
0.25 0.34 0.14 0.04 0.23
56 35 14 18 55
0.15 0.04 0.05 0.58 0.18
7 49 42 11 9
0.28 0.18 0.37 0.1 0.08
59 58 56 26 37
0.11 0.07 0.16 0.35 0.32
10 56 38 16 35
0.07 0.45 0.15 0.2 0.13
27 49 21 11 50
0.12 0.24 0.15 0.14 0.35
58 27 55 59 21
0.14 0.11 0.38 0.22 0.15
38 35 56 47 23
0.1 0.08 0.3 0.5 0.02
52 11 13 35 32
0.25 0.26 0.23 0.17 0.1
17 59 39 9 48
0.19 0.14 0.45 0.06 0.16
23 2 18 56 59
0.01 0.1 0.62 0.16 0.11
25 31 39 52 55
0.13 0.07 0.46 0.09 0.25
15 23 17 55 49
0.07 0.03 0.29 0.38 0.24
20 50 32 35 26
0.16 0.24 0.04 0.06 0.5
23 33 27 35 21
0.04 0.35 0.19 0.16 0.26
