#Number of options
60

#Assortments data
20 12 58 7 17
0.09 0.09 0.06 0.58 0.17
42 27 29 22 18
0.16 0.05 0.33 0.31 0.16
30 10 18 2 20
0.27 0.02 0.4 0.13 0.18
17 30 37 14 55
0.14 0.11 0.2 0.09 0.47
36 45 6 41 18
0.16 0.16 0.11 0.23 0.35
49 29 56 4 7
0.11 0.25 0.08 0.21 0.35
13 18 15 50 0
0.1 0.3 0.09 0.44 0.07
0 55 53 23 7
0.04 0.46 0.05 0.01 0.45
37 11 53 27 21
0.19 0.65 0.05 0.05 0.06
57 58 10 3 44
0.14 0.09 0.02 0.48 0.27
59 57 52 53 33
0.12 0.09 0.03 0.06 0.71
12 48 59 51 57
0.12 0.2 0.17 0.38 0.13
40 8 0 44 18
0.09 0.55 0.04 0.15 0.17
23 57 22 17 16
0.01 0.14 0.53 0.23 0.09
36 1 18 6 24
0.2 0.07 0.43 0.13 0.17
49 3 1 46 31
0.24 0.43 0.04 0.18 0.1
39 12 52 0 33
0.14 0.08 0.03 0.04 0.7
36 54 8 3 53
0.07 0.1 0.52 0.26 0.05
57 53 18 55 33
0.06 0.04 0.12 0.34 0.45
4 43 50 52 10
0.42 0.18 0.35 0.03 0.01
