#Number of options
60

#Assortments data
4 6 56 48 54
0.24 0.26 0.16 0.18 0.16
29 21 18 20 34
0.08 0.3 0.32 0.22 0.07
25 54 7 35 49
0.23 0.24 0.21 0.1 0.21
21 17 7 48 18
0.25 0.28 0.09 0.12 0.26
56 57 18 39 52
0.15 0.12 0.37 0.24 0.12
34 50 12 48 13
0.12 0.16 0.15 0.23 0.34
41 53 40 45 50
0.15 0.07 0.57 0.13 0.08
33 51 29 24 21
0.06 0.51 0.08 0.06 0.29
34 16 35 30 14
0.08 0.23 0.06 0.5 0.14
14 9 54 35 23
0.27 0.17 0.27 0.12 0.18
35 12 23 9 33
0.15 0.25 0.22 0.21 0.17
48 21 9 25 31
0.2 0.43 0.11 0.17 0.08
13 9 24 47 0
0.27 0.1 0.08 0.15 0.39
26 29 56 1 31
0.23 0.15 0.22 0.3 0.1
19 22 48 53 47
0.14 0.24 0.26 0.15 0.21
33 21 25 5 28
0.07 0.33 0.13 0.2 0.26
26 35 45 33 27
0.25 0.11 0.3 0.12 0.22
41 22 7 25 33
0.29 0.22 0.18 0.2 0.11
9 27 11 41 57
0.15 0.21 0.13 0.33 0.18
13 18 6 30 44
0.13 0.2 0.13 0.29 0.24
