#Number of options
60

#Assortments data
44 14 13 39 57
0.2 0.1 0.36 0.23 0.12
53 52 20 6 27
0.03 0.69 0.09 0.12 0.07
36 7 58 33 28
0.62 0.06 0.14 0.04 0.15
32 10 59 56 54
0.46 0.4 0.08 0.02 0.03
7 58 27 13 11
0.07 0.17 0.21 0.49 0.05
33 13 0 37 58
0.02 0.25 0.55 0.1 0.09
59 50 39 13 11
0.35 0.05 0.22 0.35 0.04
18 43 17 31 24
0.12 0.31 0.34 0.09 0.15
36 55 50 20 32
0.18 0.02 0.02 0.07 0.71
35 7 34 19 2
0.25 0.15 0.13 0.22 0.24
49 32 18 57 21
0.06 0.67 0.03 0.04 0.21
41 48 42 14 10
0.04 0.02 0.06 0.04 0.84
39 8 33 14 48
0.5 0.11 0.07 0.21 0.11
0 21 20 6 27
0.38 0.31 0.1 0.14 0.07
23 8 39 50 52
0.52 0.01 0.06 0.01 0.4
8 48 59 27 12
0.07 0.07 0.52 0.22 0.12
37 56 20 1 32
0.04 0.02 0.05 0.38 0.51
54 0 39 30 41
0.1 0.54 0.15 0.16 0.05
18 23 8 27 10
0.02 0.5 0.01 0.04 0.44
28 16 44 52 37
0.06 0.07 0.09 0.72 0.06
