#Number of options
60

#Assortments data
24 7 13 9 51
0.16 0.06 0.15 0.35 0.28
0 53 46 43 49
0.31 0.1 0.14 0.27 0.18
2 54 26 36 35
0.07 0.11 0.2 0.56 0.07
20 9 55 51 6
0.1 0.25 0.03 0.19 0.43
26 12 19 33 34
0.46 0.25 0.16 0.06 0.08
17 23 9 45 28
0.28 0.11 0.23 0.22 0.15
8 24 13 46 31
0.17 0.21 0.21 0.25 0.15
4 26 30 25 1
0.05 0.15 0.43 0.04 0.32
19 57 10 48 4
0.15 0.13 0.37 0.2 0.15
50 9 7 15 23
0.13 0.37 0.06 0.27 0.18
38 47 53 5 1
0.41 0.08 0.07 0.08 0.35
57 29 20 13 10
0.12 0.13 0.2 0.21 0.33
59 9 52 40 4
0.23 0.22 0.29 0.2 0.06
13 58 29 9 43
0.14 0.13 0.09 0.33 0.32
13 26 12 16 36
0.1 0.18 0.1 0.13 0.5
15 14 12 38 37
0.16 0.08 0.1 0.44 0.23
13 56 55 33 12
0.3 0.25 0.08 0.07 0.29
38 25 11 8 6
0.44 0.05 0.03 0.08 0.4
48 7 56 21 44
0.12 0.05 0.11 0.41 0.32
6 38 45 3 5
0.33 0.37 0.18 0.05 0.07
