#Number of options
60

#Assortments data
59 48 50 45 44
0.09 0.26 0.49 0.04 0.12
55 40 36 50 7
0.09 0.18 0.06 0.55 0.11
23 4 36 16 41
0.04 0.12 0.08 0.03 0.73
23 20 13 48 0
0.03 0.31 0.26 0.26 0.14
36 4 15 44 26
0.14 0.21 0.05 0.3 0.31
21 29 20 10 25
0.11 0.08 0.5 0.05 0.25
17 44 29 36 2
0.16 0.18 0.07 0.08 0.51
2 33 35 57 54
0.16 0.04 0.3 0.3 0.21
59 57 35 22 53
0.04 0.3 0.31 0.04 0.31
27 47 7 45 21
0.06 0.29 0.3 0.13 0.22
30 35 9 7 26
0.05 0.62 0.11 0.09 0.12
20 29 36 24 8
0.43 0.07 0.08 0.35 0.08
24 15 28 30 18
0.49 0.04 0.13 0.11 0.24
54 7 16 57 29
0.35 0.08 0.02 0.51 0.04
44 26 53 10 22
0.12 0.13 0.65 0.03 0.08
21 6 41 13 19
0.08 0.05 0.57 0.29 0.02
16 37 23 48 0
0.04 0.17 0.06 0.49 0.25
54 57 47 51 46
0.33 0.48 0.07 0.1 0.02
12 7 33 32 45
0.05 0.35 0.3 0.15 0.16
19 47 48 39 42
0.02 0.13 0.35 0.39 0.11
