#Number of options
60

#Assortments data
50 19 9 24 1
0.18 0.04 0.25 0.38 0.16
6 19 26 41 51
0.18 0.06 0.21 0.32 0.23
21 11 9 56 6
0.16 0.06 0.32 0.3 0.16
12 26 34 30 7
0.06 0.34 0.06 0.28 0.26
46 18 7 28 53
0.04 0.23 0.17 0.29 0.27
21 6 2 58 44
0.13 0.12 0.2 0.36 0.19
14 16 18 44 15
0.05 0.11 0.33 0.4 0.1
39 10 15 3 57
0.36 0.11 0.06 0.08 0.4
2 33 49 4 15
0.33 0.08 0.35 0.16 0.08
53 32 36 9 12
0.26 0.13 0.21 0.36 0.04
51 21 18 4 20
0.14 0.11 0.13 0.08 0.53
7 28 29 33 48
0.21 0.35 0.08 0.09 0.27
14 34 51 39 17
0.04 0.04 0.25 0.44 0.22
7 56 25 19 23
0.23 0.46 0.13 0.09 0.09
1 37 49 22 33
0.26 0.19 0.35 0.12 0.08
30 24 9 47 28
0.12 0.37 0.24 0.07 0.19
59 32 26 38 0
0.33 0.1 0.16 0.1 0.3
45 0 6 55 49
0.06 0.4 0.18 0.05 0.31
15 52 51 54 3
0.07 0.14 0.25 0.45 0.09
22 12 19 33 13
0.07 0.03 0.04 0.05 0.81
