#Number of options
60

#Assortments data
1 44 37 49 18
0.04 0.33 0.21 0.19 0.23
33 1 56 11 47
0.22 0.06 0.11 0.18 0.43
4 52 33 40 46
0.5 0.06 0.14 0.16 0.14
20 48 31 47 25
0.15 0.16 0.05 0.44 0.19
23 17 59 4 24
0.03 0.26 0.21 0.46 0.05
39 36 10 57 17
0.27 0.17 0.03 0.07 0.46
8 45 50 40 38
0.28 0.13 0.21 0.28 0.1
14 20 49 35 51
0.2 0.11 0.22 0.07 0.39
28 25 2 40 31
0.4 0.17 0.15 0.23 0.04
14 40 48 51 5
0.13 0.13 0.08 0.26 0.4
34 46 26 3 37
0.19 0.11 0.27 0.25 0.17
13 14 22 5 58
0.05 0.15 0.32 0.46 0.03
6 48 9 12 22
0.12 0.15 0.05 0.14 0.54
1 6 54 40 57
0.09 0.2 0.19 0.42 0.11
24 4 52 29 36
0.05 0.46 0.06 0.34 0.09
2 57 10 54 59
0.22 0.09 0.04 0.16 0.49
9 3 29 40 2
0.03 0.31 0.39 0.17 0.1
35 52 57 38 5
0.08 0.09 0.06 0.08 0.69
31 52 59 11 21
0.06 0.11 0.41 0.21 0.21
13 59 33 47 58
0.07 0.32 0.19 0.38 0.04
