#Number of options
60

#Assortments data
39 49 55 54 10
0.18 0.13 0.6 0.08 0.01
31 19 7 30 35
0.12 0.08 0.59 0.11 0.1
6 54 55 20 56
0.03 0.09 0.67 0.08 0.13
24 19 34 13 22
0.05 0.05 0.7 0.03 0.18
48 3 19 21 27
0.39 0.4 0.08 0.06 0.07
48 57 25 10 34
0.18 0.05 0.24 0.01 0.52
10 29 14 25 27
0.01 0.33 0.13 0.46 0.06
33 1 54 48 56
0.4 0.04 0.11 0.29 0.16
48 52 30 15 12
0.57 0.05 0.15 0.1 0.12
50 32 25 30 56
0.18 0.03 0.49 0.1 0.2
31 0 47 57 54
0.14 0.15 0.38 0.15 0.19
5 42 12 28 11
0.11 0.11 0.04 0.08 0.65
34 43 38 18 41
0.64 0.15 0.01 0.14 0.06
46 9 58 37 12
0.22 0.09 0.14 0.41 0.15
51 34 25 35 45
0.12 0.56 0.26 0.04 0.02
15 2 21 43 25
0.07 0.07 0.06 0.27 0.52
29 48 21 59 45
0.35 0.36 0.06 0.19 0.04
2 14 44 48 10
0.07 0.14 0.41 0.36 0.01
7 44 3 56 1
0.33 0.26 0.24 0.13 0.03
52 23 40 1 13
0.12 0.06 0.46 0.18 0.17
