#Number of options
60

#Assortments data
53 2 36 26 19
0.15 0.06 0.11 0.48 0.19
21 25 58 49 35
0.14 0.5 0.07 0.14 0.14
15 59 28 21 9
0.09 0.37 0.25 0.2 0.09
25 59 52 29 21
0.31 0.16 0.04 0.4 0.09
54 12 24 49 59
0.15 0.2 0.07 0.2 0.39
27 55 12 42 22
0.04 0.57 0.05 0.1 0.24
40 27 0 10 47
0.12 0.08 0.04 0.02 0.75
49 22 30 57 42
0.1 0.48 0.14 0.09 0.19
34 39 47 45 4
0.32 0.05 0.39 0.03 0.2
51 0 11 15 49
0.2 0.03 0.64 0.04 0.08
4 34 42 39 26
0.23 0.37 0.11 0.06 0.23
2 28 4 55 39
0.03 0.07 0.22 0.63 0.06
35 33 1 39 23
0.13 0.69 0.03 0.13 0.02
26 55 33 21 3
0.15 0.45 0.22 0.04 0.15
38 30 46 26 6
0.05 0.17 0.23 0.46 0.09
10 32 23 24 29
0.03 0.06 0.03 0.06 0.82
35 26 56 49 39
0.12 0.48 0.15 0.12 0.13
48 42 49 28 31
0.3 0.29 0.15 0.19 0.06
51 6 0 49 7
0.18 0.06 0.03 0.07 0.66
49 54 28 41 31
0.23 0.17 0.31 0.19 0.1
