#Number of options
60

#Assortments data
2 25 37 28 35
0.04 0.2 0.38 0.32 0.06
38 17 45 22 57
0.05 0.12 0.14 0.63 0.06
20 55 59 31 33
0.1 0.46 0.2 0.05 0.19
53 43 9 38 20
0.14 0.51 0.1 0.09 0.16
48 22 17 18 43
0.1 0.45 0.09 0.16 0.19
56 17 25 40 2
0.11 0.23 0.38 0.21 0.07
16 9 23 28 35
0.17 0.1 0.03 0.59 0.11
18 48 49 57 6
0.35 0.22 0.16 0.09 0.18
35 44 57 22 28
0.04 0.19 0.05 0.49 0.23
9 53 21 22 46
0.05 0.06 0.06 0.56 0.28
25 50 40 36 12
0.35 0.09 0.2 0.12 0.23
54 55 27 45 49
0.08 0.45 0.19 0.16 0.12
45 25 33 27 16
0.19 0.26 0.21 0.22 0.12
15 42 20 38 28
0.17 0.19 0.13 0.07 0.45
6 10 38 20 28
0.2 0.05 0.08 0.15 0.52
12 19 31 53 18
0.21 0.22 0.07 0.12 0.38
30 37 6 31 13
0.23 0.49 0.16 0.06 0.06
3 5 48 27 0
0.35 0.4 0.1 0.11 0.04
20 58 1 39 2
0.24 0.06 0.13 0.48 0.1
8 27 12 15 59
0.41 0.17 0.13 0.12 0.17
