#Number of options
60

#Assortments data
2 12 55 50 26
0.03 0.51 0.1 0.03 0.33
29 34 45 18 32
0.46 0.14 0.28 0.08 0.03
26 33 57 37 54
0.49 0.12 0.03 0.31 0.05
24 43 48 54 46
0.01 0.13 0.04 0.04 0.77
44 11 12 55 48
0.19 0.09 0.57 0.11 0.04
36 29 10 4 56
0.17 0.47 0.03 0.26 0.07
25 45 13 56 49
0.11 0.58 0.07 0.14 0.1
5 26 56 34 24
0.34 0.4 0.08 0.16 0.02
1 51 41 12 20
0.07 0.22 0.06 0.57 0.09
25 10 31 49 53
0.27 0.16 0.11 0.24 0.22
32 25 33 26 3
0.04 0.07 0.11 0.45 0.32
30 55 5 36 4
0.16 0.11 0.3 0.17 0.27
25 21 39 22 37
0.08 0.27 0.11 0.22 0.31
23 32 10 4 43
0.06 0.07 0.06 0.53 0.28
41 29 32 17 48
0.07 0.6 0.04 0.24 0.05
28 13 59 0 44
0.35 0.05 0.16 0.16 0.28
15 23 42 24 48
0.58 0.05 0.26 0.03 0.08
47 28 52 0 5
0.29 0.24 0.04 0.11 0.31
50 21 33 14 22
0.03 0.22 0.1 0.48 0.18
8 41 59 13 48
0.54 0.11 0.21 0.07 0.08
