#Number of options
60

#Assortments data
9 32 12 36 27
0.07 0.04 0.27 0.31 0.3
9 45 29 57 31
0.05 0.18 0.58 0.12 0.07
1 27 44 25 40
0.02 0.08 0.35 0.43 0.12
28 16 21 1 45
0.3 0.25 0.15 0.06 0.23
39 6 29 5 0
0.11 0.11 0.29 0.42 0.07
48 39 0 23 17
0.34 0.24 0.16 0.03 0.23
42 35 56 9 0
0.3 0.19 0.3 0.05 0.16
45 24 53 50 30
0.19 0.11 0.16 0.33 0.2
54 24 37 35 4
0.06 0.07 0.16 0.12 0.59
34 13 27 19 42
0.64 0.04 0.07 0.15 0.1
52 8 23 12 14
0.07 0.62 0.03 0.15 0.14
48 34 50 13 36
0.12 0.64 0.12 0.04 0.07
32 2 47 4 49
0.01 0.07 0.32 0.46 0.13
43 9 22 31 30
0.31 0.03 0.5 0.04 0.12
55 15 16 25 10
0.57 0.04 0.06 0.32 0.01
51 32 41 1 19
0.31 0.03 0.19 0.05 0.42
28 33 45 30 3
0.08 0.58 0.06 0.07 0.21
0 13 31 34 43
0.06 0.04 0.03 0.67 0.2
50 45 56 27 36
0.28 0.16 0.24 0.16 0.16
19 48 33 29 6
0.12 0.1 0.54 0.18 0.07
