#Number of options
60

#Assortments data
19 21 55 12 26
0.07 0.26 0.15 0.07 0.45
59 23 16 4 13
0.27 0.04 0.12 0.32 0.25
35 46 57 43 20
0.23 0.08 0.16 0.24 0.29
50 48 34 51 6
0.2 0.32 0.07 0.35 0.06
30 42 56 4 50
0.11 0.18 0.37 0.18 0.17
31 14 58 29 2
0.26 0.04 0.16 0.18 0.36
24 1 17 43 12
0.21 0.13 0.28 0.33 0.06
45 3 17 24 28
0.06 0.29 0.22 0.16 0.28
28 23 41 14 53
0.3 0.03 0.42 0.04 0.21
19 38 1 21 2
0.06 0.08 0.14 0.23 0.5
39 52 37 36 5
0.37 0.04 0.26 0.09 0.24
55 33 31 0 9
0.13 0.11 0.35 0.29 0.12
59 52 13 1 49
0.21 0.05 0.19 0.09 0.46
57 56 52 46 9
0.17 0.59 0.06 0.09 0.09
11 12 35 24 21
0.24 0.05 0.31 0.2 0.2
49 53 55 7 41
0.38 0.14 0.07 0.14 0.28
26 54 46 24 52
0.29 0.39 0.09 0.16 0.06
54 58 4 15 44
0.36 0.15 0.26 0.06 0.17
4 9 11 39 28
0.21 0.06 0.14 0.38 0.21
19 21 0 37 4
0.04 0.15 0.2 0.34 0.27
