#Number of options
60

#Assortments data
39 53 59 18 44
0.23 0.38 0.12 0.14 0.12
46 27 47 21 41
0.05 0.03 0.12 0.06 0.73
49 21 43 50 1
0.22 0.04 0.14 0.57 0.03
32 4 46 50 21
0.03 0.11 0.04 0.77 0.05
31 53 3 59 35
0.35 0.26 0.05 0.08 0.26
15 58 10 45 54
0.02 0.36 0.04 0.04 0.55
25 10 5 29 15
0.56 0.11 0.19 0.09 0.05
40 55 36 11 51
0.36 0.07 0.23 0.11 0.24
39 3 35 19 18
0.28 0.08 0.44 0.03 0.17
58 52 9 59 34
0.56 0.07 0.1 0.21 0.06
20 16 43 12 0
0.42 0.05 0.2 0.02 0.31
22 16 58 39 13
0.09 0.03 0.28 0.2 0.4
47 45 3 51 28
0.17 0.09 0.18 0.32 0.25
6 39 10 32 43
0.07 0.53 0.07 0.05 0.28
7 46 52 4 48
0.19 0.04 0.07 0.13 0.58
32 25 19 58 26
0.04 0.29 0.04 0.54 0.09
52 37 49 44 6
0.09 0.14 0.43 0.27 0.07
31 45 11 50 33
0.44 0.03 0.05 0.45 0.03
8 12 59 44 21
0.11 0.03 0.37 0.38 0.1
41 11 21 32 49
0.56 0.08 0.05 0.03 0.28
