#Number of options
60

#Assortments data
22 55 11 13 30
0.1 0.06 0.06 0.08 0.7
4 28 3 48 36
0.18 0.4 0.07 0.06 0.29
35 0 38 9 24
0.11 0.24 0.28 0.24 0.13
26 14 18 54 35
0.19 0.34 0.26 0.1 0.1
52 15 5 30 49
0.06 0.09 0.19 0.61 0.06
24 36 53 48 45
0.1 0.44 0.08 0.08 0.3
18 5 9 58 40
0.18 0.29 0.14 0.02 0.37
55 11 6 29 21
0.07 0.07 0.29 0.1 0.47
24 29 53 1 32
0.13 0.19 0.11 0.31 0.25
22 1 26 2 24
0.24 0.31 0.22 0.1 0.13
38 51 48 6 26
0.16 0.36 0.06 0.3 0.12
48 25 46 57 51
0.08 0.08 0.23 0.11 0.5
52 44 10 59 23
0.11 0.17 0.11 0.46 0.15
58 42 22 59 26
0.02 0.31 0.14 0.4 0.13
58 9 1 20 53
0.04 0.25 0.32 0.28 0.11
25 32 40 28 8
0.05 0.12 0.32 0.4 0.11
30 39 57 35 9
0.7 0.08 0.06 0.05 0.11
1 56 6 33 2
0.26 0.13 0.47 0.06 0.09
0 49 53 20 41
0.27 0.18 0.11 0.3 0.14
51 4 6 18 35
0.33 0.19 0.28 0.15 0.06
