#Number of options
60

#Assortments data
12 0 19 59 26
0.03 0.39 0.05 0.37 0.17
7 6 55 24 25
0.15 0.07 0.06 0.63 0.09
28 1 38 15 31
0.1 0.06 0.08 0.03 0.73
43 35 23 21 7
0.15 0.56 0.06 0.1 0.13
26 51 45 57 2
0.04 0.11 0.02 0.34 0.49
55 21 54 37 42
0.05 0.1 0.55 0.11 0.18
11 34 19 32 41
0.09 0.06 0.02 0.04 0.79
59 12 54 22 52
0.19 0.02 0.6 0.1 0.1
27 30 21 46 28
0.14 0.18 0.29 0.05 0.34
7 52 41 5 46
0.11 0.07 0.71 0.1 0.02
26 35 11 22 46
0.09 0.67 0.11 0.1 0.02
42 26 9 52 8
0.31 0.14 0.27 0.16 0.12
34 2 16 19 58
0.03 0.47 0.01 0.01 0.48
12 49 24 16 1
0.01 0.34 0.55 0.03 0.06
13 11 43 37 2
0.3 0.05 0.08 0.06 0.52
45 31 0 8 56
0.03 0.44 0.1 0.04 0.39
44 6 12 26 55
0.35 0.2 0.05 0.25 0.16
6 35 25 59 57
0.04 0.35 0.05 0.11 0.44
29 48 24 58 45
0.02 0.12 0.29 0.54 0.03
7 25 32 3 15
0.37 0.23 0.11 0.22 0.08
