#Number of options
60

#Assortments data
39 32 11 57 6
0.32 0.06 0.32 0.06 0.25
23 1 27 2 52
0.08 0.19 0.48 0.12 0.14
26 48 11 24 2
0.58 0.11 0.23 0.03 0.05
49 38 24 10 56
0.27 0.31 0.09 0.08 0.26
4 43 56 18 41
0.5 0.25 0.05 0.15 0.05
51 5 19 45 3
0.19 0.24 0.21 0.09 0.27
29 30 35 31 51
0.59 0.15 0.02 0.03 0.22
26 15 0 36 45
0.55 0.14 0.05 0.12 0.13
31 45 10 12 20
0.08 0.29 0.05 0.33 0.24
48 47 26 41 54
0.09 0.33 0.45 0.06 0.07
45 54 8 59 1
0.1 0.07 0.7 0.08 0.05
48 25 38 19 41
0.15 0.17 0.13 0.45 0.11
9 23 45 5 46
0.05 0.03 0.13 0.37 0.43
52 27 29 20 57
0.05 0.16 0.66 0.09 0.03
18 58 19 3 24
0.23 0.02 0.32 0.4 0.03
19 27 28 41 21
0.34 0.2 0.17 0.08 0.21
52 11 19 47 43
0.04 0.16 0.23 0.29 0.28
1 11 0 15 12
0.12 0.34 0.08 0.22 0.24
10 6 43 58 16
0.03 0.22 0.51 0.03 0.2
32 7 30 49 26
0.04 0.21 0.18 0.07 0.5
