#Number of options
60

#Assortments data
57 36 27 3 41
0.42 0.07 0.02 0.08 0.41
12 0 35 45 21
0.02 0.16 0.72 0.05 0.05
26 45 23 34 50
0.14 0.15 0.09 0.1 0.52
1 17 32 7 21
0.23 0.38 0.13 0.12 0.13
3 55 38 14 24
0.09 0.05 0.11 0.03 0.72
55 25 24 6 20
0.05 0.11 0.6 0.06 0.19
37 2 50 30 5
0.13 0.39 0.22 0.11 0.15
30 39 45 56 17
0.11 0.33 0.06 0.31 0.19
38 18 4 6 44
0.22 0.31 0.17 0.15 0.14
37 51 19 43 32
0.23 0.33 0.04 0.28 0.12
30 10 58 54 26
0.06 0.04 0.31 0.56 0.03
31 44 46 42 15
0.72 0.09 0.02 0.15 0.02
55 7 32 29 20
0.13 0.11 0.12 0.1 0.54
58 29 22 13 45
0.45 0.04 0.07 0.39 0.05
29 13 50 35 9
0.03 0.27 0.12 0.5 0.09
46 7 31 9 28
0.02 0.05 0.63 0.15 0.15
35 33 11 45 12
0.81 0.05 0.06 0.05 0.02
34 3 43 27 38
0.08 0.23 0.32 0.07 0.3
49 28 38 9 32
0.38 0.19 0.16 0.19 0.08
6 11 45 59 28
0.15 0.1 0.09 0.39 0.26
