#Number of options
60

#Assortments data
55 34 50 9 7
0.06 0.08 0.56 0.19 0.1
32 0 24 46 48
0.05 0.11 0.3 0.06 0.49
49 26 22 28 17
0.35 0.1 0.11 0.23 0.22
26 34 44 28 5
0.11 0.09 0.33 0.24 0.22
34 24 46 12 16
0.14 0.63 0.12 0.05 0.07
15 54 16 11 30
0.03 0.75 0.05 0.09 0.09
10 32 45 18 19
0.17 0.19 0.18 0.4 0.07
38 57 54 4 51
0.06 0.41 0.36 0.09 0.09
34 25 50 40 32
0.07 0.17 0.49 0.21 0.06
39 12 30 32 24
0.37 0.03 0.08 0.08 0.44
55 16 33 50 30
0.08 0.05 0.07 0.72 0.08
12 10 50 2 28
0.02 0.04 0.38 0.42 0.14
5 50 19 38 46
0.2 0.59 0.03 0.1 0.07
55 49 38 1 3
0.08 0.38 0.12 0.12 0.29
57 54 38 6 1
0.43 0.37 0.06 0.07 0.07
26 18 39 19 48
0.08 0.12 0.27 0.02 0.52
21 40 35 54 30
0.08 0.13 0.45 0.31 0.04
39 19 5 33 43
0.44 0.04 0.27 0.08 0.18
28 20 3 30 34
0.15 0.57 0.18 0.05 0.06
57 43 27 30 5
0.61 0.12 0.03 0.06 0.18
