#Number of options
60

#Assortments data
39 41 32 59 3
0.12 0.17 0.5 0.16 0.05
36 40 58 4 26
0.33 0.36 0.16 0.09 0.06
24 49 42 43 50
0.15 0.29 0.29 0.18 0.09
18 15 7 57 46
0.32 0.14 0.06 0.38 0.1
32 51 56 39 4
0.52 0.09 0.18 0.13 0.07
16 55 31 9 35
0.09 0.02 0.06 0.78 0.05
47 17 30 11 50
0.13 0.37 0.34 0.05 0.11
28 23 22 56 46
0.16 0.36 0.1 0.3 0.07
9 35 20 46 5
0.76 0.05 0.11 0.03 0.05
24 56 35 51 43
0.18 0.31 0.13 0.16 0.22
55 29 7 41 30
0.07 0.1 0.05 0.37 0.4
32 18 41 42 29
0.47 0.13 0.16 0.19 0.05
56 37 54 23 11
0.28 0.16 0.18 0.34 0.04
30 24 47 21 50
0.3 0.16 0.12 0.32 0.1
51 45 20 15 49
0.14 0.24 0.23 0.09 0.3
23 17 41 57 30
0.23 0.21 0.18 0.17 0.2
1 49 55 58 37
0.51 0.21 0.03 0.13 0.11
35 18 42 55 45
0.12 0.23 0.34 0.05 0.26
56 25 8 14 52
0.27 0.04 0.05 0.09 0.55
2 40 34 1 54
0.17 0.26 0.02 0.44 0.11
