#Number of options
20

#Assortments data
3 11 12 8 5
0.36 0.07 0.06 0.04 0.47
9 6 7 19 15
0.09 0.07 0.66 0.11 0.07
9 17 16 12 6
0.1 0.11 0.61 0.1 0.08
11 13 14 5 17
0.1 0.05 0.08 0.68 0.09
17 1 10 7 18
0.05 0.1 0.36 0.37 0.11
13 1 6 0 7
0.05 0.15 0.06 0.22 0.53
9 14 17 12 18
0.16 0.16 0.16 0.16 0.36
16 18 13 5 8
0.33 0.13 0.04 0.46 0.04
7 1 10 5 0
0.26 0.07 0.26 0.3 0.11
2 18 1 6 0
0.26 0.21 0.19 0.07 0.27
2 1 16 11 12
0.21 0.16 0.46 0.09 0.08
4 0 16 6 14
0.2 0.22 0.45 0.06 0.07
19 8 1 16 6
0.11 0.07 0.19 0.55 0.07
19 14 15 17 8
0.25 0.21 0.17 0.22 0.16
14 10 6 1 7
0.05 0.39 0.04 0.11 0.4
6 5 15 18 19
0.06 0.62 0.06 0.17 0.09
3 19 1 12 10
0.36 0.07 0.12 0.06 0.4
14 15 8 16 2
0.09 0.07 0.07 0.53 0.25
11 0 7 19 17
0.09 0.22 0.53 0.09 0.08
16 11 14 12 8
0.6 0.12 0.1 0.1 0.08
11 4 0 8 3
0.09 0.19 0.21 0.06 0.45
11 0 17 12 4
0.13 0.34 0.12 0.11 0.3
0 4 10 5 19
0.13 0.12 0.32 0.37 0.05
8 10 18 12 14
0.06 0.58 0.19 0.08 0.08
5 4 19 16 13
0.44 0.14 0.06 0.32 0.03
4 13 18 17 3
0.21 0.05 0.18 0.08 0.49
16 19 15 6 1
0.55 0.11 0.07 0.07 0.19
12 0 6 13 10
0.08 0.24 0.06 0.05 0.57
19 16 8 5 10
0.05 0.26 0.03 0.35 0.31
9 5 10 16 18
0.04 0.33 0.29 0.24 0.09
9 15 19 0 6
0.15 0.12 0.17 0.44 0.12
15 0 11 1 7
0.06 0.21 0.08 0.14 0.51
7 17 19 10 9
0.41 0.06 0.07 0.4 0.06
1 9 13 3 11
0.18 0.09 0.06 0.56 0.11
4 2 16 10 19
0.14 0.14 0.3 0.36 0.06
0 13 9 2 5
0.19 0.04 0.07 0.18 0.52
4 9 15 7 19
0.21 0.08 0.06 0.56 0.09
10 4 13 6 9
0.58 0.22 0.05 0.07 0.08
15 7 13 10 9
0.05 0.43 0.04 0.42 0.06
17 7 8 4 3
0.06 0.4 0.04 0.15 0.35
11 16 10 14 12
0.07 0.37 0.44 0.06 0.06
8 10 1 14 5
0.04 0.37 0.11 0.05 0.43
15 8 14 13 4
0.14 0.13 0.17 0.11 0.45
13 14 15 7 4
0.05 0.08 0.06 0.59 0.22
8 19 1 13 0
0.1 0.15 0.27 0.08 0.39
2 6 10 12 7
0.15 0.04 0.38 0.05 0.38
2 11 18 6 4
0.29 0.12 0.23 0.08 0.27
0 1 13 5 7
0.14 0.1 0.03 0.39 0.34
4 18 7 13 3
0.14 0.12 0.38 0.03 0.33
15 0 6 10 3
0.04 0.17 0.04 0.4 0.35
