#Number of options
20

#Assortments data
9 13 11 4 1
0.41 0.1 0.1 0.2 0.19
19 12 17 15 4
0.21 0.31 0.05 0.35 0.09
1 16 0 7 9
0.18 0.1 0.27 0.08 0.37
0 14 11 1 8
0.26 0.34 0.09 0.17 0.14
12 9 14 2 18
0.39 0.24 0.22 0.13 0.02
1 15 11 7 13
0.16 0.62 0.08 0.07 0.08
12 8 17 0 13
0.51 0.12 0.08 0.22 0.07
2 5 15 17 11
0.18 0.05 0.61 0.09 0.08
19 16 8 0 12
0.27 0.06 0.09 0.17 0.4
9 5 4 8 2
0.39 0.06 0.19 0.15 0.21
14 13 16 2 0
0.34 0.09 0.1 0.2 0.27
16 4 0 12 11
0.08 0.15 0.21 0.49 0.07
9 17 7 11 19
0.35 0.09 0.08 0.08 0.4
15 14 18 11 8
0.53 0.26 0.02 0.07 0.11
17 9 5 13 14
0.1 0.39 0.06 0.09 0.36
1 11 0 4 9
0.16 0.08 0.24 0.17 0.34
4 2 17 10 8
0.25 0.27 0.13 0.15 0.2
0 16 2 10 17
0.34 0.13 0.26 0.14 0.13
19 5 0 14 12
0.25 0.03 0.16 0.2 0.36
18 11 15 17 10
0.03 0.09 0.68 0.09 0.11
19 14 0 15 13
0.23 0.19 0.15 0.38 0.05
3 7 19 11 0
0.19 0.08 0.4 0.08 0.25
18 10 8 7 15
0.03 0.1 0.14 0.07 0.65
0 10 11 7 5
0.44 0.18 0.15 0.13 0.1
12 17 10 19 7
0.46 0.07 0.08 0.32 0.06
16 15 4 11 13
0.08 0.6 0.16 0.08 0.08
6 4 8 0 5
0.23 0.21 0.17 0.31 0.07
19 0 13 10 18
0.46 0.29 0.09 0.12 0.03
6 0 13 5 4
0.25 0.34 0.11 0.07 0.23
5 15 3 16 8
0.05 0.58 0.16 0.08 0.12
5 18 2 10 14
0.08 0.04 0.27 0.15 0.46
10 9 7 12 19
0.07 0.23 0.05 0.38 0.27
17 15 2 5 6
0.08 0.56 0.16 0.05 0.16
7 11 12 13 10
0.08 0.09 0.63 0.09 0.11
2 13 12 15 16
0.12 0.05 0.36 0.41 0.06
1 0 18 11 16
0.27 0.4 0.05 0.14 0.15
0 8 16 18 5
0.44 0.24 0.16 0.05 0.1
5 13 18 2 14
0.08 0.12 0.04 0.28 0.47
7 10 16 15 0
0.06 0.09 0.08 0.56 0.21
12 4 1 16 19
0.41 0.12 0.12 0.06 0.28
18 4 0 9 2
0.03 0.17 0.25 0.35 0.19
5 3 0 7 19
0.06 0.19 0.26 0.08 0.41
5 4 18 11 12
0.06 0.19 0.03 0.09 0.63
3 18 0 10 5
0.3 0.05 0.4 0.17 0.09
7 15 3 1 10
0.06 0.55 0.16 0.14 0.09
16 12 17 0 10
0.08 0.52 0.08 0.22 0.09
18 10 9 6 19
0.03 0.1 0.33 0.17 0.37
9 7 5 19 13
0.36 0.08 0.06 0.42 0.09
14 13 8 0 7
0.37 0.09 0.16 0.29 0.09
3 19 11 6 2
0.18 0.38 0.08 0.18 0.18
