#Number of options
20

#Assortments data
9 1 0 11 6
0.22 0.13 0.36 0.23 0.06
15 18 17 12 13
0.25 0.21 0.11 0.32 0.11
1 9 10 19 12
0.09 0.15 0.44 0.14 0.18
10 1 13 15 17
0.57 0.11 0.07 0.18 0.07
3 19 1 18 6
0.59 0.16 0.09 0.12 0.04
15 13 0 9 4
0.16 0.06 0.27 0.17 0.34
9 11 3 16 12
0.12 0.12 0.44 0.17 0.14
19 9 13 4 0
0.16 0.17 0.06 0.34 0.27
8 11 4 6 17
0.09 0.26 0.5 0.06 0.1
4 2 17 10 1
0.26 0.22 0.05 0.39 0.08
16 17 18 12 8
0.35 0.09 0.18 0.29 0.09
7 17 10 11 4
0.31 0.04 0.32 0.11 0.22
19 17 3 4 9
0.12 0.05 0.45 0.25 0.13
4 13 5 3 16
0.2 0.04 0.25 0.36 0.14
9 14 13 12 19
0.23 0.21 0.09 0.26 0.22
8 17 15 3 4
0.05 0.05 0.13 0.5 0.28
14 17 19 7 1
0.16 0.07 0.17 0.5 0.1
19 1 18 5 4
0.14 0.09 0.11 0.37 0.3
9 5 15 11 7
0.12 0.3 0.11 0.12 0.35
19 8 6 4 1
0.23 0.08 0.06 0.48 0.14
13 8 19 17 10
0.08 0.07 0.19 0.08 0.59
7 18 13 8 0
0.48 0.13 0.06 0.06 0.27
11 5 14 12 19
0.16 0.38 0.14 0.18 0.15
12 5 13 6 17
0.25 0.53 0.08 0.05 0.08
3 5 4 17 6
0.41 0.28 0.23 0.04 0.03
3 5 10 17 14
0.35 0.24 0.28 0.04 0.09
3 5 18 2 4
0.34 0.24 0.07 0.16 0.19
6 10 19 9 7
0.03 0.37 0.12 0.12 0.36
3 5 1 12 7
0.34 0.23 0.05 0.11 0.27
3 11 10 8 12
0.4 0.11 0.32 0.04 0.13
5 2 16 0 8
0.33 0.22 0.19 0.21 0.05
14 0 18 2 19
0.16 0.27 0.13 0.28 0.16
12 5 19 16 13
0.18 0.39 0.15 0.22 0.06
7 5 13 9 0
0.35 0.3 0.05 0.12 0.19
8 16 18 9 5
0.06 0.24 0.13 0.17 0.41
1 0 18 10 3
0.06 0.17 0.08 0.31 0.38
8 9 4 0 17
0.07 0.19 0.37 0.3 0.07
15 12 19 14 2
0.16 0.21 0.17 0.17 0.29
17 3 12 13 4
0.05 0.48 0.16 0.05 0.27
16 13 6 2 10
0.21 0.06 0.04 0.25 0.44
18 11 14 13 4
0.15 0.2 0.18 0.07 0.39
7 10 8 14 0
0.33 0.34 0.04 0.11 0.18
2 3 5 16 4
0.15 0.32 0.22 0.13 0.18
17 2 8 14 16
0.08 0.35 0.07 0.2 0.3
7 13 8 19 14
0.52 0.07 0.06 0.17 0.17
12 13 11 1 18
0.3 0.1 0.26 0.15 0.19
2 6 18 4 8
0.33 0.05 0.15 0.4 0.07
9 10 4 12 0
0.11 0.34 0.23 0.13 0.18
13 6 17 3 5
0.05 0.04 0.05 0.51 0.35
6 18 4 10 2
0.03 0.1 0.26 0.39 0.22
6 9 10 5 12
0.03 0.13 0.38 0.32 0.15
0 16 1 9 2
0.26 0.23 0.09 0.16 0.26
14 1 2 11 9
0.18 0.11 0.32 0.2 0.19
5 10 16 18 9
0.29 0.34 0.17 0.09 0.12
2 18 6 7 19
0.25 0.12 0.04 0.44 0.15
8 10 4 3 19
0.04 0.3 0.2 0.37 0.1
18 2 7 6 0
0.11 0.23 0.4 0.04 0.22
9 18 6 17 8
0.36 0.27 0.09 0.14 0.13
6 1 8 19 0
0.07 0.16 0.09 0.26 0.43
16 19 10 5 8
0.17 0.12 0.36 0.3 0.04
18 0 15 13 16
0.15 0.32 0.18 0.07 0.28
8 5 14 12 7
0.04 0.32 0.12 0.15 0.37
6 10 8 5 18
0.04 0.43 0.05 0.37 0.11
16 2 12 18 8
0.27 0.31 0.22 0.14 0.07
15 7 2 8 11
0.13 0.42 0.24 0.05 0.15
0 8 10 1 2
0.22 0.05 0.41 0.08 0.23
16 10 8 19 9
0.21 0.44 0.05 0.14 0.15
14 0 12 4 6
0.16 0.27 0.2 0.34 0.04
8 13 0 16 19
0.07 0.08 0.34 0.3 0.2
18 11 2 1 4
0.13 0.17 0.27 0.1 0.33
10 1 3 2 6
0.33 0.06 0.4 0.18 0.03
18 19 5 15 1
0.13 0.17 0.44 0.16 0.1
3 5 17 2 14
0.4 0.27 0.04 0.18 0.1
2 14 3 11 12
0.2 0.11 0.43 0.12 0.14
11 2 16 13 9
0.19 0.3 0.26 0.07 0.18
5 12 16 19 3
0.26 0.12 0.15 0.1 0.37
3 11 7 0 4
0.32 0.09 0.26 0.14 0.18
11 18 17 10 7
0.13 0.09 0.05 0.37 0.36
6 11 12 14 4
0.05 0.19 0.22 0.17 0.37
19 17 8 9 12
0.25 0.1 0.09 0.26 0.3
1 10 5 11 2
0.07 0.34 0.29 0.12 0.19
19 5 8 3 0
0.11 0.28 0.04 0.4 0.18
2 16 12 11 19
0.26 0.23 0.19 0.17 0.15
1 17 2 5 18
0.1 0.07 0.28 0.42 0.13
19 9 5 10 3
0.09 0.09 0.23 0.27 0.33
1 12 9 7 13
0.1 0.19 0.17 0.48 0.06
0 15 2 9 19
0.26 0.15 0.27 0.16 0.16
12 4 9 10 11
0.14 0.25 0.12 0.36 0.13
13 5 12 2 6
0.06 0.42 0.2 0.28 0.04
9 8 16 3 4
0.12 0.04 0.17 0.43 0.24
11 12 8 6 16
0.24 0.28 0.08 0.06 0.34
10 13 5 2 17
0.38 0.05 0.32 0.21 0.05
7 12 0 18 8
0.43 0.17 0.24 0.11 0.05
10 3 19 11 6
0.33 0.41 0.11 0.12 0.03
9 0 3 17 1
0.14 0.22 0.5 0.05 0.08
2 19 11 17 9
0.33 0.19 0.2 0.08 0.2
10 17 7 12 18
0.36 0.05 0.35 0.14 0.09
16 4 7 15 9
0.17 0.24 0.35 0.11 0.12
15 19 11 3 1
0.13 0.14 0.14 0.51 0.08
3 0 11 1 16
0.44 0.19 0.12 0.07 0.17
3 18 4 8 17
0.51 0.11 0.28 0.05 0.05
19 13 12 6 4
0.2 0.08 0.25 0.05 0.42
2 19 13 1 10
0.25 0.15 0.06 0.09 0.45
1 5 9 0 13
0.1 0.41 0.17 0.27 0.06
12 2 4 8 5
0.15 0.22 0.26 0.05 0.32
14 11 7 18 2
0.13 0.14 0.4 0.1 0.23
4 15 10 16 18
0.25 0.11 0.37 0.18 0.09
10 19 7 2 15
0.31 0.1 0.31 0.18 0.1
18 15 8 7 3
0.09 0.11 0.04 0.34 0.42
7 14 17 10 0
0.33 0.11 0.04 0.34 0.18
13 19 12 14 4
0.07 0.18 0.22 0.17 0.37
4 15 0 8 7
0.26 0.12 0.21 0.05 0.37
18 8 6 2 12
0.18 0.08 0.06 0.39 0.28
12 10 1 6 13
0.22 0.55 0.11 0.05 0.07
14 19 0 6 3
0.13 0.13 0.22 0.03 0.49
13 6 2 11 3
0.05 0.04 0.24 0.15 0.52
16 2 14 7 15
0.18 0.21 0.12 0.37 0.12
1 13 9 10 16
0.09 0.06 0.16 0.47 0.22
19 5 6 15 14
0.17 0.45 0.05 0.17 0.17
11 5 19 3 15
0.11 0.28 0.11 0.4 0.1
1 17 19 2 9
0.13 0.08 0.21 0.36 0.22
8 15 2 10 3
0.04 0.1 0.17 0.31 0.38
3 14 9 13 8
0.58 0.15 0.16 0.06 0.06
4 0 3 15 1
0.23 0.18 0.41 0.11 0.07
5 19 10 11 7
0.24 0.09 0.29 0.1 0.28
15 18 16 2 14
0.16 0.13 0.25 0.29 0.16
18 11 5 6 17
0.15 0.21 0.51 0.05 0.08
1 11 4 10 19
0.08 0.14 0.27 0.39 0.13
14 19 9 8 13
0.26 0.27 0.28 0.1 0.1
5 12 15 4 7
0.26 0.12 0.1 0.21 0.31
8 9 4 19 2
0.06 0.17 0.34 0.16 0.28
13 17 6 16 0
0.09 0.1 0.06 0.35 0.4
14 1 11 7 17
0.16 0.1 0.18 0.5 0.07
13 2 0 19 17
0.08 0.33 0.32 0.19 0.08
19 0 18 5 16
0.13 0.22 0.1 0.34 0.2
7 19 9 6 14
0.48 0.16 0.17 0.04 0.15
9 2 4 16 8
0.16 0.26 0.31 0.22 0.05
16 1 0 6 12
0.28 0.12 0.32 0.05 0.23
2 8 18 6 10
0.28 0.06 0.13 0.04 0.5
11 0 4 13 8
0.19 0.3 0.37 0.07 0.07
18 3 2 8 0
0.09 0.45 0.21 0.04 0.2
0 11 7 16 8
0.22 0.14 0.4 0.2 0.05
5 16 14 3 1
0.27 0.16 0.1 0.4 0.06
6 7 13 19 15
0.05 0.53 0.07 0.18 0.17
8 14 4 0 18
0.06 0.16 0.35 0.28 0.13
6 13 16 11 14
0.06 0.09 0.35 0.26 0.23
14 11 10 19 12
0.13 0.15 0.42 0.14 0.17
4 0 12 7 17
0.25 0.2 0.15 0.36 0.05
10 3 16 13 5
0.27 0.33 0.13 0.03 0.23
5 10 18 12 0
0.28 0.33 0.08 0.13 0.18
1 8 17 16 15
0.16 0.1 0.11 0.39 0.25
19 11 4 17 15
0.18 0.19 0.38 0.07 0.17
6 5 2 10 18
0.03 0.31 0.2 0.36 0.09
13 8 14 1 19
0.12 0.11 0.29 0.18 0.3
17 16 7 9 5
0.05 0.17 0.35 0.12 0.3
15 4 14 3 12
0.11 0.23 0.11 0.42 0.14
17 7 8 18 14
0.07 0.54 0.07 0.14 0.18
2 6 3 12 11
0.21 0.03 0.47 0.15 0.13
11 16 6 9 2
0.19 0.27 0.05 0.19 0.31
5 8 10 15 4
0.29 0.04 0.34 0.11 0.23
4 15 12 8 2
0.33 0.15 0.19 0.06 0.27
5 14 16 3 19
0.26 0.1 0.15 0.38 0.1
9 19 17 0 4
0.17 0.16 0.07 0.27 0.34
4 17 14 16 0
0.32 0.06 0.15 0.22 0.25
12 19 11 14 9
0.23 0.19 0.2 0.18 0.2
11 7 8 17 5
0.14 0.4 0.05 0.05 0.35
18 14 9 8 1
0.21 0.26 0.28 0.1 0.16
7 19 6 13 17
0.59 0.2 0.05 0.08 0.08
12 14 15 13 17
0.31 0.25 0.24 0.1 0.1
7 0 14 12 6
0.42 0.23 0.14 0.17 0.04
13 7 19 6 16
0.06 0.49 0.16 0.04 0.24
12 0 10 3 2
0.11 0.15 0.27 0.33 0.15
1 9 17 7 15
0.1 0.17 0.07 0.5 0.16
3 14 5 8 15
0.44 0.11 0.3 0.04 0.11
10 5 11 16 4
0.3 0.25 0.1 0.14 0.2
19 14 15 8 17
0.27 0.26 0.26 0.1 0.11
15 11 3 2 16
0.11 0.12 0.42 0.19 0.17
11 5 2 6 7
0.12 0.3 0.2 0.03 0.35
9 5 7 1 4
0.11 0.28 0.32 0.07 0.22
5 19 18 3 9
0.28 0.11 0.09 0.41 0.11
5 10 17 0 15
0.3 0.35 0.05 0.19 0.11
7 18 11 16 0
0.38 0.1 0.13 0.19 0.21
5 15 14 10 7
0.24 0.09 0.09 0.29 0.28
12 9 18 13 7
0.19 0.16 0.12 0.06 0.47
15 2 13 3 19
0.12 0.22 0.05 0.48 0.13
13 0 10 8 16
0.06 0.24 0.44 0.05 0.21
16 10 4 0 15
0.16 0.33 0.23 0.18 0.1
2 6 11 4 14
0.28 0.04 0.18 0.34 0.16
12 4 6 15 13
0.25 0.42 0.05 0.19 0.08
6 5 15 18 12
0.05 0.44 0.16 0.14 0.21
8 14 2 17 10
0.06 0.15 0.26 0.06 0.47
13 6 19 7 12
0.07 0.05 0.17 0.51 0.21
5 11 19 15 9
0.39 0.16 0.15 0.14 0.16
1 11 2 12 19
0.11 0.19 0.31 0.22 0.18
1 12 17 13 8
0.2 0.41 0.13 0.13 0.12
3 8 0 16 15
0.46 0.04 0.2 0.18 0.12
17 7 16 5 6
0.05 0.39 0.19 0.33 0.03
9 2 19 8 5
0.16 0.26 0.15 0.05 0.39
14 15 16 12 18
0.18 0.18 0.27 0.23 0.15
8 4 13 15 19
0.08 0.43 0.08 0.2 0.21
