#Number of options
20

#Assortments data
8 6 3 16 4
0.07 0.09 0.39 0.1 0.34
19 16 6 18 13
0.25 0.24 0.23 0.2 0.08
13 7 3 5 4
0.03 0.11 0.34 0.23 0.29
0 16 15 14 9
0.47 0.12 0.14 0.21 0.06
18 8 12 13 6
0.2 0.19 0.31 0.08 0.23
3 6 18 7 4
0.38 0.09 0.08 0.13 0.33
7 11 8 19 9
0.07 0.82 0.04 0.05 0.02
2 9 1 17 7
0.52 0.08 0.11 0.06 0.23
2 9 1 10 6
0.32 0.05 0.06 0.47 0.1
13 3 0 10 14
0.02 0.28 0.26 0.32 0.12
14 16 12 15 3
0.19 0.11 0.14 0.12 0.44
13 10 16 3 0
0.02 0.33 0.07 0.29 0.28
9 4 14 2 7
0.05 0.35 0.17 0.3 0.13
6 1 19 4 15
0.13 0.09 0.14 0.48 0.15
18 17 8 11 7
0.04 0.02 0.04 0.84 0.07
15 19 14 17 13
0.25 0.23 0.38 0.08 0.07
10 6 8 0 2
0.35 0.07 0.06 0.29 0.24
8 16 7 19 0
0.1 0.13 0.17 0.13 0.48
6 5 2 14 7
0.09 0.28 0.31 0.17 0.14
10 0 18 1 8
0.43 0.36 0.08 0.06 0.07
16 18 6 1 7
0.21 0.17 0.2 0.13 0.29
8 13 7 17 1
0.22 0.09 0.4 0.11 0.18
8 6 7 11 3
0.03 0.04 0.06 0.71 0.17
10 17 0 3 15
0.33 0.03 0.27 0.29 0.08
5 15 7 9 0
0.29 0.12 0.14 0.05 0.4
4 18 19 17 12
0.5 0.12 0.15 0.05 0.18
11 15 2 9 4
0.68 0.04 0.12 0.02 0.14
5 4 13 0 11
0.1 0.13 0.01 0.14 0.62
3 11 14 16 2
0.15 0.64 0.06 0.04 0.11
1 12 13 15 0
0.09 0.18 0.04 0.16 0.54
16 0 18 9 17
0.15 0.59 0.13 0.07 0.06
0 4 8 18 5
0.33 0.3 0.07 0.07 0.24
5 13 4 17 6
0.35 0.04 0.44 0.05 0.12
4 9 2 5 1
0.33 0.05 0.29 0.27 0.06
1 18 11 13 19
0.03 0.04 0.86 0.02 0.05
5 16 1 17 13
0.55 0.2 0.12 0.07 0.06
5 15 8 2 1
0.33 0.13 0.09 0.37 0.07
13 16 8 12 3
0.04 0.14 0.1 0.17 0.55
6 1 2 7 19
0.13 0.09 0.44 0.19 0.15
6 15 14 10 3
0.08 0.09 0.14 0.37 0.33
1 0 3 14 5
0.05 0.29 0.31 0.13 0.22
7 14 16 12 0
0.15 0.19 0.11 0.14 0.42
16 19 4 9 10
0.09 0.1 0.33 0.05 0.43
16 1 5 3 7
0.1 0.06 0.28 0.41 0.14
15 2 14 11 8
0.05 0.13 0.07 0.72 0.03
12 18 4 0 8
0.12 0.08 0.35 0.38 0.08
11 8 3 14 4
0.63 0.03 0.15 0.06 0.13
2 1 12 17 10
0.31 0.06 0.13 0.04 0.46
12 0 17 18 15
0.17 0.52 0.05 0.11 0.15
18 14 3 10 13
0.07 0.15 0.35 0.4 0.03
