#Number of options
20

#Assortments data
6 17 15 14 1
0.1 0.22 0.2 0.11 0.39
9 3 8 2 12
0.26 0.2 0.04 0.41 0.09
0 6 18 4 7
0.21 0.07 0.16 0.18 0.4
2 5 18 8 7
0.36 0.11 0.14 0.03 0.36
4 13 19 7 12
0.2 0.18 0.08 0.44 0.1
9 0 13 14 8
0.35 0.28 0.22 0.1 0.05
9 3 1 19 17
0.28 0.21 0.28 0.08 0.16
8 19 10 13 15
0.07 0.13 0.25 0.3 0.25
1 8 16 15 19
0.17 0.02 0.67 0.09 0.05
8 10 9 4 17
0.05 0.18 0.34 0.24 0.2
14 1 19 15 9
0.09 0.33 0.09 0.17 0.32
19 10 3 9 7
0.07 0.12 0.19 0.24 0.38
11 19 0 5 3
0.06 0.11 0.33 0.2 0.31
9 17 13 15 4
0.3 0.17 0.18 0.15 0.2
9 7 18 1 6
0.23 0.35 0.14 0.23 0.06
16 13 18 1 17
0.58 0.09 0.09 0.15 0.08
10 7 11 8 9
0.15 0.46 0.04 0.04 0.3
2 3 14 17 12
0.44 0.22 0.08 0.16 0.1
10 0 6 3 12
0.19 0.3 0.1 0.28 0.13
10 14 0 6 16
0.09 0.05 0.14 0.05 0.68
8 19 13 10 7
0.04 0.09 0.2 0.17 0.5
9 15 13 8 0
0.32 0.17 0.2 0.04 0.26
15 19 13 16 14
0.09 0.05 0.11 0.7 0.05
5 0 2 7 14
0.1 0.17 0.33 0.33 0.06
14 2 10 5 15
0.08 0.47 0.15 0.14 0.15
15 9 11 14 13
0.2 0.39 0.06 0.11 0.24
4 2 14 10 5
0.2 0.44 0.08 0.14 0.14
9 4 1 15 14
0.29 0.2 0.29 0.15 0.08
8 1 3 12 14
0.05 0.4 0.3 0.14 0.11
5 13 6 8 10
0.24 0.31 0.13 0.07 0.25
7 17 9 5 4
0.36 0.13 0.23 0.11 0.16
11 7 15 9 14
0.04 0.44 0.15 0.29 0.08
14 13 4 5 17
0.11 0.23 0.26 0.18 0.21
11 13 7 5 2
0.03 0.14 0.35 0.11 0.36
16 8 6 7 5
0.62 0.02 0.04 0.24 0.08
14 7 3 13 1
0.07 0.37 0.18 0.15 0.24
0 14 3 16 4
0.13 0.04 0.12 0.61 0.11
6 8 19 11 3
0.16 0.09 0.17 0.09 0.49
7 16 10 18 5
0.22 0.55 0.07 0.09 0.07
9 18 0 12 4
0.29 0.18 0.23 0.1 0.2
5 4 10 19 7
0.14 0.2 0.15 0.08 0.44
6 11 12 19 3
0.14 0.08 0.2 0.15 0.42
19 17 2 6 16
0.04 0.09 0.24 0.04 0.59
6 15 14 9 17
0.1 0.2 0.11 0.38 0.22
11 1 3 7 17
0.04 0.25 0.19 0.38 0.14
18 0 17 4 8
0.22 0.29 0.2 0.25 0.05
6 18 9 2 19
0.07 0.16 0.27 0.42 0.07
12 2 13 19 6
0.12 0.51 0.2 0.09 0.08
3 2 6 11 7
0.18 0.37 0.06 0.03 0.36
16 8 19 12 4
0.73 0.03 0.05 0.07 0.13
