#Number of options
20

#Assortments data
6 12 8 11 0
0.28 0.24 0.24 0.04 0.2
8 11 19 6 4
0.17 0.03 0.39 0.2 0.22
2 3 5 9 0
0.34 0.1 0.06 0.21 0.28
3 10 5 2 0
0.11 0.13 0.07 0.38 0.31
13 17 5 9 16
0.11 0.08 0.13 0.42 0.26
5 11 18 9 19
0.06 0.05 0.03 0.18 0.68
2 13 10 1 12
0.36 0.06 0.13 0.1 0.35
9 14 7 2 8
0.17 0.23 0.04 0.28 0.28
17 13 14 5 15
0.06 0.08 0.42 0.1 0.34
15 7 9 12 6
0.18 0.04 0.17 0.28 0.33
2 1 0 10 14
0.31 0.09 0.25 0.11 0.25
13 19 3 11 14
0.04 0.62 0.08 0.04 0.22
4 15 14 11 17
0.43 0.21 0.27 0.05 0.04
16 6 8 17 13
0.14 0.41 0.35 0.04 0.06
8 0 2 6 15
0.22 0.18 0.22 0.25 0.14
17 11 10 15 6
0.05 0.06 0.14 0.27 0.48
11 17 18 10 6
0.08 0.06 0.06 0.19 0.61
6 0 15 12 3
0.3 0.21 0.17 0.25 0.08
1 4 13 8 14
0.08 0.37 0.05 0.28 0.23
14 9 10 0 3
0.28 0.21 0.12 0.28 0.1
10 8 3 7 4
0.11 0.32 0.1 0.05 0.42
14 16 8 11 12
0.25 0.12 0.3 0.05 0.29
19 14 8 4 7
0.41 0.15 0.18 0.23 0.03
12 14 2 19 13
0.19 0.16 0.19 0.44 0.03
14 16 5 17 6
0.31 0.14 0.07 0.04 0.43
1 18 0 5 11
0.19 0.07 0.53 0.12 0.1
19 4 14 9 2
0.38 0.22 0.14 0.1 0.17
12 8 17 11 1
0.39 0.39 0.05 0.06 0.11
4 12 8 5 2
0.29 0.22 0.22 0.04 0.22
19 13 0 18 1
0.62 0.04 0.22 0.03 0.08
3 0 14 1 18
0.13 0.35 0.35 0.12 0.05
6 17 9 12 1
0.37 0.04 0.19 0.31 0.09
7 4 3 8 14
0.04 0.37 0.08 0.28 0.23
1 8 9 12 19
0.06 0.19 0.12 0.19 0.44
1 5 13 9 3
0.19 0.12 0.11 0.39 0.19
6 14 5 15 2
0.3 0.21 0.05 0.17 0.26
4 18 16 8 13
0.44 0.04 0.13 0.34 0.05
18 1 17 4 3
0.05 0.14 0.05 0.62 0.14
18 6 4 8 7
0.03 0.31 0.35 0.27 0.04
9 17 5 19 16
0.17 0.03 0.05 0.64 0.11
15 2 13 11 3
0.29 0.44 0.07 0.07 0.13
13 1 2 12 19
0.03 0.06 0.21 0.21 0.49
10 4 11 3 16
0.14 0.53 0.06 0.12 0.16
5 13 0 3 12
0.08 0.07 0.34 0.12 0.4
15 17 0 6 9
0.19 0.03 0.25 0.34 0.18
1 5 0 18 2
0.12 0.08 0.34 0.05 0.42
12 16 2 11 4
0.26 0.1 0.26 0.04 0.34
9 4 13 2 18
0.19 0.41 0.05 0.32 0.03
19 17 7 10 13
0.75 0.04 0.05 0.11 0.05
9 18 2 17 15
0.24 0.04 0.4 0.05 0.26
