#Number of options
20

#Assortments data
16 12 6 0 18
0.09 0.21 0.54 0.14 0.02
15 10 19 7 6
0.17 0.07 0.36 0.02 0.38
7 2 6 0 11
0.03 0.2 0.56 0.15 0.05
13 7 5 8 2
0.02 0.03 0.04 0.73 0.18
8 17 5 18 14
0.5 0.03 0.03 0.01 0.43
15 17 10 1 16
0.45 0.08 0.19 0.12 0.16
4 8 3 5 10
0.17 0.61 0.11 0.04 0.08
7 10 1 6 15
0.03 0.1 0.07 0.55 0.25
13 11 17 9 8
0.02 0.05 0.04 0.19 0.71
12 0 4 6 18
0.19 0.13 0.19 0.48 0.01
10 0 1 19 2
0.1 0.14 0.06 0.5 0.19
11 3 13 4 17
0.11 0.3 0.04 0.45 0.09
3 5 8 0 16
0.12 0.04 0.65 0.12 0.07
13 7 15 16 1
0.05 0.07 0.54 0.2 0.14
2 10 8 1 5
0.16 0.09 0.66 0.05 0.04
8 0 1 10 14
0.44 0.08 0.04 0.06 0.38
6 2 19 5 1
0.4 0.14 0.38 0.03 0.05
13 2 7 19 4
0.02 0.2 0.03 0.53 0.22
3 16 4 13 0
0.24 0.15 0.35 0.03 0.24
15 1 5 19 9
0.23 0.06 0.04 0.48 0.19
18 0 10 5 9
0.03 0.28 0.2 0.09 0.4
8 9 4 12 15
0.47 0.13 0.13 0.13 0.15
0 18 19 2 16
0.15 0.02 0.54 0.2 0.09
13 5 9 3 18
0.05 0.11 0.48 0.33 0.04
6 16 1 5 19
0.43 0.07 0.05 0.04 0.41
15 0 3 6 16
0.21 0.12 0.12 0.46 0.08
6 1 16 17 11
0.68 0.08 0.11 0.06 0.07
2 3 14 19 5
0.12 0.09 0.43 0.33 0.03
8 2 10 18 14
0.44 0.11 0.06 0.01 0.38
1 0 4 13 18
0.14 0.31 0.46 0.04 0.04
10 0 7 5 2
0.2 0.28 0.06 0.09 0.37
16 8 2 11 3
0.07 0.62 0.15 0.04 0.11
13 17 4 12 6
0.02 0.04 0.21 0.2 0.53
12 1 6 9 17
0.2 0.06 0.51 0.2 0.04
6 18 7 1 5
0.77 0.02 0.05 0.09 0.07
3 15 16 1 5
0.24 0.41 0.15 0.11 0.08
8 6 0 16 2
0.45 0.31 0.08 0.05 0.11
18 0 12 4 2
0.02 0.19 0.27 0.27 0.25
9 6 10 0 13
0.21 0.53 0.1 0.14 0.02
8 16 14 3 11
0.45 0.05 0.39 0.08 0.03
4 9 1 15 5
0.27 0.27 0.08 0.31 0.06
15 0 1 19 5
0.24 0.14 0.06 0.51 0.05
2 13 19 12 6
0.13 0.01 0.35 0.14 0.37
17 6 7 18 5
0.06 0.79 0.05 0.02 0.07
19 17 8 14 4
0.23 0.02 0.35 0.3 0.1
5 10 16 17 13
0.16 0.34 0.29 0.15 0.07
13 5 8 19 7
0.01 0.03 0.56 0.37 0.02
10 16 14 5 13
0.11 0.09 0.72 0.05 0.02
14 18 3 1 17
0.72 0.02 0.15 0.07 0.05
19 15 8 3 5
0.3 0.14 0.45 0.08 0.03
8 2 12 11 10
0.59 0.14 0.16 0.04 0.08
15 8 7 11 14
0.14 0.44 0.02 0.03 0.38
9 15 12 6 17
0.17 0.2 0.17 0.43 0.04
12 18 17 11 16
0.51 0.04 0.11 0.13 0.22
5 4 8 9 1
0.04 0.16 0.59 0.16 0.05
12 5 1 6 14
0.14 0.03 0.04 0.35 0.44
16 9 13 1 18
0.22 0.52 0.05 0.16 0.04
19 9 16 17 5
0.57 0.23 0.1 0.05 0.05
17 16 14 19 8
0.02 0.04 0.32 0.24 0.37
13 7 15 19 17
0.02 0.04 0.29 0.6 0.05
19 5 15 18 13
0.61 0.06 0.29 0.02 0.02
8 18 11 4 15
0.6 0.01 0.04 0.16 0.19
13 15 11 7 8
0.02 0.22 0.05 0.03 0.69
18 19 1 4 2
0.02 0.51 0.07 0.21 0.19
19 16 15 17 12
0.47 0.08 0.22 0.04 0.19
18 4 9 14 12
0.01 0.16 0.16 0.51 0.16
7 14 8 3 0
0.02 0.38 0.44 0.08 0.08
17 4 8 11 12
0.03 0.16 0.6 0.04 0.16
19 14 0 8 12
0.22 0.29 0.06 0.34 0.09
2 3 6 7 4
0.17 0.13 0.48 0.03 0.19
19 9 14 8 11
0.23 0.09 0.3 0.35 0.02
12 0 7 1 6
0.21 0.15 0.03 0.07 0.54
13 3 1 19 17
0.03 0.18 0.08 0.65 0.06
15 0 9 10 16
0.31 0.18 0.26 0.13 0.11
6 2 4 5 7
0.53 0.19 0.21 0.05 0.03
17 3 1 6 0
0.05 0.15 0.07 0.58 0.15
6 13 12 4 11
0.52 0.02 0.2 0.21 0.05
18 9 10 19 1
0.02 0.23 0.11 0.57 0.07
5 8 19 9 6
0.02 0.38 0.25 0.1 0.26
3 5 10 8 16
0.12 0.04 0.09 0.67 0.08
17 11 4 19 13
0.05 0.06 0.25 0.61 0.02
13 16 9 19 2
0.02 0.09 0.2 0.5 0.19
2 17 5 12 0
0.3 0.07 0.07 0.33 0.23
16 17 13 19 9
0.1 0.05 0.02 0.59 0.24
16 1 0 3 8
0.07 0.05 0.12 0.12 0.64
2 4 1 19 0
0.17 0.19 0.06 0.45 0.13
0 14 9 16 8
0.08 0.36 0.11 0.05 0.41
10 16 1 13 5
0.31 0.27 0.2 0.06 0.15
3 16 0 11 19
0.15 0.09 0.15 0.06 0.54
5 11 15 7 9
0.08 0.09 0.42 0.06 0.36
9 19 0 17 13
0.22 0.55 0.16 0.05 0.02
5 4 12 6 18
0.05 0.21 0.2 0.53 0.02
17 14 18 19 12
0.03 0.47 0.01 0.35 0.14
17 7 5 6 9
0.05 0.04 0.05 0.62 0.24
5 8 9 18 12
0.04 0.62 0.16 0.01 0.16
2 17 18 9 16
0.35 0.08 0.03 0.38 0.16
19 18 17 12 7
0.63 0.02 0.05 0.26 0.04
1 16 14 11 2
0.06 0.08 0.63 0.05 0.18
5 18 15 12 4
0.06 0.02 0.33 0.29 0.29
10 15 13 0 3
0.16 0.37 0.03 0.22 0.22
11 18 8 16 2
0.05 0.01 0.69 0.08 0.17
15 11 7 19 18
0.28 0.06 0.04 0.6 0.02
9 10 5 16 2
0.33 0.16 0.07 0.14 0.3
12 8 7 0 16
0.17 0.62 0.03 0.11 0.07
4 17 5 18 14
0.21 0.04 0.05 0.02 0.68
3 14 18 11 10
0.14 0.68 0.02 0.05 0.1
1 6 17 16 5
0.08 0.69 0.06 0.11 0.06
4 0 12 17 1
0.32 0.21 0.31 0.07 0.1
16 2 8 5 19
0.05 0.12 0.48 0.03 0.32
18 16 10 1 2
0.04 0.19 0.22 0.14 0.41
18 11 9 5 2
0.03 0.1 0.4 0.09 0.37
4 16 19 8 0
0.12 0.05 0.29 0.45 0.08
6 9 16 12 5
0.49 0.19 0.08 0.19 0.04
13 8 11 3 12
0.02 0.65 0.04 0.12 0.17
9 6 7 15 16
0.19 0.48 0.03 0.22 0.08
10 2 7 19 9
0.1 0.18 0.03 0.49 0.2
17 9 8 2 3
0.03 0.15 0.57 0.14 0.1
8 12 16 15 14
0.39 0.1 0.04 0.12 0.34
1 14 17 15 9
0.05 0.55 0.04 0.2 0.17
8 17 0 19 5
0.51 0.03 0.09 0.33 0.03
14 17 8 0 13
0.41 0.03 0.47 0.09 0.01
15 17 19 13 6
0.18 0.03 0.38 0.02 0.4
9 5 10 17 3
0.38 0.09 0.19 0.08 0.26
11 19 4 17 14
0.03 0.34 0.14 0.03 0.45
9 2 15 0 13
0.26 0.24 0.3 0.18 0.03
16 3 5 2 4
0.13 0.21 0.07 0.28 0.31
14 1 10 15 19
0.42 0.04 0.06 0.15 0.32
17 8 1 19 15
0.03 0.47 0.04 0.31 0.15
13 11 17 19 8
0.01 0.04 0.03 0.36 0.55
6 2 17 1 19
0.4 0.14 0.03 0.05 0.38
8 19 3 1 2
0.46 0.3 0.08 0.04 0.11
1 19 15 0 2
0.06 0.44 0.21 0.12 0.17
2 0 9 17 10
0.28 0.21 0.3 0.06 0.15
12 10 15 11 16
0.3 0.15 0.35 0.07 0.13
4 5 19 1 14
0.14 0.03 0.34 0.04 0.45
13 18 6 3 2
0.02 0.02 0.59 0.16 0.21
3 0 15 5 8
0.11 0.11 0.18 0.03 0.57
5 2 11 4 19
0.05 0.19 0.05 0.21 0.5
13 3 2 10 16
0.04 0.26 0.35 0.19 0.16
9 3 0 7 19
0.2 0.14 0.14 0.03 0.49
10 3 7 13 17
0.3 0.42 0.1 0.06 0.13
13 10 0 8 4
0.02 0.08 0.11 0.62 0.17
10 3 14 1 18
0.1 0.14 0.68 0.07 0.02
0 2 9 8 7
0.11 0.14 0.15 0.58 0.02
19 15 14 17 16
0.33 0.16 0.43 0.03 0.06
1 11 17 9 19
0.07 0.06 0.05 0.24 0.58
18 14 8 2 17
0.01 0.4 0.46 0.11 0.03
8 3 14 17 1
0.46 0.08 0.4 0.03 0.04
5 18 0 7 3
0.12 0.04 0.37 0.09 0.37
6 19 18 11 12
0.41 0.39 0.01 0.04 0.16
0 3 4 5 15
0.18 0.18 0.27 0.06 0.31
2 18 3 1 10
0.37 0.03 0.28 0.13 0.2
14 11 15 9 6
0.39 0.03 0.14 0.12 0.31
4 14 18 9 0
0.17 0.54 0.01 0.16 0.11
1 8 12 0 2
0.05 0.56 0.15 0.1 0.14
7 1 10 14 0
0.03 0.06 0.1 0.66 0.14
2 10 17 15 18
0.32 0.17 0.07 0.41 0.03
6 17 10 0 14
0.36 0.03 0.07 0.1 0.45
18 7 12 10 11
0.04 0.08 0.51 0.25 0.13
9 6 1 19 8
0.1 0.26 0.03 0.24 0.37
6 13 0 1 14
0.37 0.01 0.1 0.05 0.47
4 11 18 5 12
0.4 0.1 0.03 0.09 0.39
4 1 5 9 19
0.2 0.06 0.05 0.2 0.49
9 4 15 7 3
0.25 0.25 0.29 0.04 0.17
4 18 15 2 13
0.31 0.02 0.36 0.28 0.03
11 8 6 16 14
0.02 0.37 0.25 0.04 0.32
11 3 0 2 4
0.07 0.19 0.19 0.26 0.29
9 12 0 5 14
0.16 0.16 0.11 0.04 0.53
15 5 19 13 14
0.16 0.03 0.34 0.01 0.45
2 8 12 14 7
0.1 0.41 0.11 0.36 0.02
12 9 4 6 10
0.16 0.16 0.17 0.42 0.08
10 0 16 7 14
0.1 0.14 0.08 0.03 0.65
14 16 15 19 6
0.33 0.04 0.12 0.25 0.26
14 15 11 16 3
0.56 0.2 0.04 0.07 0.12
1 5 16 3 13
0.18 0.13 0.24 0.39 0.06
16 17 4 7 19
0.1 0.05 0.24 0.04 0.58
11 1 18 13 5
0.26 0.32 0.08 0.1 0.23
15 3 18 13 17
0.52 0.31 0.04 0.04 0.09
4 15 17 9 1
0.27 0.32 0.06 0.27 0.08
1 18 14 15 0
0.06 0.01 0.59 0.21 0.13
11 18 4 2 10
0.09 0.03 0.37 0.33 0.18
13 1 16 18 12
0.05 0.16 0.22 0.04 0.52
9 1 10 19 12
0.19 0.06 0.09 0.47 0.19
17 4 1 3 15
0.06 0.3 0.09 0.2 0.34
11 9 8 4 19
0.03 0.12 0.44 0.12 0.29
12 14 0 7 10
0.18 0.58 0.12 0.03 0.09
5 11 7 6 0
0.06 0.06 0.04 0.66 0.18
12 16 0 9 10
0.28 0.12 0.19 0.28 0.14
1 18 12 13 5
0.18 0.05 0.58 0.06 0.13
3 0 6 1 18
0.16 0.16 0.59 0.07 0.02
9 3 19 11 0
0.2 0.14 0.48 0.05 0.14
12 18 17 0 7
0.47 0.04 0.1 0.32 0.07
15 12 0 2 4
0.24 0.21 0.14 0.19 0.21
0 1 12 16 10
0.24 0.11 0.34 0.15 0.17
18 1 8 16 10
0.02 0.06 0.74 0.08 0.1
17 4 18 3 19
0.05 0.23 0.02 0.15 0.55
3 1 0 9 5
0.24 0.11 0.24 0.34 0.08
18 13 4 9 15
0.02 0.03 0.3 0.3 0.35
0 7 13 3 19
0.17 0.04 0.02 0.17 0.6
12 9 11 13 16
0.36 0.36 0.09 0.04 0.15
