#Number of options
20

#Assortments data
14 1 11 5 19
0.07 0.67 0.04 0.11 0.11
2 16 15 1 13
0.09 0.17 0.15 0.27 0.32
2 19 9 0 6
0.17 0.09 0.4 0.12 0.22
14 2 18 3 1
0.06 0.19 0.09 0.08 0.57
15 10 7 19 12
0.38 0.08 0.08 0.12 0.34
0 8 15 11 1
0.12 0.07 0.27 0.03 0.5
1 8 18 16 15
0.4 0.05 0.07 0.26 0.22
5 19 6 7 16
0.11 0.11 0.28 0.08 0.42
4 3 12 19 15
0.13 0.1 0.31 0.11 0.35
11 13 14 2 5
0.03 0.64 0.06 0.18 0.09
17 12 3 0 9
0.67 0.1 0.03 0.05 0.16
0 15 19 2 16
0.13 0.28 0.09 0.17 0.33
19 2 1 12 13
0.05 0.11 0.31 0.15 0.38
15 9 6 4 16
0.21 0.3 0.17 0.07 0.25
11 15 0 2 3
0.04 0.41 0.18 0.25 0.11
10 14 17 0 6
0.03 0.02 0.79 0.06 0.1
2 14 13 18 8
0.17 0.05 0.62 0.08 0.07
6 9 7 19 18
0.26 0.47 0.07 0.1 0.1
8 1 5 3 10
0.09 0.64 0.11 0.1 0.07
11 3 0 18 8
0.08 0.2 0.33 0.22 0.18
15 19 4 14 18
0.46 0.14 0.16 0.09 0.14
17 13 11 4 14
0.68 0.25 0.01 0.04 0.02
0 8 11 1 5
0.15 0.08 0.04 0.62 0.1
1 3 19 8 12
0.52 0.08 0.09 0.07 0.25
1 0 4 5 3
0.57 0.14 0.11 0.09 0.08
9 5 7 12 19
0.46 0.1 0.07 0.28 0.1
12 9 16 4 0
0.2 0.34 0.27 0.08 0.1
7 12 9 19 4
0.07 0.27 0.45 0.1 0.11
8 18 3 10 7
0.2 0.24 0.22 0.17 0.17
14 18 11 8 2
0.13 0.2 0.07 0.17 0.42
2 19 10 13 7
0.17 0.09 0.06 0.62 0.06
9 6 14 7 4
0.48 0.26 0.06 0.07 0.12
8 15 14 17 6
0.03 0.12 0.02 0.73 0.09
7 13 15 19 16
0.04 0.45 0.2 0.06 0.24
10 13 17 19 1
0.02 0.21 0.57 0.03 0.17
18 5 2 6 3
0.13 0.13 0.27 0.34 0.12
14 19 5 13 10
0.06 0.1 0.09 0.69 0.06
16 3 6 0 2
0.36 0.08 0.24 0.14 0.19
6 7 17 1 10
0.09 0.02 0.67 0.2 0.02
19 5 15 0 10
0.14 0.13 0.44 0.2 0.09
4 8 19 18 17
0.05 0.03 0.04 0.04 0.83
13 10 4 1 11
0.47 0.04 0.07 0.39 0.02
15 16 13 0 12
0.17 0.21 0.39 0.08 0.15
18 1 14 8 7
0.11 0.66 0.07 0.09 0.08
2 13 11 18 6
0.15 0.55 0.03 0.07 0.19
16 19 11 2 13
0.27 0.07 0.02 0.14 0.5
3 14 12 9 5
0.09 0.06 0.28 0.47 0.1
2 18 11 3 5
0.39 0.19 0.07 0.17 0.19
9 1 4 3 18
0.34 0.44 0.08 0.06 0.07
11 10 0 7 12
0.06 0.11 0.24 0.12 0.47
