#Number of options
20

#Assortments data
8 12 9 13 11
0.11 0.17 0.63 0.07 0.02
3 1 0 9 16
0.12 0.13 0.09 0.57 0.1
12 3 1 0 10
0.29 0.22 0.24 0.17 0.08
1 14 7 15 0
0.24 0.18 0.16 0.25 0.17
12 15 14 0 4
0.29 0.25 0.18 0.17 0.11
6 2 8 10 15
0.15 0.33 0.19 0.08 0.25
0 3 15 17 6
0.15 0.2 0.23 0.29 0.13
8 10 12 13 4
0.24 0.11 0.36 0.16 0.14
12 6 17 4 11
0.32 0.16 0.36 0.12 0.03
13 15 5 17 16
0.13 0.26 0.07 0.34 0.2
8 1 14 18 4
0.25 0.31 0.24 0.06 0.15
19 10 11 8 15
0.2 0.12 0.04 0.27 0.37
17 10 4 5 8
0.42 0.11 0.14 0.09 0.24
5 13 18 17 11
0.12 0.21 0.07 0.55 0.04
7 5 3 17 15
0.16 0.07 0.21 0.32 0.24
15 18 5 7 11
0.46 0.08 0.13 0.29 0.05
19 1 17 12 7
0.12 0.21 0.28 0.25 0.14
6 13 1 0 4
0.18 0.16 0.3 0.22 0.14
6 18 13 19 8
0.23 0.07 0.2 0.21 0.29
12 16 7 19 10
0.34 0.22 0.19 0.16 0.1
