#Number of options
20

#Assortments data
13 7 18 11 12
0.03 0.16 0.06 0.33 0.42
5 10 2 15 0
0.11 0.18 0.17 0.09 0.44
15 18 3 13 5
0.16 0.06 0.54 0.03 0.2
17 8 1 14 10
0.03 0.16 0.08 0.36 0.37
16 17 1 11 8
0.22 0.04 0.1 0.45 0.2
5 1 0 14 13
0.14 0.05 0.56 0.23 0.02
5 16 11 9 15
0.19 0.15 0.31 0.19 0.16
2 7 8 10 9
0.27 0.13 0.12 0.29 0.18
16 6 14 9 8
0.16 0.14 0.34 0.21 0.15
14 15 0 3 5
0.16 0.08 0.39 0.27 0.1
4 16 0 6 5
0.34 0.08 0.41 0.07 0.1
3 16 13 5 6
0.51 0.14 0.03 0.19 0.13
14 2 11 15 17
0.28 0.27 0.28 0.14 0.03
12 19 18 9 14
0.29 0.29 0.04 0.14 0.23
17 10 1 14 2
0.03 0.31 0.07 0.3 0.29
8 11 13 16 1
0.2 0.45 0.04 0.21 0.1
12 1 3 2 19
0.23 0.04 0.32 0.18 0.23
18 14 17 3 4
0.04 0.2 0.02 0.34 0.41
0 5 12 13 4
0.38 0.1 0.19 0.01 0.32
15 8 3 13 19
0.13 0.11 0.43 0.02 0.31
