#Number of options
20

#Assortments data
16 10 8 4 11
0.61 0.09 0.09 0.16 0.05
16 3 19 14 4
0.51 0.12 0.09 0.14 0.14
5 17 1 0 7
0.06 0.19 0.6 0.07 0.07
7 4 19 8 9
0.16 0.14 0.1 0.08 0.52
15 19 11 16 0
0.28 0.08 0.03 0.46 0.14
15 9 13 17 16
0.14 0.22 0.25 0.17 0.22
14 13 17 5 15
0.09 0.37 0.26 0.08 0.2
8 4 3 19 6
0.14 0.26 0.23 0.18 0.19
16 9 19 17 1
0.18 0.18 0.03 0.15 0.46
0 10 15 12 19
0.17 0.09 0.34 0.3 0.1
14 2 12 6 18
0.17 0.29 0.32 0.12 0.11
10 0 9 5 6
0.08 0.16 0.52 0.13 0.1
10 17 12 3 14
0.08 0.39 0.27 0.12 0.14
15 2 9 16 5
0.19 0.15 0.29 0.3 0.07
12 7 4 8 1
0.15 0.08 0.07 0.04 0.67
18 10 1 19 4
0.05 0.05 0.76 0.06 0.08
19 1 8 17 15
0.04 0.59 0.03 0.19 0.15
7 15 3 4 5
0.18 0.38 0.14 0.16 0.14
10 1 8 6 11
0.05 0.81 0.05 0.06 0.02
14 16 17 10 3
0.12 0.41 0.32 0.06 0.09
18 3 19 8 6
0.19 0.25 0.2 0.15 0.21
11 0 18 10 12
0.06 0.24 0.14 0.12 0.43
13 1 15 16 7
0.2 0.45 0.11 0.18 0.05
1 18 11 17 15
0.6 0.04 0.02 0.19 0.15
19 6 16 10 13
0.07 0.07 0.38 0.06 0.43
18 19 6 13 15
0.08 0.08 0.08 0.49 0.27
12 16 6 19 18
0.26 0.48 0.09 0.09 0.08
14 15 5 10 8
0.2 0.43 0.16 0.11 0.1
9 0 15 11 14
0.43 0.14 0.28 0.03 0.13
8 5 16 7 0
0.07 0.12 0.51 0.15 0.15
14 15 12 3 17
0.11 0.25 0.22 0.09 0.32
3 14 18 15 9
0.1 0.12 0.08 0.27 0.43
19 13 9 7 12
0.06 0.36 0.31 0.09 0.17
0 7 10 16 15
0.13 0.12 0.07 0.42 0.26
16 8 19 11 9
0.42 0.06 0.08 0.03 0.41
17 0 2 5 12
0.33 0.13 0.21 0.1 0.23
4 8 6 12 1
0.07 0.04 0.05 0.15 0.68
3 11 8 15 0
0.17 0.05 0.1 0.45 0.22
18 14 8 2 19
0.14 0.22 0.11 0.38 0.14
13 5 6 10 3
0.58 0.12 0.1 0.08 0.12
18 12 6 8 7
0.13 0.4 0.14 0.11 0.22
4 9 6 1 12
0.06 0.22 0.04 0.56 0.12
1 2 16 5 6
0.56 0.11 0.23 0.05 0.04
2 8 3 14 9
0.23 0.07 0.11 0.13 0.46
16 3 9 7 1
0.2 0.05 0.2 0.06 0.5
7 5 15 10 8
0.2 0.16 0.43 0.11 0.1
11 9 16 12 18
0.03 0.35 0.36 0.2 0.06
13 2 14 0 1
0.24 0.1 0.06 0.07 0.53
5 1 11 12 0
0.07 0.68 0.02 0.15 0.08
14 6 0 17 16
0.11 0.08 0.12 0.31 0.39
