#Number of options
20

#Assortments data
9 18 13 6 5
0.13 0.11 0.63 0.09 0.03
6 15 17 18 1
0.06 0.1 0.35 0.07 0.42
14 5 4 3 13
0.05 0.04 0.05 0.08 0.78
6 4 15 1 13
0.06 0.03 0.1 0.41 0.41
1 6 14 8 4
0.74 0.11 0.05 0.05 0.05
19 16 7 14 15
0.13 0.33 0.17 0.08 0.29
11 2 12 15 10
0.02 0.16 0.25 0.37 0.2
9 4 10 16 1
0.12 0.04 0.08 0.16 0.6
0 12 10 7 6
0.08 0.26 0.21 0.22 0.23
2 5 12 17 8
0.09 0.04 0.13 0.69 0.06
10 4 13 6 5
0.09 0.05 0.72 0.11 0.03
4 1 6 2 13
0.03 0.43 0.06 0.05 0.43
4 14 7 19 10
0.13 0.14 0.27 0.21 0.26
19 3 10 14 1
0.07 0.07 0.09 0.05 0.71
11 14 9 15 8
0.03 0.11 0.34 0.4 0.12
4 11 9 19 10
0.12 0.03 0.4 0.2 0.25
3 11 8 6 4
0.26 0.04 0.18 0.36 0.16
14 5 10 17 19
0.06 0.04 0.11 0.71 0.09
18 17 2 5 7
0.13 0.65 0.08 0.03 0.1
19 0 6 14 5
0.25 0.12 0.35 0.17 0.11
7 16 6 3 9
0.16 0.31 0.17 0.12 0.24
8 3 18 10 2
0.12 0.18 0.3 0.22 0.18
7 0 16 8 17
0.1 0.04 0.2 0.05 0.62
11 13 10 3 2
0.01 0.74 0.09 0.08 0.08
1 12 5 4 7
0.71 0.11 0.03 0.05 0.1
8 3 7 17 16
0.05 0.07 0.09 0.59 0.19
2 10 3 13 0
0.08 0.09 0.08 0.72 0.04
11 4 15 0 14
0.04 0.14 0.55 0.12 0.16
13 10 18 8 17
0.45 0.06 0.08 0.03 0.38
8 10 14 17 12
0.05 0.1 0.05 0.67 0.13
12 15 7 6 14
0.21 0.32 0.18 0.19 0.09
2 1 9 11 13
0.05 0.43 0.09 0.01 0.43
6 15 13 3 17
0.06 0.1 0.43 0.05 0.36
6 9 3 18 7
0.19 0.27 0.14 0.23 0.18
19 6 0 7 11
0.23 0.32 0.11 0.3 0.03
5 4 8 18 14
0.11 0.15 0.16 0.42 0.16
17 14 16 18 8
0.59 0.05 0.19 0.12 0.05
9 1 7 18 10
0.13 0.61 0.08 0.11 0.08
17 16 19 11 1
0.38 0.12 0.05 0.01 0.45
9 14 4 11 8
0.49 0.16 0.15 0.04 0.17
0 19 14 12 1
0.04 0.07 0.05 0.12 0.72
6 19 5 13 4
0.11 0.08 0.03 0.73 0.05
18 3 4 17 2
0.14 0.08 0.05 0.65 0.08
1 5 9 19 4
0.71 0.03 0.15 0.07 0.04
7 6 14 16 11
0.21 0.23 0.11 0.43 0.02
11 0 2 6 17
0.01 0.04 0.09 0.12 0.73
11 4 8 9 1
0.01 0.05 0.05 0.15 0.74
15 14 0 12 19
0.38 0.11 0.08 0.26 0.17
2 18 4 8 1
0.07 0.12 0.04 0.05 0.71
0 2 4 5 9
0.11 0.22 0.13 0.1 0.44
12 14 10 13 1
0.07 0.03 0.05 0.42 0.43
7 17 10 16 11
0.1 0.61 0.09 0.19 0.01
13 0 19 9 1
0.42 0.02 0.04 0.09 0.43
6 12 7 4 8
0.25 0.28 0.24 0.11 0.12
17 16 11 7 10
0.61 0.19 0.01 0.1 0.09
18 12 17 11 15
0.12 0.11 0.59 0.01 0.17
4 15 3 11 13
0.04 0.17 0.07 0.01 0.7
16 17 0 7 4
0.2 0.62 0.04 0.1 0.05
19 8 5 16 10
0.17 0.11 0.07 0.44 0.21
6 10 2 7 18
0.21 0.18 0.15 0.2 0.26
2 10 9 14 1
0.07 0.08 0.14 0.05 0.66
17 3 0 7 9
0.63 0.08 0.04 0.1 0.15
8 17 11 13 14
0.04 0.43 0.01 0.5 0.03
5 4 12 6 1
0.03 0.04 0.11 0.1 0.71
15 3 7 5 10
0.37 0.16 0.21 0.07 0.19
16 5 13 18 10
0.17 0.03 0.62 0.11 0.08
8 2 7 15 13
0.05 0.07 0.09 0.15 0.64
16 19 8 6 13
0.17 0.07 0.04 0.09 0.63
3 12 2 6 8
0.18 0.27 0.18 0.25 0.12
15 18 14 2 7
0.33 0.24 0.09 0.15 0.19
19 5 14 12 0
0.24 0.11 0.16 0.37 0.12
17 14 6 1 9
0.37 0.03 0.06 0.44 0.09
3 16 17 8 15
0.07 0.18 0.55 0.05 0.16
0 1 9 4 8
0.04 0.72 0.15 0.05 0.05
2 14 12 0 13
0.08 0.05 0.12 0.04 0.72
6 8 14 4 10
0.31 0.15 0.14 0.13 0.27
4 10 2 17 9
0.05 0.09 0.08 0.63 0.15
13 8 5 11 2
0.81 0.06 0.04 0.01 0.09
3 0 7 14 11
0.28 0.14 0.36 0.18 0.04
4 18 14 9 12
0.09 0.26 0.1 0.31 0.24
10 15 4 7 11
0.22 0.41 0.11 0.23 0.03
9 17 16 6 18
0.13 0.52 0.16 0.09 0.11
4 10 9 18 12
0.09 0.17 0.28 0.24 0.22
6 16 13 19 0
0.09 0.17 0.63 0.07 0.03
17 15 3 0 6
0.61 0.17 0.08 0.04 0.1
1 11 15 18 12
0.63 0.01 0.15 0.11 0.1
3 10 2 14 17
0.08 0.1 0.08 0.05 0.68
2 0 11 1 3
0.08 0.04 0.01 0.78 0.08
18 8 5 7 10
0.32 0.13 0.08 0.24 0.23
1 6 7 16 4
0.62 0.09 0.08 0.17 0.04
14 3 16 13 17
0.03 0.05 0.12 0.43 0.37
7 0 5 2 17
0.11 0.04 0.04 0.09 0.72
11 4 7 19 13
0.01 0.05 0.1 0.08 0.76
7 19 15 5 13
0.09 0.07 0.16 0.03 0.65
5 12 4 14 8
0.11 0.39 0.16 0.17 0.17
10 2 13 3 15
0.08 0.07 0.63 0.07 0.15
8 6 5 10 7
0.13 0.28 0.09 0.24 0.26
2 1 12 11 19
0.08 0.72 0.12 0.01 0.07
9 18 11 5 0
0.42 0.36 0.03 0.09 0.1
10 3 9 8 7
0.2 0.16 0.32 0.11 0.21
1 4 16 10 0
0.66 0.04 0.18 0.08 0.03
14 15 1 3 18
0.04 0.15 0.63 0.07 0.11
6 0 8 7 9
0.24 0.08 0.12 0.22 0.34
6 10 17 18 16
0.09 0.08 0.54 0.11 0.17
14 7 0 17 8
0.06 0.12 0.04 0.72 0.06
8 14 19 15 6
0.11 0.11 0.16 0.38 0.23
7 18 15 17 9
0.08 0.11 0.15 0.53 0.13
18 4 0 8 5
0.43 0.16 0.13 0.17 0.11
15 5 19 0 11
0.52 0.1 0.23 0.11 0.03
9 1 18 0 19
0.13 0.65 0.11 0.03 0.07
9 12 8 1 16
0.12 0.09 0.04 0.59 0.16
1 9 5 10 16
0.61 0.13 0.03 0.08 0.16
2 13 3 12 0
0.07 0.7 0.07 0.11 0.04
17 1 14 9 0
0.39 0.46 0.03 0.09 0.02
18 14 3 17 5
0.14 0.06 0.08 0.68 0.04
18 10 16 19 1
0.11 0.08 0.16 0.06 0.6
17 12 0 15 9
0.56 0.11 0.03 0.16 0.14
9 5 8 11 13
0.16 0.03 0.05 0.01 0.75
10 7 2 19 0
0.24 0.26 0.2 0.2 0.1
13 16 15 3 7
0.57 0.16 0.14 0.06 0.08
6 13 7 12 17
0.06 0.43 0.06 0.07 0.37
15 11 2 19 9
0.36 0.02 0.16 0.15 0.31
8 16 9 5 2
0.1 0.39 0.3 0.07 0.15
0 13 12 10 2
0.04 0.69 0.11 0.09 0.07
12 4 6 2 17
0.12 0.05 0.11 0.08 0.64
9 2 6 0 16
0.27 0.13 0.19 0.07 0.35
10 3 9 1 8
0.08 0.07 0.14 0.66 0.05
3 16 8 4 13
0.07 0.18 0.05 0.04 0.66
19 18 5 13 16
0.07 0.11 0.03 0.62 0.17
2 13 5 7 6
0.07 0.7 0.03 0.1 0.1
19 1 2 16 8
0.07 0.65 0.07 0.17 0.05
11 18 4 6 17
0.01 0.14 0.05 0.12 0.68
9 12 15 19 7
0.24 0.19 0.28 0.12 0.16
10 7 14 0 17
0.1 0.11 0.06 0.04 0.69
14 0 4 12 10
0.15 0.11 0.13 0.34 0.27
11 15 2 6 16
0.02 0.31 0.14 0.19 0.35
9 10 0 2 7
0.33 0.2 0.08 0.17 0.22
12 13 16 6 0
0.1 0.61 0.17 0.09 0.03
10 19 11 14 7
0.28 0.23 0.03 0.15 0.3
6 2 15 17 11
0.11 0.08 0.18 0.63 0.01
4 8 12 9 2
0.1 0.12 0.26 0.34 0.17
9 15 7 5 0
0.3 0.35 0.2 0.07 0.08
8 14 10 16 9
0.09 0.09 0.17 0.36 0.28
13 8 14 17 4
0.49 0.03 0.03 0.42 0.03
3 19 4 6 0
0.22 0.22 0.14 0.31 0.11
14 2 5 19 6
0.15 0.22 0.1 0.22 0.31
19 16 9 12 1
0.06 0.16 0.12 0.09 0.57
8 12 0 10 17
0.06 0.13 0.04 0.1 0.68
7 9 5 4 15
0.2 0.3 0.07 0.09 0.35
3 12 7 13 19
0.07 0.11 0.09 0.66 0.07
0 10 6 18 17
0.04 0.09 0.11 0.13 0.63
17 4 16 3 7
0.6 0.04 0.19 0.07 0.1
6 18 0 2 12
0.23 0.28 0.08 0.16 0.25
16 6 13 14 18
0.16 0.09 0.6 0.04 0.11
16 14 4 6 18
0.37 0.09 0.09 0.2 0.24
1 12 11 19 14
0.74 0.12 0.01 0.08 0.05
17 7 13 15 9
0.35 0.06 0.41 0.1 0.09
5 9 8 15 10
0.07 0.3 0.1 0.35 0.18
8 18 16 2 12
0.09 0.23 0.35 0.13 0.2
13 11 2 7 6
0.71 0.01 0.08 0.1 0.1
10 4 7 3 19
0.24 0.12 0.25 0.2 0.19
12 4 10 17 15
0.11 0.04 0.09 0.59 0.17
4 8 19 2 1
0.05 0.05 0.08 0.08 0.75
17 13 8 7 11
0.41 0.48 0.03 0.07 0.01
15 2 11 6 7
0.37 0.16 0.02 0.23 0.21
1 19 14 7 13
0.44 0.04 0.03 0.06 0.43
10 19 3 16 5
0.2 0.16 0.16 0.42 0.07
6 3 14 17 4
0.12 0.09 0.06 0.69 0.05
11 7 19 17 14
0.01 0.12 0.09 0.72 0.06
14 5 4 10 9
0.13 0.09 0.12 0.25 0.4
12 18 11 5 10
0.3 0.34 0.03 0.09 0.24
15 0 18 17 13
0.1 0.02 0.08 0.37 0.43
4 0 16 11 3
0.13 0.1 0.53 0.03 0.21
0 8 11 1 3
0.04 0.06 0.01 0.81 0.08
0 14 18 15 11
0.09 0.12 0.32 0.43 0.03
3 1 2 18 15
0.06 0.62 0.06 0.11 0.15
19 15 8 9 2
0.14 0.33 0.1 0.29 0.15
4 9 6 18 10
0.09 0.29 0.2 0.25 0.18
12 18 10 11 3
0.27 0.3 0.22 0.03 0.18
1 8 19 0 5
0.79 0.06 0.08 0.04 0.04
16 14 4 19 6
0.42 0.11 0.1 0.16 0.22
4 6 10 3 9
0.1 0.22 0.2 0.16 0.32
15 6 2 13 12
0.15 0.09 0.06 0.6 0.1
12 5 16 13 3
0.1 0.03 0.17 0.63 0.07
17 19 15 4 7
0.61 0.07 0.17 0.05 0.1
7 16 6 4 0
0.2 0.41 0.22 0.1 0.08
3 11 13 18 0
0.08 0.01 0.74 0.13 0.04
0 5 7 17 1
0.02 0.02 0.07 0.41 0.48
13 11 15 16 5
0.63 0.01 0.15 0.17 0.03
19 11 4 16 12
0.17 0.03 0.1 0.44 0.26
2 9 18 10 0
0.16 0.31 0.27 0.19 0.08
13 10 11 7 18
0.69 0.09 0.01 0.09 0.12
10 16 17 13 15
0.05 0.11 0.34 0.4 0.1
7 1 14 12 17
0.06 0.45 0.03 0.07 0.38
15 9 14 7 6
0.3 0.26 0.09 0.17 0.18
16 13 4 1 10
0.11 0.4 0.03 0.41 0.05
16 7 15 5 8
0.36 0.18 0.31 0.06 0.09
18 15 0 2 19
0.26 0.35 0.08 0.16 0.15
14 3 12 9 17
0.05 0.08 0.12 0.15 0.61
17 0 4 15 12
0.62 0.04 0.05 0.17 0.12
