#Number of options
20

#Assortments data
16 17 8 4 12
0.1 0.05 0.14 0.57 0.15
14 4 11 15 6
0.18 0.45 0.12 0.18 0.07
18 13 5 1 12
0.1 0.04 0.27 0.2 0.38
3 4 5 1 15
0.21 0.46 0.08 0.06 0.18
8 3 17 12 9
0.18 0.34 0.07 0.19 0.22
8 9 1 0 17
0.14 0.17 0.08 0.56 0.05
19 8 4 18 6
0.29 0.12 0.48 0.03 0.08
13 5 4 2 10
0.01 0.09 0.49 0.15 0.26
10 19 18 6 9
0.32 0.37 0.04 0.09 0.18
4 13 11 10 9
0.47 0.01 0.12 0.25 0.14
18 3 17 11 2
0.06 0.39 0.07 0.22 0.27
5 11 3 13 0
0.1 0.13 0.24 0.01 0.52
0 15 8 6 14
0.45 0.18 0.11 0.07 0.18
8 12 16 18 6
0.28 0.29 0.19 0.07 0.17
11 10 19 16 6
0.15 0.31 0.35 0.1 0.09
18 15 5 0 8
0.03 0.21 0.1 0.53 0.13
8 3 14 2 15
0.14 0.25 0.22 0.17 0.22
19 18 4 12 6
0.29 0.03 0.48 0.12 0.08
12 0 10 6 16
0.12 0.47 0.25 0.07 0.08
2 12 6 11 3
0.22 0.18 0.11 0.18 0.32
5 13 18 6 9
0.25 0.04 0.09 0.21 0.41
9 14 3 1 17
0.22 0.29 0.33 0.1 0.06
5 3 1 0 14
0.08 0.21 0.06 0.46 0.18
7 14 2 6 11
0.13 0.31 0.24 0.12 0.2
15 1 13 12 17
0.44 0.15 0.03 0.28 0.1
11 5 4 13 14
0.14 0.1 0.53 0.02 0.21
13 17 15 1 7
0.03 0.11 0.48 0.17 0.21
15 19 8 9 11
0.22 0.34 0.14 0.17 0.14
1 19 8 12 18
0.1 0.46 0.19 0.2 0.05
12 5 14 8 13
0.23 0.16 0.36 0.22 0.03
18 15 4 2 9
0.03 0.19 0.48 0.15 0.15
1 17 7 0 14
0.08 0.05 0.1 0.56 0.22
7 5 17 12 9
0.17 0.18 0.09 0.26 0.3
17 13 0 6 9
0.06 0.02 0.63 0.1 0.19
14 5 6 13 12
0.39 0.18 0.15 0.03 0.25
2 4 15 5 14
0.14 0.44 0.17 0.08 0.17
16 11 4 7 12
0.09 0.14 0.54 0.09 0.14
16 18 4 12 1
0.1 0.04 0.61 0.16 0.08
19 3 13 17 6
0.45 0.34 0.02 0.07 0.12
16 5 14 3 4
0.08 0.08 0.18 0.21 0.45
17 16 11 19 7
0.07 0.13 0.2 0.47 0.13
3 9 2 15 8
0.26 0.18 0.18 0.23 0.15
7 9 15 8 14
0.11 0.2 0.26 0.16 0.26
9 10 7 12 19
0.16 0.28 0.09 0.14 0.32
9 15 4 8 10
0.12 0.16 0.4 0.1 0.21
6 3 12 7 15
0.11 0.32 0.18 0.12 0.28
5 6 0 10 1
0.09 0.08 0.5 0.26 0.07
11 10 8 12 18
0.19 0.39 0.18 0.19 0.05
2 19 15 12 3
0.15 0.3 0.19 0.13 0.22
3 11 0 15 5
0.2 0.11 0.44 0.17 0.08
