#Number of options
20

#Assortments data
9 10 15 17 6
0.34 0.3 0.2 0.06 0.11
4 8 11 12 9
0.26 0.07 0.12 0.24 0.32
7 4 2 8 5
0.13 0.17 0.56 0.05 0.1
5 4 1 0 19
0.13 0.21 0.07 0.3 0.29
1 18 4 14 16
0.1 0.07 0.3 0.2 0.32
13 17 16 6 4
0.1 0.07 0.36 0.13 0.33
13 3 7 9 5
0.07 0.33 0.18 0.28 0.14
6 0 11 5 16
0.1 0.36 0.12 0.15 0.27
11 15 14 2 17
0.08 0.13 0.12 0.62 0.04
13 10 11 6 2
0.05 0.19 0.08 0.07 0.6
17 6 4 3 12
0.06 0.1 0.25 0.36 0.23
1 15 13 8 0
0.11 0.23 0.1 0.09 0.47
7 0 8 2 3
0.11 0.2 0.04 0.46 0.2
15 12 3 6 13
0.19 0.24 0.38 0.1 0.08
3 7 4 13 18
0.38 0.2 0.27 0.08 0.07
5 19 2 12 17
0.09 0.21 0.52 0.14 0.03
11 12 1 15 3
0.12 0.24 0.09 0.19 0.37
4 1 14 16 10
0.24 0.08 0.16 0.26 0.26
1 10 3 18 6
0.1 0.31 0.41 0.07 0.11
2 17 1 5 13
0.7 0.05 0.07 0.12 0.06
13 0 2 3 12
0.04 0.19 0.45 0.19 0.12
7 17 5 13 1
0.34 0.1 0.27 0.14 0.16
14 0 6 10 18
0.18 0.38 0.1 0.28 0.06
19 7 1 14 18
0.4 0.23 0.1 0.2 0.07
6 13 4 17 19
0.12 0.09 0.31 0.07 0.42
9 19 18 3 11
0.26 0.29 0.05 0.3 0.1
1 8 0 12 11
0.1 0.08 0.42 0.27 0.13
11 12 8 5 6
0.17 0.35 0.11 0.23 0.15
16 19 13 5 6
0.29 0.36 0.08 0.16 0.1
12 10 8 9 14
0.22 0.26 0.07 0.29 0.16
9 7 10 3 4
0.22 0.14 0.2 0.26 0.18
3 18 19 14 12
0.31 0.05 0.29 0.15 0.2
14 17 7 4 0
0.16 0.05 0.19 0.24 0.35
4 2 5 6 7
0.16 0.55 0.1 0.06 0.13
8 15 11 9 19
0.07 0.18 0.11 0.3 0.34
18 16 12 11 8
0.08 0.36 0.31 0.15 0.09
16 5 8 0 15
0.26 0.14 0.07 0.35 0.18
10 19 16 9 1
0.21 0.27 0.21 0.24 0.07
12 0 7 16 19
0.16 0.26 0.14 0.19 0.24
9 12 17 11 7
0.34 0.26 0.06 0.13 0.21
7 19 9 10 3
0.13 0.23 0.21 0.18 0.24
19 6 10 12 16
0.28 0.08 0.22 0.19 0.22
15 2 0 5 10
0.1 0.47 0.2 0.08 0.15
6 19 12 2 15
0.06 0.2 0.14 0.5 0.11
3 18 6 1 14
0.46 0.08 0.13 0.11 0.22
9 16 1 6 10
0.3 0.26 0.08 0.09 0.26
5 16 11 18 14
0.19 0.35 0.15 0.08 0.22
3 4 15 9 1
0.3 0.21 0.15 0.26 0.07
5 2 3 9 8
0.09 0.49 0.21 0.18 0.04
15 14 18 0 10
0.17 0.16 0.06 0.35 0.26
7 11 2 1 15
0.14 0.08 0.59 0.06 0.13
0 6 9 17 14
0.37 0.1 0.31 0.06 0.17
6 13 4 0 15
0.1 0.08 0.26 0.37 0.19
10 16 17 18 12
0.3 0.3 0.06 0.07 0.26
16 17 9 1 0
0.25 0.05 0.28 0.08 0.33
6 13 3 10 8
0.11 0.09 0.41 0.31 0.08
15 12 10 14 2
0.11 0.14 0.16 0.1 0.5
2 4 5 6 10
0.52 0.15 0.09 0.06 0.17
11 4 19 0 13
0.1 0.22 0.3 0.32 0.07
5 10 7 3 2
0.08 0.15 0.11 0.2 0.46
19 14 3 0 15
0.24 0.12 0.25 0.26 0.13
14 10 6 0 9
0.14 0.22 0.08 0.3 0.25
12 5 16 4 3
0.18 0.12 0.22 0.2 0.29
10 6 12 13 5
0.33 0.12 0.28 0.09 0.18
4 5 1 6 13
0.38 0.23 0.13 0.15 0.12
11 18 3 10 19
0.1 0.05 0.31 0.24 0.3
19 10 12 14 4
0.27 0.22 0.18 0.13 0.2
5 0 15 7 6
0.15 0.37 0.19 0.2 0.1
6 9 10 2 19
0.05 0.16 0.15 0.45 0.18
3 8 0 16 19
0.26 0.05 0.26 0.19 0.24
14 9 11 1 6
0.22 0.4 0.15 0.11 0.13
16 18 0 3 17
0.24 0.06 0.33 0.32 0.05
5 8 15 7 12
0.18 0.09 0.22 0.23 0.28
2 8 3 14 18
0.56 0.05 0.24 0.11 0.04
6 18 7 3 14
0.11 0.07 0.22 0.41 0.19
19 17 16 9 0
0.25 0.04 0.2 0.23 0.27
6 3 17 12 2
0.06 0.23 0.03 0.14 0.53
0 3 18 7 1
0.34 0.34 0.06 0.18 0.08
9 7 3 19 13
0.24 0.15 0.28 0.27 0.06
7 19 8 6 15
0.22 0.38 0.08 0.11 0.21
3 0 6 19 2
0.18 0.18 0.05 0.17 0.42
3 19 9 15 8
0.29 0.27 0.24 0.15 0.06
16 10 15 11 18
0.3 0.3 0.2 0.13 0.07
11 4 15 9 7
0.11 0.24 0.17 0.29 0.18
11 0 10 5 12
0.1 0.32 0.24 0.13 0.2
11 4 18 7 12
0.13 0.29 0.07 0.23 0.27
2 1 3 12 8
0.53 0.05 0.23 0.14 0.04
8 11 10 2 7
0.05 0.08 0.18 0.57 0.13
9 13 0 4 16
0.24 0.06 0.29 0.2 0.21
7 18 8 11 1
0.37 0.12 0.13 0.22 0.16
3 6 0 15 8
0.34 0.09 0.34 0.17 0.07
8 0 16 15 10
0.06 0.31 0.23 0.16 0.23
0 7 16 19 1
0.29 0.15 0.22 0.27 0.07
15 10 2 6 11
0.12 0.18 0.56 0.06 0.08
9 7 5 1 18
0.38 0.24 0.19 0.11 0.08
12 17 0 15 18
0.26 0.06 0.41 0.2 0.07
1 6 4 12 9
0.09 0.1 0.26 0.24 0.32
8 6 14 13 16
0.1 0.14 0.25 0.11 0.4
9 11 7 18 0
0.3 0.11 0.19 0.06 0.35
2 1 10 13 14
0.58 0.06 0.19 0.05 0.12
7 19 10 16 5
0.16 0.28 0.22 0.22 0.12
12 11 14 7 9
0.23 0.11 0.17 0.19 0.3
9 1 0 11 6
0.32 0.09 0.37 0.12 0.1
7 6 5 15 18
0.28 0.14 0.22 0.27 0.09
12 18 10 4 1
0.26 0.07 0.3 0.28 0.1
17 18 19 0 10
0.05 0.06 0.31 0.33 0.25
2 3 11 10 14
0.48 0.2 0.06 0.15 0.1
10 4 12 6 0
0.22 0.21 0.19 0.08 0.3
5 9 19 4 14
0.12 0.25 0.28 0.21 0.14
4 13 6 18 16
0.33 0.1 0.13 0.08 0.36
0 16 19 18 7
0.29 0.22 0.28 0.05 0.16
4 19 18 9 13
0.24 0.33 0.06 0.3 0.07
1 4 13 10 16
0.09 0.26 0.08 0.28 0.28
8 5 1 14 17
0.13 0.28 0.16 0.32 0.1
9 11 2 6 15
0.2 0.07 0.55 0.06 0.12
15 1 4 5 0
0.18 0.08 0.24 0.14 0.35
3 15 9 10 7
0.27 0.14 0.23 0.21 0.15
15 9 8 16 17
0.21 0.35 0.08 0.31 0.06
8 6 7 15 5
0.1 0.14 0.28 0.26 0.21
13 17 1 4 0
0.09 0.07 0.1 0.3 0.44
5 15 17 19 1
0.18 0.22 0.07 0.42 0.11
10 7 16 9 15
0.22 0.16 0.22 0.25 0.15
16 5 12 15 19
0.23 0.13 0.2 0.16 0.29
6 3 19 16 18
0.09 0.32 0.3 0.24 0.05
14 5 3 10 17
0.17 0.15 0.36 0.27 0.05
13 17 19 2 16
0.05 0.03 0.21 0.53 0.17
9 15 13 8 6
0.42 0.25 0.1 0.1 0.13
19 10 14 8 17
0.37 0.3 0.19 0.08 0.06
10 15 8 5 12
0.3 0.2 0.08 0.16 0.25
15 10 13 17 11
0.26 0.39 0.11 0.08 0.16
6 15 14 17 10
0.13 0.24 0.22 0.07 0.35
12 3 14 15 6
0.22 0.35 0.16 0.18 0.09
17 8 2 6 1
0.05 0.06 0.73 0.08 0.08
1 12 2 18 11
0.06 0.17 0.63 0.05 0.09
18 7 11 5 9
0.08 0.23 0.14 0.18 0.37
13 10 3 2 16
0.04 0.15 0.2 0.46 0.15
14 6 7 5 8
0.25 0.14 0.28 0.22 0.1
13 16 15 1 11
0.1 0.37 0.25 0.12 0.16
3 11 7 5 19
0.31 0.1 0.17 0.13 0.29
9 5 8 18 0
0.32 0.16 0.07 0.07 0.38
14 10 15 5 3
0.15 0.24 0.16 0.13 0.32
16 18 9 10 19
0.22 0.05 0.24 0.22 0.27
15 0 2 13 9
0.1 0.2 0.48 0.04 0.17
7 10 18 0 15
0.18 0.25 0.06 0.34 0.17
9 14 0 15 5
0.26 0.15 0.31 0.16 0.13
4 7 6 11 8
0.34 0.27 0.13 0.16 0.1
3 9 19 10 6
0.26 0.22 0.25 0.2 0.07
8 3 19 0 5
0.05 0.28 0.27 0.28 0.12
16 2 10 0 7
0.14 0.44 0.14 0.19 0.1
2 10 16 18 17
0.56 0.18 0.18 0.04 0.04
19 10 12 17 15
0.32 0.25 0.21 0.05 0.17
6 9 0 16 13
0.09 0.28 0.33 0.24 0.07
8 5 16 19 18
0.08 0.17 0.3 0.38 0.07
19 11 12 5 4
0.31 0.11 0.21 0.14 0.23
5 12 10 18 16
0.15 0.23 0.28 0.06 0.28
9 0 18 16 17
0.29 0.34 0.06 0.26 0.05
18 16 12 15 11
0.07 0.32 0.27 0.21 0.13
3 17 2 14 11
0.23 0.04 0.55 0.11 0.07
14 2 3 16 17
0.1 0.5 0.21 0.16 0.03
1 5 10 4 3
0.08 0.13 0.24 0.22 0.32
17 11 15 8 16
0.08 0.16 0.26 0.1 0.39
7 2 4 9 10
0.1 0.45 0.13 0.16 0.15
12 5 10 3 17
0.22 0.14 0.25 0.34 0.05
3 7 8 5 13
0.42 0.23 0.08 0.18 0.09
15 11 10 8 2
0.12 0.08 0.18 0.05 0.57
6 16 14 11 19
0.1 0.27 0.17 0.12 0.34
3 6 18 10 17
0.43 0.12 0.07 0.32 0.07
8 13 4 12 3
0.07 0.08 0.25 0.23 0.37
5 18 6 11 8
0.3 0.13 0.2 0.23 0.14
14 2 12 9 5
0.1 0.5 0.14 0.18 0.09
15 8 12 0 2
0.11 0.04 0.14 0.21 0.5
19 0 9 5 1
0.27 0.29 0.25 0.12 0.07
18 17 15 7 0
0.07 0.06 0.21 0.23 0.42
0 1 14 11 15
0.4 0.09 0.19 0.12 0.2
13 5 11 7 17
0.13 0.25 0.19 0.33 0.09
13 16 2 6 4
0.05 0.18 0.55 0.06 0.16
0 1 9 10 13
0.33 0.08 0.28 0.25 0.07
13 6 3 7 10
0.08 0.1 0.36 0.19 0.27
8 15 3 2 5
0.04 0.11 0.22 0.53 0.09
7 14 8 6 13
0.32 0.28 0.12 0.16 0.13
17 14 11 8 0
0.07 0.22 0.15 0.09 0.47
18 19 12 16 0
0.05 0.27 0.18 0.21 0.29
4 2 12 1 9
0.15 0.49 0.13 0.05 0.18
0 7 17 12 18
0.4 0.21 0.06 0.25 0.07
18 7 9 11 15
0.07 0.22 0.36 0.13 0.21
11 15 16 1 6
0.15 0.24 0.36 0.12 0.13
1 3 4 6 15
0.09 0.37 0.26 0.1 0.19
13 3 19 11 7
0.07 0.33 0.31 0.11 0.18
11 18 2 13 12
0.09 0.05 0.64 0.06 0.17
17 7 13 9 0
0.06 0.19 0.08 0.31 0.36
6 14 7 10 17
0.12 0.22 0.24 0.34 0.07
11 5 4 2 6
0.08 0.1 0.17 0.58 0.07
6 5 19 4 10
0.09 0.13 0.31 0.23 0.24
9 13 14 6 1
0.42 0.1 0.23 0.13 0.12
11 8 18 6 16
0.19 0.11 0.1 0.16 0.44
11 9 16 10 3
0.09 0.23 0.2 0.2 0.27
18 19 7 14 8
0.07 0.41 0.23 0.2 0.08
4 15 12 1 5
0.28 0.2 0.26 0.1 0.17
13 15 12 10 7
0.08 0.19 0.24 0.28 0.2
14 3 7 8 16
0.16 0.34 0.18 0.07 0.25
