#Number of options
20

#Assortments data
13 3 1 10 17
0.05 0.36 0.06 0.49 0.04
5 9 12 7 11
0.42 0.06 0.09 0.28 0.15
12 13 3 14 16
0.16 0.05 0.39 0.17 0.23
4 18 6 10 16
0.23 0.14 0.03 0.42 0.18
7 4 1 15 16
0.4 0.25 0.05 0.1 0.2
8 10 17 0 6
0.05 0.63 0.05 0.22 0.05
15 0 1 16 18
0.15 0.24 0.08 0.3 0.22
0 13 3 2 5
0.13 0.04 0.26 0.1 0.47
2 4 15 12 13
0.2 0.38 0.15 0.2 0.07
14 15 18 10 12
0.15 0.1 0.15 0.46 0.14
7 8 17 5 19
0.35 0.03 0.03 0.52 0.06
12 0 10 19 17
0.16 0.19 0.53 0.08 0.04
14 2 7 17 19
0.19 0.17 0.51 0.04 0.09
14 8 3 11 18
0.17 0.04 0.38 0.25 0.17
7 14 19 0 8
0.49 0.18 0.09 0.19 0.04
4 17 6 1 2
0.5 0.07 0.07 0.11 0.26
8 6 2 3 12
0.05 0.05 0.2 0.5 0.2
2 15 11 19 9
0.21 0.16 0.36 0.12 0.14
7 11 3 17 15
0.37 0.2 0.31 0.03 0.09
10 13 18 16 3
0.39 0.04 0.12 0.17 0.28
