#Number of options
20

#Assortments data
14 15 10 5 9
0.13 0.46 0.05 0.06 0.3
16 18 19 11 14
0.2 0.04 0.44 0.05 0.27
17 11 6 5 10
0.23 0.07 0.42 0.15 0.13
0 4 14 3 12
0.16 0.23 0.22 0.12 0.26
0 14 13 16 19
0.17 0.22 0.07 0.17 0.37
11 10 17 9 13
0.05 0.1 0.17 0.6 0.08
1 2 10 13 9
0.15 0.18 0.09 0.07 0.52
0 17 7 18 15
0.14 0.12 0.05 0.03 0.65
1 5 7 18 13
0.35 0.23 0.16 0.09 0.17
10 14 7 9 18
0.09 0.25 0.07 0.55 0.04
4 6 5 2 14
0.24 0.26 0.1 0.17 0.23
7 3 5 11 0
0.13 0.26 0.19 0.08 0.34
14 13 11 19 3
0.27 0.08 0.05 0.45 0.15
14 9 13 16 11
0.22 0.5 0.07 0.17 0.04
3 11 17 10 12
0.19 0.06 0.21 0.12 0.41
10 11 15 9 16
0.05 0.03 0.49 0.32 0.11
0 3 4 14 8
0.18 0.13 0.25 0.23 0.21
5 9 10 0 6
0.08 0.46 0.07 0.15 0.23
19 6 13 10 17
0.4 0.28 0.07 0.09 0.16
4 3 13 10 1
0.36 0.19 0.1 0.13 0.22
