#Number of options
20

#Assortments data
9 12 19 6 2
0.12 0.22 0.32 0.15 0.18
2 3 18 0 1
0.31 0.25 0.02 0.34 0.08
11 12 18 6 19
0.06 0.3 0.02 0.2 0.42
9 7 17 13 14
0.21 0.1 0.08 0.03 0.58
18 7 19 16 5
0.03 0.12 0.65 0.12 0.09
7 9 0 12 8
0.07 0.16 0.25 0.28 0.24
9 0 3 18 7
0.23 0.37 0.27 0.03 0.11
1 13 4 5 11
0.08 0.03 0.73 0.08 0.09
13 19 2 10 15
0.02 0.41 0.23 0.16 0.18
17 1 12 15 4
0.05 0.05 0.26 0.17 0.47
11 4 9 2 6
0.05 0.44 0.14 0.2 0.16
6 7 13 1 11
0.47 0.18 0.05 0.14 0.15
3 16 9 7 15
0.27 0.11 0.23 0.11 0.27
0 17 6 4 19
0.18 0.04 0.13 0.36 0.29
2 17 7 13 6
0.4 0.1 0.13 0.04 0.33
18 9 13 16 10
0.04 0.37 0.05 0.17 0.37
2 18 12 11 0
0.27 0.02 0.34 0.07 0.3
19 12 17 8 7
0.38 0.27 0.05 0.23 0.07
15 13 12 7 0
0.23 0.03 0.35 0.09 0.31
15 4 18 13 11
0.23 0.64 0.02 0.03 0.08
19 8 15 14 16
0.3 0.18 0.14 0.32 0.05
16 14 6 5 9
0.08 0.48 0.21 0.06 0.17
16 10 17 18 5
0.2 0.44 0.16 0.05 0.15
10 16 8 17 11
0.27 0.12 0.41 0.1 0.1
10 19 0 7 15
0.15 0.38 0.23 0.07 0.17
8 6 16 17 12
0.29 0.22 0.09 0.07 0.33
0 9 8 19 17
0.22 0.14 0.22 0.36 0.05
7 14 12 13 16
0.08 0.49 0.32 0.02 0.08
8 1 9 17 10
0.36 0.08 0.23 0.09 0.24
13 4 17 0 11
0.02 0.57 0.06 0.28 0.07
14 4 10 0 16
0.3 0.36 0.11 0.18 0.05
19 10 0 12 7
0.35 0.14 0.21 0.24 0.06
16 6 11 10 14
0.08 0.21 0.07 0.17 0.47
0 9 17 5 1
0.43 0.27 0.1 0.1 0.1
10 12 6 9 8
0.15 0.27 0.18 0.15 0.24
0 9 12 13 10
0.29 0.18 0.33 0.02 0.18
13 15 6 2 1
0.03 0.27 0.28 0.34 0.08
3 12 6 7 18
0.25 0.38 0.25 0.1 0.02
5 14 4 11 0
0.04 0.33 0.39 0.05 0.19
19 2 8 3 1
0.36 0.21 0.22 0.16 0.05
3 17 14 16 0
0.18 0.06 0.43 0.07 0.25
3 10 14 8 15
0.15 0.13 0.36 0.2 0.15
12 6 11 1 17
0.44 0.29 0.09 0.09 0.09
10 6 18 3 19
0.17 0.2 0.02 0.19 0.43
12 15 14 2 11
0.24 0.15 0.36 0.19 0.05
6 17 9 13 10
0.32 0.1 0.27 0.04 0.27
16 2 12 18 5
0.11 0.35 0.43 0.03 0.08
7 19 13 2 0
0.07 0.41 0.02 0.24 0.25
13 11 1 4 18
0.03 0.09 0.08 0.77 0.03
6 2 13 16 14
0.2 0.24 0.02 0.08 0.46
2 11 3 18 19
0.26 0.07 0.2 0.02 0.45
16 0 1 19 17
0.09 0.3 0.07 0.48 0.07
0 6 19 9 13
0.24 0.18 0.4 0.15 0.02
3 14 4 2 10
0.12 0.29 0.34 0.15 0.1
11 16 5 8 6
0.1 0.12 0.09 0.39 0.3
6 0 11 3 19
0.17 0.23 0.06 0.17 0.37
9 4 6 10 1
0.15 0.48 0.18 0.15 0.05
13 10 15 1 8
0.03 0.24 0.28 0.08 0.37
0 12 13 16 8
0.29 0.33 0.02 0.08 0.28
14 0 15 3 6
0.35 0.2 0.15 0.15 0.15
4 8 1 0 6
0.41 0.2 0.04 0.2 0.15
16 4 17 8 14
0.06 0.39 0.04 0.19 0.33
9 11 17 4 3
0.16 0.06 0.06 0.53 0.19
0 10 11 6 15
0.3 0.19 0.07 0.22 0.22
9 14 7 4 11
0.13 0.35 0.06 0.41 0.05
8 0 12 18 11
0.29 0.29 0.33 0.02 0.07
2 8 10 19 14
0.16 0.17 0.11 0.28 0.29
0 10 3 18 1
0.38 0.24 0.27 0.03 0.08
18 5 19 6 7
0.02 0.07 0.55 0.26 0.1
5 11 12 19 3
0.06 0.06 0.29 0.41 0.19
12 6 11 1 19
0.28 0.19 0.06 0.06 0.41
3 1 7 16 6
0.32 0.1 0.13 0.13 0.33
7 19 1 0 9
0.08 0.43 0.06 0.27 0.17
14 12 10 0 7
0.36 0.24 0.13 0.21 0.06
19 16 2 12 8
0.33 0.06 0.19 0.23 0.2
2 13 18 8 6
0.33 0.03 0.02 0.35 0.27
6 18 8 13 9
0.3 0.03 0.39 0.03 0.25
12 18 1 10 11
0.49 0.03 0.1 0.28 0.11
14 4 6 5 19
0.27 0.32 0.12 0.03 0.26
5 16 6 17 7
0.12 0.16 0.42 0.13 0.16
7 18 12 1 15
0.12 0.03 0.46 0.09 0.3
0 8 12 11 7
0.27 0.27 0.31 0.07 0.08
12 10 18 15 4
0.25 0.14 0.01 0.16 0.44
1 2 10 7 0
0.07 0.3 0.21 0.1 0.32
2 6 16 11 5
0.38 0.31 0.12 0.1 0.09
15 7 17 13 12
0.3 0.12 0.09 0.03 0.46
13 7 9 16 6
0.04 0.14 0.31 0.14 0.37
11 16 10 2 0
0.08 0.09 0.21 0.3 0.32
17 5 6 7 15
0.1 0.1 0.34 0.13 0.33
0 3 15 11 10
0.3 0.22 0.22 0.07 0.19
5 9 16 7 3
0.1 0.29 0.13 0.14 0.34
3 16 2 18 9
0.28 0.11 0.35 0.03 0.24
10 5 0 11 19
0.17 0.06 0.27 0.07 0.44
1 13 2 3 17
0.1 0.04 0.42 0.33 0.1
16 12 17 18 2
0.11 0.43 0.09 0.03 0.35
0 5 3 2 16
0.32 0.07 0.23 0.29 0.09
2 17 16 14 18
0.28 0.07 0.09 0.53 0.02
6 14 12 18 19
0.14 0.33 0.21 0.01 0.31
11 6 15 13 17
0.12 0.37 0.36 0.04 0.11
5 8 1 14 19
0.05 0.2 0.05 0.36 0.34
14 19 2 5 16
0.36 0.34 0.19 0.05 0.06
4 7 8 6 13
0.49 0.07 0.24 0.18 0.02
18 19 5 11 15
0.02 0.56 0.08 0.08 0.25
11 5 2 6 18
0.11 0.1 0.42 0.34 0.03
6 10 13 9 19
0.2 0.17 0.02 0.17 0.44
1 15 3 14 0
0.05 0.17 0.17 0.39 0.23
6 17 10 18 7
0.38 0.12 0.32 0.03 0.15
9 4 15 19 8
0.1 0.34 0.12 0.27 0.16
19 5 15 8 1
0.43 0.06 0.19 0.26 0.06
17 13 11 3 8
0.1 0.04 0.11 0.32 0.43
10 5 3 8 2
0.18 0.06 0.21 0.28 0.27
1 7 15 0 10
0.08 0.1 0.25 0.35 0.22
1 15 13 17 18
0.17 0.55 0.06 0.17 0.05
15 14 7 11 8
0.18 0.44 0.07 0.06 0.25
11 5 17 6 16
0.14 0.13 0.13 0.43 0.17
15 0 7 6 2
0.2 0.27 0.08 0.2 0.25
12 19 7 13 6
0.29 0.42 0.08 0.02 0.19
18 0 11 6 12
0.02 0.31 0.08 0.24 0.35
13 9 1 0 4
0.02 0.16 0.06 0.25 0.51
13 15 18 11 17
0.06 0.54 0.05 0.18 0.17
12 13 9 5 14
0.3 0.02 0.17 0.06 0.46
7 17 13 6 11
0.18 0.14 0.05 0.47 0.15
10 1 8 11 19
0.17 0.06 0.26 0.07 0.44
17 10 8 13 3
0.09 0.24 0.37 0.03 0.28
1 19 10 0 9
0.05 0.4 0.15 0.24 0.15
3 17 9 5 14
0.21 0.06 0.18 0.06 0.49
0 7 19 6 17
0.26 0.08 0.42 0.19 0.06
14 3 18 8 1
0.46 0.2 0.02 0.26 0.06
5 0 11 18 16
0.12 0.55 0.13 0.04 0.16
11 5 13 16 12
0.12 0.11 0.04 0.15 0.57
1 13 19 6 9
0.07 0.03 0.49 0.23 0.19
15 10 18 6 4
0.17 0.15 0.02 0.18 0.48
18 12 10 7 15
0.02 0.4 0.22 0.1 0.26
10 12 17 5 1
0.26 0.46 0.09 0.09 0.09
1 12 5 6 14
0.06 0.28 0.05 0.19 0.43
8 19 5 11 18
0.31 0.52 0.07 0.08 0.02
5 15 1 6 3
0.08 0.28 0.08 0.28 0.27
3 12 0 11 18
0.23 0.36 0.31 0.08 0.02
10 13 5 3 14
0.19 0.02 0.06 0.22 0.51
4 18 1 17 2
0.58 0.02 0.06 0.07 0.27
19 4 12 8 3
0.25 0.31 0.17 0.15 0.11
8 2 15 16 11
0.31 0.29 0.23 0.09 0.08
7 8 15 2 4
0.06 0.2 0.15 0.19 0.41
13 11 19 1 18
0.04 0.11 0.72 0.1 0.03
15 8 3 19 10
0.16 0.21 0.16 0.35 0.14
10 13 1 5 11
0.45 0.06 0.16 0.16 0.17
14 7 5 6 9
0.48 0.08 0.06 0.21 0.17
4 2 12 6 1
0.4 0.18 0.22 0.15 0.04
0 17 11 3 10
0.35 0.08 0.09 0.26 0.22
17 6 13 11 18
0.17 0.55 0.06 0.18 0.05
6 19 9 17 1
0.22 0.47 0.18 0.07 0.06
6 17 11 0 16
0.3 0.09 0.1 0.4 0.12
2 1 16 3 15
0.32 0.08 0.1 0.25 0.25
5 2 10 0 11
0.07 0.31 0.21 0.33 0.08
11 17 16 12 3
0.09 0.09 0.11 0.43 0.28
10 17 6 9 15
0.21 0.08 0.25 0.21 0.25
0 12 2 5 11
0.28 0.32 0.26 0.06 0.07
14 12 11 13 18
0.53 0.35 0.07 0.03 0.02
7 6 11 16 2
0.12 0.3 0.1 0.12 0.37
19 6 18 12 8
0.36 0.17 0.02 0.25 0.21
1 6 7 3 17
0.1 0.34 0.13 0.33 0.1
19 1 10 2 13
0.47 0.06 0.18 0.26 0.02
6 11 7 2 10
0.26 0.09 0.1 0.32 0.22
5 13 19 6 15
0.06 0.02 0.48 0.22 0.21
15 14 13 1 10
0.22 0.51 0.02 0.07 0.19
11 19 6 4 18
0.05 0.34 0.16 0.43 0.01
17 12 19 2 11
0.06 0.27 0.39 0.22 0.06
1 7 13 19 11
0.09 0.12 0.03 0.66 0.1
13 7 16 11 0
0.04 0.15 0.15 0.13 0.52
6 2 0 12 7
0.18 0.23 0.24 0.28 0.07
18 3 11 19 1
0.02 0.25 0.08 0.56 0.08
12 0 6 18 8
0.29 0.25 0.19 0.02 0.25
18 3 10 17 2
0.03 0.28 0.25 0.09 0.36
13 3 15 7 18
0.04 0.38 0.38 0.15 0.04
18 16 17 8 0
0.03 0.11 0.09 0.38 0.39
5 13 9 16 6
0.11 0.04 0.32 0.15 0.38
10 12 4 1 8
0.13 0.23 0.41 0.04 0.19
16 3 19 1 18
0.1 0.25 0.55 0.08 0.02
6 18 12 14 7
0.19 0.02 0.28 0.43 0.07
18 2 17 12 1
0.03 0.36 0.09 0.44 0.09
4 16 15 12 18
0.48 0.07 0.17 0.27 0.02
10 17 13 19 9
0.2 0.07 0.03 0.51 0.2
8 14 11 17 6
0.25 0.44 0.06 0.06 0.19
1 0 14 2 4
0.04 0.17 0.29 0.16 0.34
7 9 14 10 18
0.09 0.19 0.52 0.19 0.02
7 18 13 2 0
0.12 0.03 0.04 0.39 0.42
8 13 3 9 11
0.37 0.03 0.27 0.24 0.09
7 13 1 11 2
0.17 0.05 0.13 0.14 0.52
12 10 5 7 9
0.39 0.22 0.08 0.1 0.22
9 18 6 15 7
0.25 0.03 0.3 0.3 0.12
13 6 14 0 11
0.02 0.2 0.45 0.26 0.06
6 12 9 16 0
0.2 0.3 0.16 0.08 0.26
17 19 2 16 9
0.06 0.44 0.25 0.08 0.17
1 17 11 7 0
0.11 0.12 0.12 0.15 0.5
2 15 3 13 16
0.33 0.27 0.26 0.03 0.11
13 11 4 10 1
0.03 0.08 0.63 0.2 0.07
3 4 14 17 18
0.15 0.42 0.36 0.05 0.01
5 14 12 11 4
0.04 0.32 0.21 0.05 0.38
16 11 10 15 3
0.11 0.09 0.24 0.28 0.28
15 3 8 10 7
0.22 0.22 0.29 0.19 0.09
