#Number of options
20

#Assortments data
1 19 11 16 15
0.13 0.35 0.02 0.04 0.45
16 17 5 11 0
0.14 0.36 0.2 0.08 0.22
10 11 8 12 14
0.07 0.03 0.37 0.19 0.34
8 14 17 5 1
0.35 0.33 0.12 0.07 0.14
17 12 16 1 0
0.21 0.33 0.08 0.24 0.13
10 18 17 13 16
0.22 0.04 0.39 0.2 0.15
18 14 17 19 11
0.01 0.38 0.14 0.43 0.03
10 4 16 17 11
0.16 0.4 0.11 0.27 0.06
11 2 6 8 0
0.01 0.07 0.7 0.18 0.04
12 18 8 11 0
0.29 0.02 0.54 0.04 0.12
2 16 11 5 15
0.18 0.06 0.03 0.09 0.64
14 2 15 10 17
0.29 0.12 0.42 0.06 0.11
12 10 11 15 16
0.23 0.09 0.03 0.59 0.06
12 7 17 5 18
0.45 0.07 0.29 0.16 0.03
1 11 9 18 14
0.18 0.03 0.35 0.01 0.42
16 10 14 19 9
0.04 0.06 0.3 0.34 0.25
13 12 2 0 11
0.13 0.38 0.28 0.15 0.05
1 5 6 9 18
0.07 0.04 0.74 0.15 0.01
18 2 11 3 14
0.02 0.22 0.04 0.17 0.55
5 14 8 17 9
0.06 0.29 0.31 0.11 0.24
19 18 16 5 2
0.59 0.02 0.07 0.1 0.22
9 6 10 5 17
0.14 0.72 0.04 0.03 0.06
14 8 10 12 18
0.35 0.37 0.07 0.2 0.01
10 6 12 8 16
0.03 0.68 0.09 0.17 0.02
18 16 10 2 13
0.04 0.14 0.21 0.41 0.19
12 13 3 17 1
0.3 0.1 0.17 0.2 0.23
5 8 3 10 7
0.11 0.57 0.16 0.11 0.04
18 6 1 11 14
0.01 0.73 0.07 0.01 0.18
13 11 3 14 5
0.11 0.04 0.17 0.56 0.11
15 14 18 5 12
0.45 0.31 0.01 0.06 0.17
3 5 0 4 18
0.23 0.15 0.17 0.41 0.03
17 8 12 13 15
0.1 0.29 0.15 0.05 0.4
3 10 7 0 15
0.13 0.09 0.04 0.1 0.64
17 5 8 10 9
0.14 0.07 0.4 0.08 0.31
9 7 14 19 12
0.23 0.02 0.28 0.31 0.16
1 12 2 19 7
0.16 0.22 0.16 0.43 0.03
11 17 9 4 18
0.04 0.2 0.45 0.29 0.02
9 2 13 11 10
0.48 0.24 0.11 0.05 0.12
14 6 11 2 3
0.17 0.7 0.01 0.07 0.05
3 12 4 11 8
0.12 0.22 0.21 0.03 0.42
3 9 12 2 15
0.09 0.23 0.16 0.11 0.41
13 19 4 3 2
0.08 0.44 0.21 0.12 0.16
19 4 0 6 15
0.15 0.07 0.03 0.56 0.19
16 18 9 4 0
0.08 0.02 0.47 0.3 0.13
11 2 4 14 13
0.04 0.18 0.24 0.45 0.09
5 13 0 15 17
0.08 0.08 0.09 0.59 0.15
9 7 13 17 19
0.32 0.03 0.07 0.14 0.43
11 16 15 5 6
0.01 0.02 0.24 0.03 0.69
0 19 6 2 10
0.04 0.18 0.68 0.07 0.03
6 11 7 1 2
0.81 0.02 0.02 0.08 0.08
3 2 7 19 15
0.09 0.12 0.02 0.33 0.43
10 19 9 2 17
0.07 0.38 0.28 0.14 0.12
17 16 1 19 15
0.1 0.04 0.12 0.32 0.41
5 1 0 15 9
0.06 0.13 0.07 0.46 0.27
11 15 17 5 6
0.01 0.23 0.06 0.03 0.67
6 4 14 10 2
0.66 0.08 0.16 0.03 0.06
19 11 4 2 1
0.44 0.03 0.21 0.16 0.16
17 6 2 14 4
0.06 0.64 0.06 0.15 0.08
4 12 3 5 19
0.2 0.21 0.11 0.07 0.41
0 7 13 4 19
0.11 0.04 0.09 0.25 0.52
11 17 13 18 4
0.07 0.3 0.16 0.03 0.44
13 3 18 11 0
0.23 0.36 0.04 0.09 0.27
1 3 18 8 15
0.13 0.09 0.01 0.33 0.44
5 12 13 3 15
0.07 0.21 0.07 0.11 0.53
12 7 11 9 3
0.3 0.04 0.04 0.45 0.16
10 19 3 6 9
0.03 0.17 0.05 0.63 0.13
9 12 1 2 8
0.25 0.17 0.13 0.12 0.32
4 14 1 8 12
0.15 0.28 0.12 0.3 0.16
2 17 7 11 14
0.21 0.19 0.04 0.04 0.52
7 5 18 8 3
0.05 0.12 0.02 0.63 0.18
15 4 6 13 10
0.22 0.08 0.64 0.03 0.03
19 7 18 11 17
0.67 0.05 0.02 0.05 0.22
0 11 10 13 7
0.29 0.1 0.27 0.24 0.1
4 6 1 5 0
0.1 0.75 0.08 0.04 0.04
14 7 11 15 4
0.32 0.03 0.03 0.46 0.17
5 18 7 1 8
0.11 0.02 0.05 0.23 0.59
2 14 12 13 16
0.18 0.43 0.24 0.08 0.06
6 3 1 13 12
0.74 0.05 0.07 0.03 0.1
6 13 1 16 2
0.78 0.04 0.08 0.03 0.08
9 0 8 5 7
0.35 0.09 0.44 0.08 0.03
10 18 5 13 3
0.23 0.04 0.21 0.2 0.32
9 10 14 12 19
0.22 0.06 0.27 0.15 0.3
5 6 14 18 4
0.03 0.7 0.17 0.01 0.09
6 13 3 18 9
0.75 0.03 0.06 0.01 0.15
6 7 14 9 1
0.64 0.01 0.15 0.13 0.06
0 6 9 15 10
0.03 0.6 0.12 0.21 0.03
12 3 15 4 19
0.14 0.08 0.36 0.13 0.28
17 12 7 11 1
0.24 0.37 0.05 0.05 0.28
12 6 3 17 10
0.1 0.74 0.05 0.07 0.04
14 18 13 2 3
0.51 0.02 0.1 0.21 0.16
13 15 19 5 7
0.06 0.48 0.37 0.07 0.03
0 7 16 1 3
0.19 0.07 0.12 0.36 0.26
11 6 13 0 7
0.02 0.88 0.04 0.05 0.02
9 1 15 4 17
0.23 0.12 0.4 0.15 0.1
0 3 18 2 19
0.11 0.15 0.02 0.2 0.53
2 4 13 8 11
0.18 0.23 0.08 0.47 0.03
10 12 17 4 2
0.1 0.27 0.18 0.26 0.2
12 5 11 18 15
0.24 0.09 0.03 0.02 0.62
0 12 3 6 19
0.04 0.09 0.05 0.65 0.18
13 7 1 18 10
0.2 0.09 0.45 0.04 0.23
9 8 11 1 4
0.28 0.36 0.03 0.14 0.18
3 18 2 13 16
0.28 0.03 0.38 0.18 0.13
1 12 0 19 11
0.17 0.23 0.09 0.46 0.03
13 7 12 16 11
0.18 0.08 0.53 0.13 0.07
9 7 11 13 8
0.37 0.04 0.03 0.09 0.47
16 18 5 7 0
0.21 0.05 0.29 0.12 0.33
5 14 9 17 11
0.08 0.4 0.34 0.15 0.03
1 5 0 8 16
0.2 0.1 0.11 0.52 0.07
11 17 6 5 3
0.02 0.07 0.81 0.04 0.06
6 15 5 1 0
0.64 0.22 0.03 0.06 0.04
3 6 2 17 12
0.05 0.72 0.07 0.06 0.1
4 15 12 19 14
0.11 0.31 0.12 0.24 0.21
0 15 4 5 14
0.07 0.42 0.16 0.06 0.29
19 4 15 17 13
0.31 0.15 0.4 0.1 0.05
4 1 6 17 11
0.1 0.08 0.75 0.07 0.01
4 15 2 18 3
0.2 0.53 0.15 0.01 0.11
1 17 4 7 13
0.26 0.23 0.34 0.05 0.12
12 9 3 2 16
0.25 0.37 0.14 0.18 0.06
10 6 15 16 11
0.04 0.69 0.24 0.02 0.01
19 6 17 9 15
0.14 0.53 0.05 0.11 0.18
3 17 18 19 11
0.16 0.19 0.02 0.59 0.04
13 16 18 8 14
0.08 0.06 0.01 0.44 0.41
15 11 19 3 1
0.43 0.02 0.33 0.09 0.12
12 13 7 14 3
0.26 0.09 0.04 0.47 0.14
0 2 18 11 3
0.22 0.39 0.03 0.07 0.29
11 19 4 8 16
0.03 0.38 0.18 0.36 0.05
9 3 7 15 8
0.22 0.08 0.02 0.39 0.29
10 7 13 17 12
0.15 0.06 0.14 0.26 0.4
1 19 16 12 18
0.18 0.49 0.06 0.25 0.02
16 13 7 4 11
0.14 0.19 0.08 0.52 0.08
14 17 4 10 0
0.43 0.16 0.23 0.09 0.1
2 19 14 6 0
0.06 0.16 0.14 0.6 0.03
13 14 7 17 2
0.09 0.49 0.04 0.18 0.2
4 12 14 1 6
0.08 0.08 0.15 0.06 0.62
3 16 13 19 12
0.13 0.06 0.08 0.48 0.24
10 1 2 17 4
0.11 0.22 0.21 0.19 0.28
9 5 4 18 14
0.32 0.08 0.21 0.01 0.38
8 4 2 17 5
0.41 0.21 0.16 0.14 0.08
4 1 0 3 6
0.09 0.07 0.04 0.05 0.74
10 17 7 11 1
0.18 0.32 0.07 0.07 0.36
6 16 3 4 8
0.67 0.02 0.05 0.09 0.17
18 9 14 10 15
0.01 0.24 0.28 0.06 0.41
14 8 13 3 2
0.34 0.36 0.06 0.1 0.14
12 9 19 13 3
0.19 0.28 0.37 0.06 0.1
17 12 8 18 11
0.17 0.27 0.51 0.02 0.04
1 6 16 3 12
0.07 0.74 0.03 0.05 0.1
14 7 5 13 1
0.53 0.04 0.11 0.1 0.22
5 0 19 2 16
0.1 0.11 0.53 0.2 0.07
18 13 15 19 6
0.01 0.03 0.21 0.16 0.6
15 1 18 14 4
0.42 0.12 0.01 0.29 0.16
4 16 12 11 10
0.35 0.09 0.37 0.05 0.14
7 15 8 16 14
0.02 0.39 0.29 0.04 0.27
12 10 2 11 15
0.21 0.08 0.15 0.03 0.53
12 1 19 15 0
0.15 0.11 0.3 0.38 0.06
3 5 16 4 18
0.25 0.16 0.12 0.44 0.03
6 19 4 11 7
0.7 0.19 0.09 0.01 0.01
13 12 8 16 15
0.06 0.16 0.31 0.04 0.42
13 7 18 5 4
0.18 0.08 0.03 0.19 0.51
5 18 1 7 8
0.11 0.02 0.23 0.05 0.59
1 5 15 14 7
0.13 0.06 0.46 0.32 0.03
8 5 15 1 10
0.32 0.06 0.43 0.13 0.06
1 9 8 4 5
0.14 0.27 0.35 0.17 0.07
5 2 16 8 7
0.1 0.22 0.07 0.56 0.04
11 16 6 19 2
0.01 0.02 0.7 0.19 0.07
12 10 5 11 18
0.52 0.2 0.18 0.07 0.03
9 8 1 17 11
0.3 0.39 0.15 0.13 0.03
11 17 6 7 2
0.02 0.07 0.82 0.02 0.08
5 12 9 10 2
0.09 0.25 0.38 0.1 0.18
19 11 14 8 7
0.33 0.02 0.3 0.32 0.02
9 3 14 17 1
0.29 0.1 0.34 0.13 0.14
16 12 17 19 8
0.04 0.17 0.11 0.34 0.33
1 2 9 7 0
0.21 0.21 0.42 0.04 0.12
3 0 6 5 1
0.06 0.04 0.78 0.04 0.08
6 3 1 15 2
0.62 0.05 0.06 0.21 0.06
10 2 14 8 5
0.07 0.14 0.35 0.37 0.07
6 12 17 19 0
0.65 0.09 0.06 0.17 0.04
12 8 15 1 18
0.16 0.3 0.41 0.12 0.01
18 4 7 11 9
0.02 0.34 0.05 0.05 0.53
12 13 17 3 0
0.34 0.12 0.22 0.19 0.14
0 11 19 17 9
0.09 0.03 0.43 0.14 0.32
6 12 1 0 5
0.75 0.1 0.08 0.04 0.04
12 8 11 14 4
0.17 0.33 0.02 0.31 0.16
9 18 1 5 7
0.53 0.02 0.27 0.13 0.05
7 0 18 2 3
0.08 0.21 0.03 0.39 0.29
18 3 2 14 17
0.02 0.14 0.19 0.47 0.17
10 4 11 14 2
0.1 0.24 0.04 0.45 0.18
9 8 16 1 7
0.33 0.42 0.06 0.16 0.03
15 6 9 2 0
0.2 0.59 0.12 0.06 0.03
16 11 12 3 1
0.09 0.05 0.37 0.2 0.28
8 18 12 17 10
0.48 0.02 0.25 0.16 0.09
9 7 4 0 13
0.45 0.04 0.29 0.12 0.1
2 10 0 4 8
0.17 0.09 0.09 0.22 0.44
4 18 11 16 1
0.44 0.03 0.07 0.12 0.35
10 13 17 3 5
0.17 0.15 0.29 0.24 0.16
16 10 0 15 4
0.06 0.08 0.09 0.56 0.21
13 8 17 19 7
0.07 0.38 0.13 0.4 0.03
16 15 14 11 5
0.05 0.5 0.35 0.03 0.07
9 2 13 12 16
0.39 0.19 0.09 0.26 0.07
6 15 14 2 3
0.57 0.2 0.14 0.06 0.04
6 16 2 5 9
0.72 0.02 0.07 0.03 0.15
