#Number of options
20

#Assortments data
4 10 13 15 14
0.37 0.41 0.04 0.08 0.11
8 16 11 0 19
0.1 0.23 0.15 0.4 0.12
14 7 18 6 11
0.22 0.37 0.09 0.07 0.25
7 0 9 18 14
0.24 0.44 0.11 0.06 0.15
18 11 1 2 9
0.08 0.21 0.09 0.47 0.15
12 11 0 1 15
0.19 0.17 0.45 0.08 0.11
15 8 0 6 12
0.12 0.12 0.5 0.06 0.2
3 18 13 10 8
0.41 0.04 0.04 0.42 0.08
1 19 13 2 17
0.11 0.2 0.08 0.54 0.06
12 11 13 17 18
0.36 0.33 0.11 0.08 0.12
5 2 9 4 12
0.2 0.25 0.08 0.35 0.12
9 12 5 7 4
0.08 0.13 0.22 0.18 0.38
4 11 8 3 0
0.29 0.09 0.06 0.31 0.24
9 6 7 2 5
0.11 0.05 0.23 0.34 0.28
3 11 4 16 7
0.32 0.09 0.3 0.15 0.14
2 17 16 4 19
0.28 0.03 0.2 0.39 0.1
11 1 12 2 14
0.18 0.08 0.19 0.39 0.16
3 8 10 16 1
0.36 0.07 0.37 0.16 0.05
4 9 16 11 0
0.35 0.08 0.17 0.11 0.29
19 11 9 6 15
0.24 0.29 0.2 0.09 0.19
6 19 7 3 10
0.03 0.09 0.16 0.36 0.37
4 1 13 19 5
0.48 0.07 0.05 0.13 0.27
2 17 13 4 14
0.32 0.04 0.05 0.46 0.13
10 17 9 0 11
0.43 0.03 0.09 0.33 0.12
4 1 0 10 7
0.28 0.04 0.24 0.31 0.13
6 19 14 4 7
0.05 0.12 0.14 0.47 0.22
13 17 16 9 12
0.09 0.06 0.4 0.18 0.28
12 14 2 0 13
0.15 0.13 0.3 0.37 0.05
6 19 15 5 1
0.07 0.21 0.17 0.44 0.11
0 6 8 7 9
0.46 0.05 0.11 0.26 0.12
2 19 3 7 18
0.26 0.1 0.41 0.18 0.04
11 0 9 18 14
0.18 0.47 0.12 0.06 0.16
10 14 11 16 4
0.35 0.09 0.1 0.15 0.31
11 3 1 14 5
0.13 0.45 0.06 0.12 0.24
13 4 3 2 16
0.03 0.3 0.32 0.21 0.15
14 10 8 9 13
0.15 0.58 0.11 0.11 0.06
1 15 0 12 18
0.08 0.13 0.51 0.21 0.07
16 4 9 2 0
0.15 0.31 0.07 0.21 0.26
14 17 2 1 11
0.19 0.05 0.46 0.09 0.21
10 15 1 4 14
0.41 0.08 0.05 0.36 0.1
12 1 4 9 13
0.19 0.08 0.55 0.12 0.06
15 13 4 12 19
0.11 0.06 0.52 0.18 0.14
5 6 12 14 4
0.25 0.04 0.15 0.12 0.44
19 18 10 14 9
0.13 0.06 0.56 0.14 0.11
8 5 4 15 0
0.07 0.2 0.35 0.08 0.3
1 5 3 10 17
0.05 0.19 0.36 0.37 0.03
19 2 1 15 10
0.11 0.29 0.06 0.09 0.46
1 5 2 14 4
0.05 0.21 0.26 0.11 0.37
9 4 16 13 2
0.09 0.4 0.2 0.04 0.28
7 0 1 4 15
0.18 0.32 0.05 0.37 0.08
