#Number of options
20

#Assortments data
0 12 2 10 11
0.21 0.16 0.25 0.29 0.09
2 19 6 10 14
0.3 0.19 0.06 0.34 0.12
14 2 0 8 15
0.14 0.32 0.27 0.08 0.19
5 11 12 7 8
0.18 0.05 0.09 0.65 0.03
3 4 13 17 14
0.51 0.11 0.16 0.11 0.11
1 18 7 14 0
0.09 0.65 0.21 0.02 0.04
18 19 4 16 15
0.8 0.04 0.02 0.11 0.03
12 5 8 11 17
0.22 0.43 0.08 0.13 0.15
4 16 18 9 0
0.02 0.1 0.78 0.05 0.05
6 14 17 3 15
0.05 0.12 0.12 0.55 0.16
11 10 14 4 2
0.11 0.34 0.12 0.13 0.3
12 6 14 11 18
0.04 0.01 0.03 0.02 0.9
18 0 13 4 1
0.79 0.05 0.04 0.02 0.11
13 19 10 4 2
0.17 0.16 0.3 0.11 0.26
4 16 19 17 12
0.11 0.47 0.16 0.11 0.16
12 15 17 5 14
0.19 0.18 0.13 0.38 0.13
16 8 9 7 17
0.24 0.03 0.11 0.57 0.05
9 18 12 13 7
0.04 0.68 0.03 0.03 0.22
2 12 1 3 18
0.05 0.03 0.1 0.1 0.72
10 19 18 16 14
0.06 0.03 0.78 0.1 0.02
